################################################################################
# Neural network connection values (weights and biases).
################################################################################
# Col  Name       Description
################################################################################
# 1    connection Neural network connection value.
# 2    t          Connection type (a = weight, b = bias).
# 3    index      Index enumerating weights.
# 4    l_s        Starting point layer (end point layer for biases).
# 5    n_s        Starting point neuron in starting layer (end point neuron for biases).
# 6    l_e        End point layer.
# 7    n_e        End point neuron in end layer.
################################################################################
#                      1 2         3     4     5     6     7
#             connection t     index   l_s   n_s   l_e   n_e
############################################################
  9.2167172324771818E-01 a         1     0     1     1     1
 -7.3761497085562517E+00 a         2     0     1     1     2
  1.1127282913615522E+00 a         3     0     1     1     3
 -2.4094364164935527E+01 a         4     0     1     1     4
  1.9103539628018809E+00 a         5     0     1     1     5
 -5.7653210148774967E+00 a         6     0     1     1     6
  7.3896026849525027E+00 a         7     0     1     1     7
 -8.9213391406127176E+00 a         8     0     1     1     8
 -4.0363734989605896E-02 a         9     0     1     1     9
 -1.5171556083137716E+01 a        10     0     1     1    10
  6.6401350637616989E+00 a        11     0     1     1    11
  1.0126536115567911E+01 a        12     0     1     1    12
 -9.6931479678689154E+00 a        13     0     1     1    13
  4.8330689152905366E+00 a        14     0     1     1    14
 -6.8861900140476848E+00 a        15     0     1     1    15
  6.8596301963562079E+00 a        16     0     1     1    16
  4.3381497633208497E+00 a        17     0     1     1    17
 -4.9120077799499740E-01 a        18     0     1     1    18
  7.9576995637313850E+00 a        19     0     1     1    19
  4.0298121933325435E+00 a        20     0     1     1    20
  1.0428416239698983E+01 a        21     0     1     1    21
  7.8708117145760434E+00 a        22     0     1     1    22
  4.8220699175316968E+00 a        23     0     1     1    23
  7.7457693986107023E-01 a        24     0     1     1    24
  2.3342413143954763E+00 a        25     0     1     1    25
 -3.2538137265621776E+00 a        26     0     2     1     1
 -2.2368418504430196E+01 a        27     0     2     1     2
 -1.4902218793761694E+01 a        28     0     2     1     3
  1.7346801182368282E+01 a        29     0     2     1     4
 -1.5031080262438339E+01 a        30     0     2     1     5
  2.2834891609570609E+00 a        31     0     2     1     6
  3.6976917936861886E+00 a        32     0     2     1     7
  1.4240241008951617E+01 a        33     0     2     1     8
 -4.6695922895231528E+00 a        34     0     2     1     9
  2.8295131283563531E+01 a        35     0     2     1    10
 -1.8152856406645157E+01 a        36     0     2     1    11
  2.0805619014170604E+00 a        37     0     2     1    12
  2.3024618603669769E+01 a        38     0     2     1    13
 -6.6447740608626953E+00 a        39     0     2     1    14
 -1.3008116464741500E+01 a        40     0     2     1    15
  7.7084046994542310E-01 a        41     0     2     1    16
  5.3422829258266207E+00 a        42     0     2     1    17
  8.4920396026199771E+00 a        43     0     2     1    18
 -6.9020806908749659E+00 a        44     0     2     1    19
 -9.7458664564693649E+00 a        45     0     2     1    20
 -1.8372572764269130E+01 a        46     0     2     1    21
 -1.5074765575194009E+01 a        47     0     2     1    22
 -1.5339323021876286E+01 a        48     0     2     1    23
  8.5044192289215665E+00 a        49     0     2     1    24
 -1.1322856659233784E+01 a        50     0     2     1    25
 -1.3984048761341346E+00 a        51     0     3     1     1
  1.6062104859429461E+01 a        52     0     3     1     2
  8.1140685002503385E+00 a        53     0     3     1     3
  2.9278025209063877E+01 a        54     0     3     1     4
  1.1111159542437983E+01 a        55     0     3     1     5
  1.1386547166876239E+01 a        56     0     3     1     6
 -1.2177841532159077E+01 a        57     0     3     1     7
  7.3935892846619016E+00 a        58     0     3     1     8
  3.3146704685015647E+00 a        59     0     3     1     9
  9.7089581111797365E+00 a        60     0     3     1    10
 -4.0990552767881366E-01 a        61     0     3     1    11
 -1.6465133616978964E+01 a        62     0     3     1    12
 -8.3312797609580902E-01 a        63     0     3     1    13
 -5.5865234837877846E+00 a        64     0     3     1    14
  2.1441416321679672E+01 a        65     0     3     1    15
 -1.0527461442756088E+01 a        66     0     3     1    16
 -4.7978997202588527E+00 a        67     0     3     1    17
 -4.3039981427907392E+00 a        68     0     3     1    18
 -1.1044615200469110E+01 a        69     0     3     1    19
  6.5683425261827093E+00 a        70     0     3     1    20
 -1.6128032904540706E+01 a        71     0     3     1    21
 -1.4549423531408312E+00 a        72     0     3     1    22
 -7.1064937590769537E+00 a        73     0     3     1    23
 -3.3778023622920497E+00 a        74     0     3     1    24
 -2.6745884316939144E+00 a        75     0     3     1    25
  5.0181477474341110E+00 a        76     0     4     1     1
  4.0168524838235534E+01 a        77     0     4     1     2
  1.1218525821044107E+01 a        78     0     4     1     3
 -2.3199996385495258E+01 a        79     0     4     1     4
  1.3049529406281522E+01 a        80     0     4     1     5
 -1.3765709914389046E-01 a        81     0     4     1     6
 -1.0511687235327122E+01 a        82     0     4     1     7
 -4.9026960835089097E+00 a        83     0     4     1     8
  8.8609979744568914E+00 a        84     0     4     1     9
 -3.9474931463862987E+01 a        85     0     4     1    10
  2.3871451254548134E+01 a        86     0     4     1    11
 -6.1844931960845226E+00 a        87     0     4     1    12
 -2.4307305547664885E+01 a        88     0     4     1    13
  8.3171334140705895E+00 a        89     0     4     1    14
  2.0848341791762657E+01 a        90     0     4     1    15
  3.3768463211951025E+00 a        91     0     4     1    16
 -1.9265409328061118E+01 a        92     0     4     1    17
 -6.6185083737826229E+00 a        93     0     4     1    18
  1.0951118318066221E+01 a        94     0     4     1    19
  5.4183364330077710E+00 a        95     0     4     1    20
  3.2195891119082710E+01 a        96     0     4     1    21
  1.2671691734851025E+01 a        97     0     4     1    22
  2.2945237255231795E+01 a        98     0     4     1    23
 -1.4152109140026081E+01 a        99     0     4     1    24
  2.6367238550015752E+01 a       100     0     4     1    25
  1.2907524380289972E+00 a       101     0     5     1     1
 -1.1580648783511656E+01 a       102     0     5     1     2
 -1.3470084953403681E+01 a       103     0     5     1     3
  4.2504046956268819E+00 a       104     0     5     1     4
 -1.7914370669297863E+01 a       105     0     5     1     5
 -7.9540473278629200E+00 a       106     0     5     1     6
  1.7234620226717851E+01 a       107     0     5     1     7
 -1.5372628742804713E+01 a       108     0     5     1     8
 -8.4095450817966508E+00 a       109     0     5     1     9
  2.3804602037876177E+00 a       110     0     5     1    10
 -1.2460870648187109E+01 a       111     0     5     1    11
  1.2984321224930383E+01 a       112     0     5     1    12
  1.0066753316870466E+01 a       113     0     5     1    13
  5.2723115907952582E+00 a       114     0     5     1    14
 -2.1034904017215201E+01 a       115     0     5     1    15
  1.3964255841770171E+01 a       116     0     5     1    16
  2.6892061846574316E+00 a       117     0     5     1    17
 -2.5968312565790788E+00 a       118     0     5     1    18
  1.1962275919521622E+01 a       119     0     5     1    19
 -8.5554107594895861E+00 a       120     0     5     1    20
  5.0914224660689733E+00 a       121     0     5     1    21
 -1.1619749750105980E+01 a       122     0     5     1    22
 -1.9044220505505158E+00 a       123     0     5     1    23
  4.7044520795769279E-01 a       124     0     5     1    24
  2.8251616088853093E+00 a       125     0     5     1    25
 -5.7844186734998571E-01 a       126     0     6     1     1
 -2.7381018284281158E+01 a       127     0     6     1     2
  1.8170913367655189E+01 a       128     0     6     1     3
  4.4228695582696833E+00 a       129     0     6     1     4
 -6.1738945287816644E+00 a       130     0     6     1     5
 -2.2156157045319734E+01 a       131     0     6     1     6
 -1.2585361294203880E+01 a       132     0     6     1     7
 -1.3859290581142810E+01 a       133     0     6     1     8
 -6.6582762865897562E+00 a       134     0     6     1     9
  2.4539810499728080E+01 a       135     0     6     1    10
 -9.0352072170648707E+00 a       136     0     6     1    11
  2.5738916684547046E+00 a       137     0     6     1    12
  3.1775939075132928E+00 a       138     0     6     1    13
 -5.5646649979299383E+00 a       139     0     6     1    14
 -1.8512470350592459E+01 a       140     0     6     1    15
 -6.0084052094407534E+00 a       141     0     6     1    16
  2.1288653170153665E+01 a       142     0     6     1    17
  9.5528647598126293E-02 a       143     0     6     1    18
 -5.7269196078106543E-01 a       144     0     6     1    19
  6.6226933037807756E+00 a       145     0     6     1    20
 -2.0188127687261993E+01 a       146     0     6     1    21
  1.6615586962676947E+01 a       147     0     6     1    22
 -9.8187001199147783E+00 a       148     0     6     1    23
  2.5754422628597262E+00 a       149     0     6     1    24
 -2.6697828318950116E+01 a       150     0     6     1    25
  4.4847974585439065E-01 a       151     0     7     1     1
  3.1812227530416464E+00 a       152     0     7     1     2
  3.3190371295817140E+00 a       153     0     7     1     3
 -1.7287306517540635E+01 a       154     0     7     1     4
  1.5638192457205612E+01 a       155     0     7     1     5
  2.4148195929097040E+00 a       156     0     7     1     6
 -7.9288541619180286E+00 a       157     0     7     1     7
  1.8108158544873181E+01 a       158     0     7     1     8
  1.0162356530825209E+01 a       159     0     7     1     9
 -6.3472472551503829E+00 a       160     0     7     1    10
  1.3371077767138230E+01 a       161     0     7     1    11
 -3.4778604790202596E+00 a       162     0     7     1    12
 -2.6827624147335865E+00 a       163     0     7     1    13
 -1.1943254398486391E+00 a       164     0     7     1    14
  1.3185497856290963E+01 a       165     0     7     1    15
 -1.5141179103230591E+01 a       166     0     7     1    16
  1.3039368212268220E+01 a       167     0     7     1    17
  5.3788473910949444E+00 a       168     0     7     1    18
 -1.4865655530642535E+01 a       169     0     7     1    19
 -5.6093930951271354E+00 a       170     0     7     1    20
  7.3739352850080186E-01 a       171     0     7     1    21
  1.1012201814053331E+01 a       172     0     7     1    22
  8.4048946745276620E-01 a       173     0     7     1    23
  8.9337647455018505E+00 a       174     0     7     1    24
  4.4758497896146281E+00 a       175     0     7     1    25
 -1.4847626644334962E+01 a       176     0     8     1     1
 -3.0913923685744527E+00 a       177     0     8     1     2
 -3.1199430703360701E+01 a       178     0     8     1     3
 -1.7983318477670203E+01 a       179     0     8     1     4
 -7.2277702080351391E-01 a       180     0     8     1     5
  3.7409556471589077E+01 a       181     0     8     1     6
  5.9717957586926476E+00 a       182     0     8     1     7
  2.0345526281138852E+01 a       183     0     8     1     8
  1.8581936115223041E+01 a       184     0     8     1     9
 -5.4787742284920817E+00 a       185     0     8     1    10
  3.9572000487260359E+00 a       186     0     8     1    11
 -9.1198870827784051E-01 a       187     0     8     1    12
  3.9489917748327734E+00 a       188     0     8     1    13
 -3.9317483888073284E+00 a       189     0     8     1    14
  1.7054779753276687E+01 a       190     0     8     1    15
 -2.1092642741997455E+01 a       191     0     8     1    16
 -8.6520990656648742E+00 a       192     0     8     1    17
 -1.0749853045257955E+01 a       193     0     8     1    18
 -6.4432307608779240E+00 a       194     0     8     1    19
  1.1333540167219631E+01 a       195     0     8     1    20
 -1.7599376356272427E+00 a       196     0     8     1    21
 -6.7364308689475410E+00 a       197     0     8     1    22
  8.3375296032078765E+00 a       198     0     8     1    23
  1.3666967801594080E+01 a       199     0     8     1    24
  2.7205255297328890E+00 a       200     0     8     1    25
 -9.5491644321074354E-01 a       201     0     9     1     1
  5.4970567506296728E+00 a       202     0     9     1     2
 -5.4436081339286391E+00 a       203     0     9     1     3
  1.4228404450748396E+01 a       204     0     9     1     4
  1.7858439428042319E+00 a       205     0     9     1     5
  2.2415097871212115E+00 a       206     0     9     1     6
 -1.7936994721344388E+00 a       207     0     9     1     7
 -1.5276055410218071E+01 a       208     0     9     1     8
 -1.5914639844274596E+00 a       209     0     9     1     9
  1.2457254092830756E+00 a       210     0     9     1    10
 -9.9434107071213038E+00 a       211     0     9     1    11
  2.3050921687728785E+00 a       212     0     9     1    12
 -2.3253686917818515E+00 a       213     0     9     1    13
  3.3107494331101117E+00 a       214     0     9     1    14
 -4.1371944225459476E+00 a       215     0     9     1    15
  9.2418647824356128E+00 a       216     0     9     1    16
 -5.0712547493501710E+00 a       217     0     9     1    17
  4.3474097729660208E+00 a       218     0     9     1    18
  1.1598091895043712E+01 a       219     0     9     1    19
  2.6438384042540988E+00 a       220     0     9     1    20
 -5.0251428515140739E-01 a       221     0     9     1    21
 -7.2625365152923456E+00 a       222     0     9     1    22
 -4.1056019391850969E+00 a       223     0     9     1    23
 -4.6561015094800000E+00 a       224     0     9     1    24
  1.2270966728060234E-01 a       225     0     9     1    25
  2.7820212673874867E+00 a       226     0    10     1     1
  6.9939835656056841E+00 a       227     0    10     1     2
  4.7863122154848119E+00 a       228     0    10     1     3
  1.1216413577989551E+01 a       229     0    10     1     4
  1.1001906797025656E+00 a       230     0    10     1     5
 -8.9558504801639845E-03 a       231     0    10     1     6
  7.6788435897613088E+00 a       232     0    10     1     7
 -9.5409337096470404E-01 a       233     0    10     1     8
 -8.9681095564287805E+00 a       234     0    10     1     9
 -1.4822636610157995E+00 a       235     0    10     1    10
 -4.6767689351626460E+00 a       236     0    10     1    11
  5.5196508747130739E+00 a       237     0    10     1    12
 -1.6092850986296916E+00 a       238     0    10     1    13
  2.4940575088729635E+00 a       239     0    10     1    14
  1.7971373345437625E-02 a       240     0    10     1    15
  1.1823503210674271E+01 a       241     0    10     1    16
  2.4538026852228794E+00 a       242     0    10     1    17
  6.3876336397548394E+00 a       243     0    10     1    18
  1.6998181911415198E+00 a       244     0    10     1    19
 -4.0158852495068436E+00 a       245     0    10     1    20
  2.5808770553088554E+00 a       246     0    10     1    21
 -1.1913837081497087E+01 a       247     0    10     1    22
 -3.2495583432607771E+00 a       248     0    10     1    23
 -4.0258899867811966E+00 a       249     0    10     1    24
  6.3241637753121349E+00 a       250     0    10     1    25
  9.2945614836353541E-01 a       251     0    11     1     1
  9.0417567737639082E-01 a       252     0    11     1     2
  1.2042219646888472E+00 a       253     0    11     1     3
 -6.5641124661492825E+00 a       254     0    11     1     4
 -3.3251516528215666E+00 a       255     0    11     1     5
 -1.9536078289145031E-01 a       256     0    11     1     6
  5.7092146222278817E-01 a       257     0    11     1     7
  5.7431862039127006E+00 a       258     0    11     1     8
  1.7771535219618699E+00 a       259     0    11     1     9
 -3.0378153535883863E+00 a       260     0    11     1    10
  8.0098681246795156E+00 a       261     0    11     1    11
 -3.6200416663135893E+00 a       262     0    11     1    12
  4.8841887384774250E+00 a       263     0    11     1    13
 -1.9616450512529604E+00 a       264     0    11     1    14
  1.5826607120850535E+00 a       265     0    11     1    15
 -7.0783604930357380E-01 a       266     0    11     1    16
 -4.9034649822310247E-02 a       267     0    11     1    17
 -1.5188808407658643E+00 a       268     0    11     1    18
 -3.7196547406333078E+00 a       269     0    11     1    19
 -1.0224613241456726E+00 a       270     0    11     1    20
 -3.4354425668534008E+00 a       271     0    11     1    21
 -6.9202866838565857E-01 a       272     0    11     1    22
  2.8351514708671255E+00 a       273     0    11     1    23
 -2.1912372594857965E-01 a       274     0    11     1    24
 -2.0426718685657527E-01 a       275     0    11     1    25
  1.4014972213098940E+00 a       276     0    12     1     1
 -5.1264691813282426E-01 a       277     0    12     1     2
  4.7902015402126841E+00 a       278     0    12     1     3
 -1.8455093739540802E+00 a       279     0    12     1     4
 -4.8608615269513100E+00 a       280     0    12     1     5
 -8.5110737972156230E+00 a       281     0    12     1     6
 -6.5347928785645673E+00 a       282     0    12     1     7
  1.7611591079316877E-01 a       283     0    12     1     8
 -1.7718605814434041E+00 a       284     0    12     1     9
 -1.1287424044088761E+00 a       285     0    12     1    10
  8.6755277605627548E+00 a       286     0    12     1    11
 -5.7403366283237993E+00 a       287     0    12     1    12
  3.1818793682154203E+00 a       288     0    12     1    13
  8.2335560976231181E-01 a       289     0    12     1    14
 -2.1655777592130412E+00 a       290     0    12     1    15
 -2.4233629362131753E-01 a       291     0    12     1    16
 -5.6134842396693134E+00 a       292     0    12     1    17
 -1.6744129977353008E+00 a       293     0    12     1    18
 -4.8753303694317657E-02 a       294     0    12     1    19
  9.5038612634379280E-02 a       295     0    12     1    20
  4.5318284225486467E+00 a       296     0    12     1    21
  1.0126857018859750E+01 a       297     0    12     1    22
  3.9962414782368660E-01 a       298     0    12     1    23
 -2.4553533414976898E+00 a       299     0    12     1    24
 -1.1398994896587957E+00 a       300     0    12     1    25
 -1.6260493149944552E-01 a       301     0    13     1     1
 -4.3358367726311842E-01 a       302     0    13     1     2
  5.9349516314045370E-01 a       303     0    13     1     3
  1.6880637132622867E+00 a       304     0    13     1     4
  1.4629438047873071E+00 a       305     0    13     1     5
  1.0675360017027770E-03 a       306     0    13     1     6
 -1.2168552818537851E-01 a       307     0    13     1     7
 -2.9647319359653048E+00 a       308     0    13     1     8
 -2.3451720594501606E+00 a       309     0    13     1     9
  5.2021572811378869E-01 a       310     0    13     1    10
 -3.4177139041531008E+00 a       311     0    13     1    11
  7.8702707003982819E-01 a       312     0    13     1    12
 -1.7188911755565091E+00 a       313     0    13     1    13
 -1.8475067206539814E-01 a       314     0    13     1    14
 -1.8218790737809156E+00 a       315     0    13     1    15
  2.9241671752607331E-03 a       316     0    13     1    16
  1.1812095946768177E+00 a       317     0    13     1    17
 -6.3151933117585379E-01 a       318     0    13     1    18
  2.3616164878217254E+00 a       319     0    13     1    19
 -8.8637200282891360E-01 a       320     0    13     1    20
  1.4635915041686436E+00 a       321     0    13     1    21
 -1.4229560149693172E+00 a       322     0    13     1    22
  2.5522857153773977E+00 a       323     0    13     1    23
  3.6932189757707490E-01 a       324     0    13     1    24
  8.2478844740730961E-01 a       325     0    13     1    25
  3.8366048379785922E-01 a       326     0    14     1     1
  1.0458630396372444E+00 a       327     0    14     1     2
  1.9849148035224728E+00 a       328     0    14     1     3
  5.4732247333231259E+00 a       329     0    14     1     4
  4.1918631529368806E+00 a       330     0    14     1     5
  2.1796996956704393E+00 a       331     0    14     1     6
  1.3713733152489174E+00 a       332     0    14     1     7
 -1.6429934257373415E+00 a       333     0    14     1     8
 -2.3251573507643983E+00 a       334     0    14     1     9
  7.6151364591977611E-01 a       335     0    14     1    10
 -6.8646247588501934E+00 a       336     0    14     1    11
  5.8886489917236595E-01 a       337     0    14     1    12
 -2.4548891104624531E+00 a       338     0    14     1    13
  1.3015933495518899E+00 a       339     0    14     1    14
 -2.8836320597550918E-01 a       340     0    14     1    15
  8.9621593852928461E-01 a       341     0    14     1    16
  1.2016232976131105E+00 a       342     0    14     1    17
 -2.6778621400879845E+00 a       343     0    14     1    18
  2.4752209552189992E+00 a       344     0    14     1    19
 -2.6742800544833143E+00 a       345     0    14     1    20
  9.3972436541701732E-01 a       346     0    14     1    21
 -3.7458913405941385E-01 a       347     0    14     1    22
  7.3598650070789462E-01 a       348     0    14     1    23
 -3.4429029432615249E-01 a       349     0    14     1    24
  1.4239534783560626E+00 a       350     0    14     1    25
  6.1798088490355141E-01 a       351     0    15     1     1
 -2.1377947801938010E-01 a       352     0    15     1     2
  4.4812284801275810E-02 a       353     0    15     1     3
 -8.1286276227080279E-01 a       354     0    15     1     4
 -1.1041151814277981E+00 a       355     0    15     1     5
 -1.0460368402977502E-01 a       356     0    15     1     6
  5.0497637274566975E-01 a       357     0    15     1     7
  1.0927778262291969E+00 a       358     0    15     1     8
 -9.0988461115486274E-01 a       359     0    15     1     9
 -5.5672277204872000E-01 a       360     0    15     1    10
  7.8927342289582114E-01 a       361     0    15     1    11
  3.0476910230220799E-01 a       362     0    15     1    12
  6.1220672623679008E-02 a       363     0    15     1    13
 -2.0368706925737876E+00 a       364     0    15     1    14
 -1.2965900918123703E+00 a       365     0    15     1    15
  5.4904592062142854E-01 a       366     0    15     1    16
 -1.5112660355812584E+00 a       367     0    15     1    17
  4.7129236992492651E-01 a       368     0    15     1    18
 -3.0866225998567015E-01 a       369     0    15     1    19
  1.5369517479193134E-01 a       370     0    15     1    20
  2.5650169226915112E-02 a       371     0    15     1    21
  5.3161593189791423E-01 a       372     0    15     1    22
 -1.4758038051237239E+00 a       373     0    15     1    23
 -4.5149450305521149E-01 a       374     0    15     1    24
 -9.7617755964634689E-01 a       375     0    15     1    25
  4.4394177416475972E-01 a       376     0    16     1     1
 -1.3839362789565328E+00 a       377     0    16     1     2
  2.7988786501370337E+00 a       378     0    16     1     3
  2.0336362502262478E-01 a       379     0    16     1     4
 -1.3899686865922722E+00 a       380     0    16     1     5
 -1.5926382874475773E+00 a       381     0    16     1     6
 -1.0339708710665740E+00 a       382     0    16     1     7
  4.6912011622377139E-02 a       383     0    16     1     8
 -1.8048847070292404E+00 a       384     0    16     1     9
 -4.4400091447668921E-01 a       385     0    16     1    10
  6.8102526569531874E-01 a       386     0    16     1    11
 -2.5867513861201374E-01 a       387     0    16     1    12
  1.2317723922582609E+00 a       388     0    16     1    13
  8.9102535354107681E-01 a       389     0    16     1    14
  8.9595258457385918E-02 a       390     0    16     1    15
  4.4056091346044834E-01 a       391     0    16     1    16
 -1.8200983895206537E+00 a       392     0    16     1    17
  1.2146737526100266E+00 a       393     0    16     1    18
  1.2104484208640229E+00 a       394     0    16     1    19
  4.0986749423095103E-01 a       395     0    16     1    20
  2.3919560056085909E+00 a       396     0    16     1    21
  1.3351176762742836E+00 a       397     0    16     1    22
 -9.1227993621880721E-01 a       398     0    16     1    23
 -1.8775763350890375E+00 a       399     0    16     1    24
  4.2709171757114811E-01 a       400     0    16     1    25
 -4.0225202623388059E+00 a       401     0    17     1     1
  2.8146525117857912E+00 a       402     0    17     1     2
  5.4511833320612029E+00 a       403     0    17     1     3
 -7.8909949329136675E-01 a       404     0    17     1     4
  2.0411681414056044E+00 a       405     0    17     1     5
 -5.7522862731410083E+00 a       406     0    17     1     6
  3.7720313007887594E+00 a       407     0    17     1     7
 -3.7062799978101810E+00 a       408     0    17     1     8
 -1.2704257667127810E+00 a       409     0    17     1     9
 -3.8350611023885435E+00 a       410     0    17     1    10
 -1.2299784831635687E+00 a       411     0    17     1    11
 -1.1554973253496042E+01 a       412     0    17     1    12
 -4.3297739606876524E+00 a       413     0    17     1    13
 -1.4877773143948825E+00 a       414     0    17     1    14
 -5.7838668946651532E+00 a       415     0    17     1    15
 -6.0420304519690244E+00 a       416     0    17     1    16
  4.4978968039408560E+00 a       417     0    17     1    17
  5.9321751039712538E+00 a       418     0    17     1    18
  1.2282336736689734E+00 a       419     0    17     1    19
 -9.1397366238885009E+00 a       420     0    17     1    20
 -1.6090229603446268E-01 a       421     0    17     1    21
 -2.1813214251362818E+00 a       422     0    17     1    22
 -6.5936361755223905E+00 a       423     0    17     1    23
 -5.7458830848147424E-01 a       424     0    17     1    24
  3.4467010714092106E+00 a       425     0    17     1    25
  3.1862609237807664E+00 a       426     0    18     1     1
  6.8096295459957634E-01 a       427     0    18     1     2
 -8.6388390739149532E+00 a       428     0    18     1     3
  3.2490111581509615E+00 a       429     0    18     1     4
 -4.5547995095278342E+00 a       430     0    18     1     5
  1.1983723504221300E+00 a       431     0    18     1     6
 -4.8957867651642095E+00 a       432     0    18     1     7
  3.9276015211975528E+00 a       433     0    18     1     8
 -3.9098680157881371E-01 a       434     0    18     1     9
  1.0865871600356400E+00 a       435     0    18     1    10
 -7.6351855266127089E-01 a       436     0    18     1    11
  1.6042545353152482E+00 a       437     0    18     1    12
  5.6145086540251885E+00 a       438     0    18     1    13
  5.3494452105003742E-01 a       439     0    18     1    14
  1.5788430800781690E+00 a       440     0    18     1    15
  5.6916434088161139E-01 a       441     0    18     1    16
 -5.8597477822356874E+00 a       442     0    18     1    17
  5.4680507566772665E+00 a       443     0    18     1    18
 -1.2645868700235112E+00 a       444     0    18     1    19
  9.3876614883369740E+00 a       445     0    18     1    20
 -6.9556467232891066E+00 a       446     0    18     1    21
  1.9604258239552312E+00 a       447     0    18     1    22
  2.5807339897086048E+00 a       448     0    18     1    23
  2.1938513069910832E+00 a       449     0    18     1    24
 -2.1428494745341595E+00 a       450     0    18     1    25
 -2.5362470100318824E+00 a       451     0    19     1     1
  5.7705349853928176E+00 a       452     0    19     1     2
 -9.8785255835000552E+00 a       453     0    19     1     3
  5.5225424083166148E+00 a       454     0    19     1     4
  1.8452715224079775E+01 a       455     0    19     1     5
  1.5070962943432653E+01 a       456     0    19     1     6
  2.0184917540866813E+01 a       457     0    19     1     7
  1.5929412270487509E+01 a       458     0    19     1     8
 -2.4063399531942631E+00 a       459     0    19     1     9
 -2.9006398885802454E-01 a       460     0    19     1    10
 -2.2111650265198519E+00 a       461     0    19     1    11
  9.2795653610709838E-01 a       462     0    19     1    12
  1.3859802923576263E+01 a       463     0    19     1    13
  3.2555593425498897E-01 a       464     0    19     1    14
 -5.1811208651146314E+00 a       465     0    19     1    15
 -4.1211269640401316E+00 a       466     0    19     1    16
 -2.9184255480365849E+01 a       467     0    19     1    17
  6.4917878380057932E+00 a       468     0    19     1    18
 -4.1220823317786364E+00 a       469     0    19     1    19
 -1.8121446532175817E+01 a       470     0    19     1    20
  1.7150727352164083E+01 a       471     0    19     1    21
 -1.8154773882023449E+01 a       472     0    19     1    22
  2.2622585325667124E+01 a       473     0    19     1    23
  1.5655974284258994E+01 a       474     0    19     1    24
 -2.1080377283311709E+01 a       475     0    19     1    25
 -3.0671546019349711E+00 a       476     0    20     1     1
  6.3857009150549771E-01 a       477     0    20     1     2
  6.7328074043897672E+00 a       478     0    20     1     3
 -7.9186106712102111E+00 a       479     0    20     1     4
 -6.6792629142776745E+00 a       480     0    20     1     5
  1.3800534842758714E+00 a       481     0    20     1     6
  1.9837380390974368E+00 a       482     0    20     1     7
 -1.4354366945349540E+01 a       483     0    20     1     8
  7.0088837355461375E-01 a       484     0    20     1     9
 -2.5588891378577929E+00 a       485     0    20     1    10
 -2.6114097695056966E+00 a       486     0    20     1    11
  2.7800596708054468E+00 a       487     0    20     1    12
 -7.2510889498381852E+00 a       488     0    20     1    13
  1.3019604135515098E-01 a       489     0    20     1    14
  2.8214779571198068E+00 a       490     0    20     1    15
 -1.0379139883110753E+01 a       491     0    20     1    16
  2.3097704537010486E+01 a       492     0    20     1    17
 -2.1531873380169468E+00 a       493     0    20     1    18
 -1.1022802252539039E+01 a       494     0    20     1    19
  9.9494439168201438E+00 a       495     0    20     1    20
 -1.1957031932923774E+01 a       496     0    20     1    21
  3.6387963996379615E+00 a       497     0    20     1    22
 -1.2575128329811561E+01 a       498     0    20     1    23
  1.6545717559326725E+00 a       499     0    20     1    24
  2.5218587090058908E+00 a       500     0    20     1    25
  1.1715141813609431E+00 a       501     0    21     1     1
  1.9391847615010158E+00 a       502     0    21     1     2
  1.9762488356573860E+00 a       503     0    21     1     3
  3.0622426666501879E+00 a       504     0    21     1     4
 -2.4631588127984156E+00 a       505     0    21     1     5
  3.8584470051621245E+00 a       506     0    21     1     6
  4.6215398656294809E-01 a       507     0    21     1     7
 -3.8796140852854761E+00 a       508     0    21     1     8
  1.2319932122094247E-01 a       509     0    21     1     9
  1.7183430973919374E+00 a       510     0    21     1    10
  4.3762477205492956E-01 a       511     0    21     1    11
  2.8953654377814533E+00 a       512     0    21     1    12
 -3.4762796313055344E-01 a       513     0    21     1    13
  3.9438371779782833E-01 a       514     0    21     1    14
  3.0139738105053140E+00 a       515     0    21     1    15
  2.5484997377465897E+00 a       516     0    21     1    16
 -5.4179077284581678E-01 a       517     0    21     1    17
 -1.8981980635367519E+00 a       518     0    21     1    18
 -2.8661232787350359E+00 a       519     0    21     1    19
  3.9778147820661047E+00 a       520     0    21     1    20
  1.7370380835786934E+00 a       521     0    21     1    21
  1.8864814230058538E-01 a       522     0    21     1    22
  1.8432671700071983E+00 a       523     0    21     1    23
  4.0103521338314634E+00 a       524     0    21     1    24
 -3.7023579777879010E+00 a       525     0    21     1    25
  5.7731293531036885E+00 a       526     0    22     1     1
 -7.3348759200290310E+00 a       527     0    22     1     2
 -1.5503087038413510E-01 a       528     0    22     1     3
 -3.8971836697572015E-01 a       529     0    22     1     4
 -5.8924611779647735E+00 a       530     0    22     1     5
 -9.0392595796994790E+00 a       531     0    22     1     6
 -7.3548879277619852E+00 a       532     0    22     1     7
  2.3526772705096897E+00 a       533     0    22     1     8
 -4.5024900662714780E+00 a       534     0    22     1     9
  1.7163382498781761E+00 a       535     0    22     1    10
  1.6422316916220334E+00 a       536     0    22     1    11
 -4.3264637031261683E+00 a       537     0    22     1    12
  4.4185552926617939E+00 a       538     0    22     1    13
 -6.3734647276514278E-01 a       539     0    22     1    14
  1.8296391388475357E+00 a       540     0    22     1    15
  6.4420176147610482E+00 a       541     0    22     1    16
  7.0551921858487097E+00 a       542     0    22     1    17
 -3.8736077074902822E+00 a       543     0    22     1    18
  4.1009733977116873E+00 a       544     0    22     1    19
  1.6788208553225825E-01 a       545     0    22     1    20
 -4.1797619432170503E+00 a       546     0    22     1    21
  1.3486514776726713E+01 a       547     0    22     1    22
  9.0713347016349577E-01 a       548     0    22     1    23
 -1.1824758489590373E+01 a       549     0    22     1    24
  1.2847693677758885E+01 a       550     0    22     1    25
  4.8779854724966318E+00 a       551     0    23     1     1
 -1.1814301489009537E+01 a       552     0    23     1     2
  4.7377136840448406E+00 a       553     0    23     1     3
 -1.1898537723776764E+01 a       554     0    23     1     4
 -1.3941637041744080E+01 a       555     0    23     1     5
 -2.5274463244494894E+00 a       556     0    23     1     6
 -1.4629593883915275E+00 a       557     0    23     1     7
  7.6860448890168840E+00 a       558     0    23     1     8
 -1.0949884381070357E+01 a       559     0    23     1     9
  1.7256709228293776E+00 a       560     0    23     1    10
  3.3493036943392096E+00 a       561     0    23     1    11
 -3.7848937300153236E+00 a       562     0    23     1    12
  7.1448474385237652E+00 a       563     0    23     1    13
 -4.9372272758951796E+00 a       564     0    23     1    14
  7.7762716500612710E+00 a       565     0    23     1    15
  1.0040996457966520E+00 a       566     0    23     1    16
 -9.7606274736914074E+00 a       567     0    23     1    17
 -1.4577848483659197E+01 a       568     0    23     1    18
  6.6696036028128514E-01 a       569     0    23     1    19
  4.5732104811721062E+00 a       570     0    23     1    20
  4.4738408804164886E-01 a       571     0    23     1    21
  1.1240723695847167E+01 a       572     0    23     1    22
  8.1235604561489652E+00 a       573     0    23     1    23
 -1.7800632731020062E+01 a       574     0    23     1    24
  7.3793500778519965E+00 a       575     0    23     1    25
  9.2360320827708673E+00 a       576     0    24     1     1
 -3.8721848240310850E+00 a       577     0    24     1     2
  3.0233371788028855E+00 a       578     0    24     1     3
 -4.8196463188458285E+00 a       579     0    24     1     4
  1.1108050468038369E+01 a       580     0    24     1     5
 -6.7197233206747145E+00 a       581     0    24     1     6
 -1.6199599715374987E+01 a       582     0    24     1     7
 -4.3388814709340231E+00 a       583     0    24     1     8
  7.6699848592167887E+00 a       584     0    24     1     9
 -1.2117945655562814E+01 a       585     0    24     1    10
 -7.3909370502193843E+00 a       586     0    24     1    11
 -1.2995764872102005E+00 a       587     0    24     1    12
  3.4567635055488592E+00 a       588     0    24     1    13
 -9.5744147972056459E-01 a       589     0    24     1    14
 -2.4154715677011243E+01 a       590     0    24     1    15
  1.6260822481566649E+01 a       591     0    24     1    16
  8.9593231631249459E+00 a       592     0    24     1    17
  2.5975007934011906E+01 a       593     0    24     1    18
 -1.5445372675319531E+01 a       594     0    24     1    19
 -9.4686695945126882E+00 a       595     0    24     1    20
 -8.7404724384755189E-02 a       596     0    24     1    21
 -2.5311348011275228E+01 a       597     0    24     1    22
  4.0052264332505070E+00 a       598     0    24     1    23
  3.8681040560415418E+00 a       599     0    24     1    24
  3.2742893795541517E+00 a       600     0    24     1    25
 -2.1623117594809983E+01 a       601     0    25     1     1
  7.5800206129301033E+00 a       602     0    25     1     2
 -1.4668858773959885E+01 a       603     0    25     1     3
  1.2906836391199384E+01 a       604     0    25     1     4
  1.2360452118519292E+00 a       605     0    25     1     5
  4.4743597219691873E+00 a       606     0    25     1     6
  1.4149231021424567E+01 a       607     0    25     1     7
 -7.4276836386531873E+00 a       608     0    25     1     8
 -8.5933997735638794E+00 a       609     0    25     1     9
  3.2709149580993180E-01 a       610     0    25     1    10
  2.6910089584741277E+00 a       611     0    25     1    11
 -4.4335469398922429E+00 a       612     0    25     1    12
 -1.5446523849386853E+00 a       613     0    25     1    13
  7.8780567974156952E+00 a       614     0    25     1    14
  8.2022221644024071E+00 a       615     0    25     1    15
 -2.0109708393064974E+01 a       616     0    25     1    16
  3.1035533875858272E+00 a       617     0    25     1    17
 -4.9239106004526816E+00 a       618     0    25     1    18
  2.0390987326904733E+00 a       619     0    25     1    19
  4.2936834507847843E-01 a       620     0    25     1    20
 -1.5467188529335342E+01 a       621     0    25     1    21
  6.7029627635696603E+00 a       622     0    25     1    22
 -1.0901154199134921E+00 a       623     0    25     1    23
 -1.2569394417830950E+00 a       624     0    25     1    24
 -4.7498967119523172E+00 a       625     0    25     1    25
 -8.6778140714567549E+00 a       626     0    26     1     1
  1.1633295925592680E+01 a       627     0    26     1     2
  9.4392432319023829E+00 a       628     0    26     1     3
  1.0278831335246686E+01 a       629     0    26     1     4
  3.1911399862178245E+00 a       630     0    26     1     5
  1.0439537400137329E+01 a       631     0    26     1     6
 -1.5268045723271844E+00 a       632     0    26     1     7
 -2.7632092390913336E+00 a       633     0    26     1     8
  9.0744957144890979E+00 a       634     0    26     1     9
 -1.6003478781332774E+00 a       635     0    26     1    10
  2.7555274465812796E-01 a       636     0    26     1    11
 -2.0892632392823915E+00 a       637     0    26     1    12
 -8.1179163868525208E+00 a       638     0    26     1    13
 -4.3357574442158986E-01 a       639     0    26     1    14
 -5.8056151977606945E+00 a       640     0    26     1    15
 -1.8705577484885354E+00 a       641     0    26     1    16
 -1.2396629792053231E+01 a       642     0    26     1    17
  2.7505138260702373E+00 a       643     0    26     1    18
  1.3927730029501870E+00 a       644     0    26     1    19
  1.6186678056779453E+01 a       645     0    26     1    20
  8.8568419737580328E-01 a       646     0    26     1    21
 -8.8837959851312718E+00 a       647     0    26     1    22
 -6.9541236219958016E+00 a       648     0    26     1    23
  6.0792419974945906E+00 a       649     0    26     1    24
 -3.7261939245927596E+00 a       650     0    26     1    25
  9.1718620691334785E+00 a       651     0    27     1     1
  1.2956201501991779E-01 a       652     0    27     1     2
  1.0512478916813343E+01 a       653     0    27     1     3
 -1.9263104925309467E+01 a       654     0    27     1     4
 -1.3306428228327903E+01 a       655     0    27     1     5
 -1.3290195072017447E+01 a       656     0    27     1     6
  2.1026772339430867E+01 a       657     0    27     1     7
 -1.7616005348548416E+01 a       658     0    27     1     8
 -5.4084775245408370E+00 a       659     0    27     1     9
  1.6387260144737748E+01 a       660     0    27     1    10
  1.0608444236857151E+00 a       661     0    27     1    11
  7.4920028613808345E+00 a       662     0    27     1    12
 -2.0651377963248994E+01 a       663     0    27     1    13
 -7.2862093444807430E-01 a       664     0    27     1    14
  5.8396961493994546E+00 a       665     0    27     1    15
  1.8500595474092325E+01 a       666     0    27     1    16
  1.6039433312911207E+01 a       667     0    27     1    17
  6.3815217053120632E+00 a       668     0    27     1    18
  9.2488860973246190E-01 a       669     0    27     1    19
 -7.7256145671382370E+00 a       670     0    27     1    20
 -1.0380400594702651E+01 a       671     0    27     1    21
 -2.9559875308295860E+00 a       672     0    27     1    22
 -1.4775406036323822E+01 a       673     0    27     1    23
 -8.4789263747229029E+00 a       674     0    27     1    24
 -1.1031538822219295E+01 a       675     0    27     1    25
  8.5588865376645256E+00 a       676     0    28     1     1
 -8.5148872066172281E+00 a       677     0    28     1     2
 -2.1526176429682446E+00 a       678     0    28     1     3
  7.9304597072649274E+00 a       679     0    28     1     4
  4.5515363918242704E+00 a       680     0    28     1     5
 -5.6464520694407927E+00 a       681     0    28     1     6
 -2.2199477001529427E+01 a       682     0    28     1     7
  1.7778780179413289E+01 a       683     0    28     1     8
  1.0786847687883601E+01 a       684     0    28     1     9
 -5.8404884420965963E+00 a       685     0    28     1    10
  5.8627165357652613E+00 a       686     0    28     1    11
  5.6294067150536238E+00 a       687     0    28     1    12
  3.3986764949721699E+00 a       688     0    28     1    13
 -4.1487495592455934E+00 a       689     0    28     1    14
 -2.9409823699711318E-01 a       690     0    28     1    15
  1.4225974911634776E+01 a       691     0    28     1    16
 -1.6197129935266020E+01 a       692     0    28     1    17
 -2.6297764788329681E+00 a       693     0    28     1    18
  1.5431110234994417E+01 a       694     0    28     1    19
 -2.2257753554913866E+00 a       695     0    28     1    20
  1.6609435424358733E+01 a       696     0    28     1    21
  8.3296646653653799E+00 a       697     0    28     1    22
  7.1420313173929246E+00 a       698     0    28     1    23
 -5.2971661477245000E+00 a       699     0    28     1    24
  1.2062894374260845E+01 a       700     0    28     1    25
 -5.1886970773491363E+00 a       701     0    29     1     1
  6.1601932354537392E-01 a       702     0    29     1     2
 -2.1325818882411025E+00 a       703     0    29     1     3
  8.7033136348817539E+00 a       704     0    29     1     4
  6.8667816682210105E+00 a       705     0    29     1     5
 -4.3669352129288042E-01 a       706     0    29     1     6
  1.4355501430379292E+00 a       707     0    29     1     7
 -1.2258246606084087E+00 a       708     0    29     1     8
  1.0567530809739372E+00 a       709     0    29     1     9
  3.6543153334053109E+00 a       710     0    29     1    10
 -1.6222603732036298E+00 a       711     0    29     1    11
  3.5634093579801602E+00 a       712     0    29     1    12
 -2.2257197998449891E+00 a       713     0    29     1    13
  3.7959520117795660E+00 a       714     0    29     1    14
 -1.9246696870041575E+00 a       715     0    29     1    15
 -5.4362161720606119E+00 a       716     0    29     1    16
  3.0821694789015313E+00 a       717     0    29     1    17
  3.6066901088941759E+00 a       718     0    29     1    18
 -7.1773125513108249E-01 a       719     0    29     1    19
 -8.2729605415500707E-01 a       720     0    29     1    20
 -2.8276853834223408E+00 a       721     0    29     1    21
  1.3298680779971530E+00 a       722     0    29     1    22
 -6.8025377159191187E+00 a       723     0    29     1    23
  6.5722885745475894E+00 a       724     0    29     1    24
  6.9499692887557196E-02 a       725     0    29     1    25
  5.7772265941553851E+00 a       726     0    30     1     1
 -3.6366409194708962E+00 a       727     0    30     1     2
 -8.6491075806156736E+00 a       728     0    30     1     3
 -5.6880587942808924E+00 a       729     0    30     1     4
 -3.5386077719196352E+00 a       730     0    30     1     5
 -1.4886998266086193E+00 a       731     0    30     1     6
  2.5087934382585955E+00 a       732     0    30     1     7
  4.8674710713352285E+00 a       733     0    30     1     8
 -3.8245895878927656E+00 a       734     0    30     1     9
 -9.3054954699738235E-02 a       735     0    30     1    10
 -1.9181817246788455E+00 a       736     0    30     1    11
  3.8103202668030582E+00 a       737     0    30     1    12
  2.9562304019585706E+00 a       738     0    30     1    13
 -2.3556364282936046E+00 a       739     0    30     1    14
  3.8343347864014965E+00 a       740     0    30     1    15
 -2.0237594500184368E+00 a       741     0    30     1    16
  2.1563365022489176E+00 a       742     0    30     1    17
 -1.9715674920667876E+00 a       743     0    30     1    18
  6.7281068114620601E-01 a       744     0    30     1    19
 -2.4172248281219928E+00 a       745     0    30     1    20
  3.6181573742422453E+00 a       746     0    30     1    21
  2.4829698855954634E+00 a       747     0    30     1    22
  1.4941301925076380E+00 a       748     0    30     1    23
  2.5834760957436900E+00 a       749     0    30     1    24
 -1.4033232767226740E+00 a       750     0    30     1    25
 -2.9995901259783142E-01 b       751     1     1
 -3.7414873156369527E-01 b       752     1     2
 -1.0742469096953797E+00 b       753     1     3
  6.8047714198764397E-01 b       754     1     4
  1.8450028416013775E-01 b       755     1     5
 -7.8297571613761074E-01 b       756     1     6
  1.0476291108194067E+00 b       757     1     7
  8.1419529542420033E-01 b       758     1     8
 -1.4481511792945130E+00 b       759     1     9
 -7.3098677253690936E-01 b       760     1    10
 -5.1357494909537516E-01 b       761     1    11
  4.9257952295624435E-01 b       762     1    12
 -8.3985233981315011E-01 b       763     1    13
  1.4894384042698934E+00 b       764     1    14
 -1.3045501357191307E+00 b       765     1    15
  6.6428372246519829E-01 b       766     1    16
 -4.5263753084921704E-01 b       767     1    17
  3.8108899659223378E-01 b       768     1    18
  4.1321869844508030E-01 b       769     1    19
 -6.6614342544022453E-01 b       770     1    20
 -5.1219683914569547E-01 b       771     1    21
 -3.5976460527407672E-01 b       772     1    22
  7.5080417368893271E-01 b       773     1    23
 -7.6339148187356554E-01 b       774     1    24
  8.3258951600459130E-01 b       775     1    25
  1.2235991177972823E+00 a       776     1     1     2     1
  7.5439028349300417E+00 a       777     1     1     2     2
 -8.6193144772806662E-01 a       778     1     1     2     3
 -1.1693768094866461E+00 a       779     1     1     2     4
  2.4530740797309858E-01 a       780     1     1     2     5
  8.0578104212751922E-01 a       781     1     1     2     6
 -1.1166856412330781E+00 a       782     1     1     2     7
  1.7755162912489584E+00 a       783     1     1     2     8
 -1.5122049261510748E+00 a       784     1     1     2     9
  3.0964683587890596E-01 a       785     1     1     2    10
 -6.2399986828648812E-01 a       786     1     1     2    11
  8.2476125544432999E-01 a       787     1     1     2    12
 -7.6914312201937485E-01 a       788     1     1     2    13
  5.5960202999967168E-01 a       789     1     1     2    14
 -3.2705980394265977E-01 a       790     1     1     2    15
  9.2782226903860432E-01 a       791     1     1     2    16
 -1.9441830946740005E-01 a       792     1     1     2    17
 -1.2083077964448574E+00 a       793     1     1     2    18
  1.1471533785705654E-01 a       794     1     1     2    19
  1.3019491204586461E-01 a       795     1     1     2    20
  4.6188180778832351E+00 a       796     1     1     2    21
  1.2333321859660249E+00 a       797     1     1     2    22
 -2.0891341019843909E-01 a       798     1     1     2    23
  2.7062909445260402E-01 a       799     1     1     2    24
  1.2647452359551796E+00 a       800     1     1     2    25
 -1.4631787779556781E-03 a       801     1     2     2     1
 -5.6713668672728685E+00 a       802     1     2     2     2
  6.7334642372934239E-02 a       803     1     2     2     3
 -6.7848496556647309E-01 a       804     1     2     2     4
  8.8014555374870962E-02 a       805     1     2     2     5
 -1.5096321650539195E+00 a       806     1     2     2     6
 -1.5527933032806118E-01 a       807     1     2     2     7
  3.3199174274333526E-01 a       808     1     2     2     8
 -1.7479892728537840E+00 a       809     1     2     2     9
  5.4439708499156014E-01 a       810     1     2     2    10
  5.3434133510121007E-01 a       811     1     2     2    11
  4.6614573253666365E-02 a       812     1     2     2    12
 -2.1719346786498410E+00 a       813     1     2     2    13
  6.3508516088017541E-01 a       814     1     2     2    14
 -1.5118388680200523E-01 a       815     1     2     2    15
  1.1278611886097142E-01 a       816     1     2     2    16
  4.5847630343150231E-01 a       817     1     2     2    17
  1.8921490777314276E+00 a       818     1     2     2    18
  2.1382488851735809E-01 a       819     1     2     2    19
 -6.2840911574256608E-01 a       820     1     2     2    20
  5.5900505245434218E-01 a       821     1     2     2    21
 -3.1607252038805522E-01 a       822     1     2     2    22
 -2.1899076219327721E-01 a       823     1     2     2    23
  8.3746058192704265E-01 a       824     1     2     2    24
 -2.0976270545990167E-01 a       825     1     2     2    25
 -2.0489478437369129E+00 a       826     1     3     2     1
  6.1253134304727830E+00 a       827     1     3     2     2
 -6.3516048332763375E-01 a       828     1     3     2     3
  4.2833730574834367E-01 a       829     1     3     2     4
  8.7725590876597193E-01 a       830     1     3     2     5
 -8.2238828538082365E-01 a       831     1     3     2     6
  4.6210852321766860E-01 a       832     1     3     2     7
 -1.5617590908652328E+00 a       833     1     3     2     8
  2.2989326223207009E+00 a       834     1     3     2     9
 -2.4252684214907494E-01 a       835     1     3     2    10
 -1.3744038694694083E+00 a       836     1     3     2    11
  2.4332281097548053E-01 a       837     1     3     2    12
  4.1933598271446509E-01 a       838     1     3     2    13
  1.0024302727818346E+00 a       839     1     3     2    14
 -7.7365174688330640E-01 a       840     1     3     2    15
 -4.3053077049788948E+00 a       841     1     3     2    16
 -5.1633084704405185E-01 a       842     1     3     2    17
 -5.4115945791302866E-01 a       843     1     3     2    18
 -8.1190398830764199E-01 a       844     1     3     2    19
  5.5328794170411877E-01 a       845     1     3     2    20
 -3.9722147821152136E+00 a       846     1     3     2    21
  1.7998034428750411E+00 a       847     1     3     2    22
 -3.0447354296915069E-01 a       848     1     3     2    23
  6.3756437893068540E-01 a       849     1     3     2    24
  2.4680674601982333E+00 a       850     1     3     2    25
  2.5888423014329823E-02 a       851     1     4     2     1
  6.6149618959088941E-01 a       852     1     4     2     2
 -6.9622665419831897E-01 a       853     1     4     2     3
 -3.2555439862546665E-01 a       854     1     4     2     4
 -2.6254675422595014E-01 a       855     1     4     2     5
  1.2939089910498189E+00 a       856     1     4     2     6
 -6.7289042648413455E-01 a       857     1     4     2     7
 -4.8114275814830554E-01 a       858     1     4     2     8
  1.2169433845438244E+00 a       859     1     4     2     9
  1.1806296906778591E+00 a       860     1     4     2    10
  1.6796037114078892E+00 a       861     1     4     2    11
 -1.4190404365928275E+00 a       862     1     4     2    12
  1.5397733939979394E-01 a       863     1     4     2    13
 -7.5850710577431124E-01 a       864     1     4     2    14
  2.0407593551173617E-01 a       865     1     4     2    15
  4.1932246052460836E-01 a       866     1     4     2    16
  6.3444835978592895E-01 a       867     1     4     2    17
 -6.5196202437085304E-01 a       868     1     4     2    18
  2.7640773305768175E-02 a       869     1     4     2    19
 -1.7981961365636134E-01 a       870     1     4     2    20
 -8.5789744322367389E-01 a       871     1     4     2    21
 -7.2579931319808533E-01 a       872     1     4     2    22
  4.8425579274069686E-01 a       873     1     4     2    23
 -9.2601602536800931E-01 a       874     1     4     2    24
 -1.9488206106947137E+00 a       875     1     4     2    25
  3.3144851938137676E-01 a       876     1     5     2     1
 -4.5720769136062307E+00 a       877     1     5     2     2
 -1.0128403287368601E-01 a       878     1     5     2     3
 -6.1006086332344178E-01 a       879     1     5     2     4
  1.2435829904795987E+00 a       880     1     5     2     5
 -5.4647893203992681E-01 a       881     1     5     2     6
  2.3757063362734640E-01 a       882     1     5     2     7
 -1.3606701511550423E+00 a       883     1     5     2     8
  9.6200147737446062E-01 a       884     1     5     2     9
 -5.6182640927291458E-02 a       885     1     5     2    10
 -9.6995630113579367E-01 a       886     1     5     2    11
 -2.4781978837095420E-01 a       887     1     5     2    12
 -1.1120257165044329E+00 a       888     1     5     2    13
 -1.0780351755220341E+00 a       889     1     5     2    14
  1.2796788655136218E+00 a       890     1     5     2    15
 -1.7041705260466764E+00 a       891     1     5     2    16
  1.6608294296270490E-01 a       892     1     5     2    17
  4.9556978794541295E-01 a       893     1     5     2    18
 -2.1841564975153616E-01 a       894     1     5     2    19
  5.1554655719895748E-01 a       895     1     5     2    20
 -2.4778431804945784E+00 a       896     1     5     2    21
  1.0910064628995383E-01 a       897     1     5     2    22
  3.8812419075683065E-02 a       898     1     5     2    23
 -8.9432167915277833E-02 a       899     1     5     2    24
 -1.8527418440177879E+00 a       900     1     5     2    25
  4.2391485772697307E-01 a       901     1     6     2     1
 -4.6335658560013132E-01 a       902     1     6     2     2
 -1.7536502737988984E+00 a       903     1     6     2     3
 -1.7452069297951953E-01 a       904     1     6     2     4
  1.8290365089533023E-01 a       905     1     6     2     5
 -1.6234281421083669E+00 a       906     1     6     2     6
  2.9837354053523679E-01 a       907     1     6     2     7
 -1.1966793775143352E+00 a       908     1     6     2     8
  6.4781871027515192E-01 a       909     1     6     2     9
  3.6397224588930981E+00 a       910     1     6     2    10
  6.2129784637673591E-01 a       911     1     6     2    11
 -1.1363424237311108E+00 a       912     1     6     2    12
 -1.3227857886174865E+00 a       913     1     6     2    13
  7.7188674658821524E-02 a       914     1     6     2    14
  2.8400380484930432E-01 a       915     1     6     2    15
  1.1731660359296650E+00 a       916     1     6     2    16
  1.4441877437662625E+00 a       917     1     6     2    17
  1.6611307952530263E+00 a       918     1     6     2    18
 -1.0520109146235082E+00 a       919     1     6     2    19
  8.0266287720823803E-01 a       920     1     6     2    20
  9.5361811739531488E-01 a       921     1     6     2    21
 -6.0285391301454472E-01 a       922     1     6     2    22
 -1.3805464800638334E-01 a       923     1     6     2    23
 -4.6965999769464600E-01 a       924     1     6     2    24
  6.0522835070890180E-01 a       925     1     6     2    25
  6.6800272450001630E-01 a       926     1     7     2     1
 -2.7090219406833294E+00 a       927     1     7     2     2
 -1.2545641961264993E+00 a       928     1     7     2     3
 -3.8820497765356810E-01 a       929     1     7     2     4
 -1.3260892094652890E+00 a       930     1     7     2     5
 -3.1119567404670362E-01 a       931     1     7     2     6
 -4.1713938090446862E-01 a       932     1     7     2     7
  1.0188923044163847E+00 a       933     1     7     2     8
 -4.0989861184575789E+00 a       934     1     7     2     9
  4.6738719802600098E-01 a       935     1     7     2    10
  3.4088149005443507E+00 a       936     1     7     2    11
  8.4960996219724916E-01 a       937     1     7     2    12
 -4.7770519955688484E-01 a       938     1     7     2    13
  1.9916490532580680E+00 a       939     1     7     2    14
  1.4278517403959703E+00 a       940     1     7     2    15
 -2.7413943676276126E-01 a       941     1     7     2    16
 -2.8461144883789851E-02 a       942     1     7     2    17
 -1.1962407173630685E+00 a       943     1     7     2    18
  3.5510934343481149E-01 a       944     1     7     2    19
 -1.5156286970863664E-01 a       945     1     7     2    20
  2.5108149770220267E+00 a       946     1     7     2    21
  1.6940035684628599E-01 a       947     1     7     2    22
  3.5981642417249193E-01 a       948     1     7     2    23
  1.0741882449723241E+00 a       949     1     7     2    24
 -4.8041991607135387E-01 a       950     1     7     2    25
  1.3777731153291319E+00 a       951     1     8     2     1
 -1.1885796837176567E+01 a       952     1     8     2     2
 -1.9140330077311567E+00 a       953     1     8     2     3
 -5.4822713215026009E-01 a       954     1     8     2     4
 -1.1428088384176398E+00 a       955     1     8     2     5
 -9.1382035897618097E-01 a       956     1     8     2     6
 -6.0786211211854645E-02 a       957     1     8     2     7
 -1.4138525079040709E+00 a       958     1     8     2     8
 -2.5804810004843861E+00 a       959     1     8     2     9
  1.3308734070295893E+00 a       960     1     8     2    10
  2.1055979640008973E+00 a       961     1     8     2    11
 -6.3439020043235850E-01 a       962     1     8     2    12
  4.3488696771934648E-01 a       963     1     8     2    13
 -5.6930741018273168E-01 a       964     1     8     2    14
 -6.6602987780026757E-01 a       965     1     8     2    15
  1.3208404499782689E-01 a       966     1     8     2    16
  1.8261585039527022E+00 a       967     1     8     2    17
  1.7344457263423951E+00 a       968     1     8     2    18
  9.9659497404866049E-01 a       969     1     8     2    19
  3.7980768415028843E-01 a       970     1     8     2    20
 -1.0683253863221678E+00 a       971     1     8     2    21
 -3.1396122350028158E-02 a       972     1     8     2    22
 -1.0212169727426827E+00 a       973     1     8     2    23
 -2.0517050716780513E-01 a       974     1     8     2    24
 -9.2170289392250349E-01 a       975     1     8     2    25
  2.2739991983816750E+00 a       976     1     9     2     1
 -5.5806107312000763E-01 a       977     1     9     2     2
 -2.4841717314504463E+00 a       978     1     9     2     3
 -1.9095518157031111E-01 a       979     1     9     2     4
  1.6516454576786537E+00 a       980     1     9     2     5
 -2.9528098419154345E+00 a       981     1     9     2     6
 -9.0203853264533385E-01 a       982     1     9     2     7
  3.1523432470005358E-01 a       983     1     9     2     8
 -7.0256124257991450E+00 a       984     1     9     2     9
  7.5327206406678537E-01 a       985     1     9     2    10
 -1.3638160060301303E+00 a       986     1     9     2    11
  2.9109429662330144E-01 a       987     1     9     2    12
 -3.6829311063919903E+00 a       988     1     9     2    13
  7.6220090184144085E-01 a       989     1     9     2    14
 -2.1133545943125981E-01 a       990     1     9     2    15
  3.8370218995189052E+00 a       991     1     9     2    16
 -3.0942855009169012E-01 a       992     1     9     2    17
 -8.3525522183969747E-02 a       993     1     9     2    18
 -7.8537476849241328E-01 a       994     1     9     2    19
  2.7024155099767960E-01 a       995     1     9     2    20
  1.1116224073374687E+01 a       996     1     9     2    21
 -2.5657292109276897E-01 a       997     1     9     2    22
 -1.2755134813951730E+00 a       998     1     9     2    23
  6.7720334463143983E-01 a       999     1     9     2    24
 -1.6833587374918038E+00 a      1000     1     9     2    25
 -1.6280904020274831E-01 a      1001     1    10     2     1
 -1.2685307693894796E+00 a      1002     1    10     2     2
  1.0632083212348982E+00 a      1003     1    10     2     3
  1.7687713446822291E+00 a      1004     1    10     2     4
 -1.8881901371849807E+00 a      1005     1    10     2     5
  2.1394522448608648E+00 a      1006     1    10     2     6
 -8.1936789484301376E-01 a      1007     1    10     2     7
  5.0644900000346276E+00 a      1008     1    10     2     8
  1.7176917774506750E+00 a      1009     1    10     2     9
 -1.9758437896357171E+00 a      1010     1    10     2    10
  2.1043346770571145E+00 a      1011     1    10     2    11
  6.1810907936017023E-01 a      1012     1    10     2    12
  2.2367766971830836E+00 a      1013     1    10     2    13
 -3.8884407740712590E-01 a      1014     1    10     2    14
 -2.0827609364656410E+00 a      1015     1    10     2    15
 -1.0958596855089782E-01 a      1016     1    10     2    16
  7.6134120110272208E-01 a      1017     1    10     2    17
  1.0246246429725632E+00 a      1018     1    10     2    18
  6.1472275600093151E-01 a      1019     1    10     2    19
  5.1988822204047269E-01 a      1020     1    10     2    20
 -3.8818832069367253E+00 a      1021     1    10     2    21
  5.6561698709304853E-01 a      1022     1    10     2    22
  6.8856104468590917E-01 a      1023     1    10     2    23
 -2.3045334047433103E-01 a      1024     1    10     2    24
  6.9588048890153054E-01 a      1025     1    10     2    25
  7.3739439250153926E-01 a      1026     1    11     2     1
 -4.4233548828426263E+00 a      1027     1    11     2     2
 -4.7491373290736094E-01 a      1028     1    11     2     3
  4.4781684082783568E-01 a      1029     1    11     2     4
  1.3367020737419195E+00 a      1030     1    11     2     5
 -1.7639463657664307E+00 a      1031     1    11     2     6
  7.4521765301264675E-01 a      1032     1    11     2     7
 -6.5575047558060329E-01 a      1033     1    11     2     8
  1.3858947641479453E+00 a      1034     1    11     2     9
  1.3163147490720606E-01 a      1035     1    11     2    10
 -1.3307942387803997E+00 a      1036     1    11     2    11
 -7.0109631426454611E-01 a      1037     1    11     2    12
 -1.5477380956454596E+00 a      1038     1    11     2    13
 -1.3039437773775747E-01 a      1039     1    11     2    14
  6.1491368367907950E-01 a      1040     1    11     2    15
  7.7467918326093355E-01 a      1041     1    11     2    16
  8.6999220242085928E-01 a      1042     1    11     2    17
  1.5498381795621194E+00 a      1043     1    11     2    18
 -8.4138876490074965E-01 a      1044     1    11     2    19
 -4.9229621935572732E-01 a      1045     1    11     2    20
  8.5484528977070373E-01 a      1046     1    11     2    21
 -1.1935831686273735E+00 a      1047     1    11     2    22
 -1.3068217041300961E-01 a      1048     1    11     2    23
 -8.0935188312203432E-01 a      1049     1    11     2    24
 -1.2175040223406042E+00 a      1050     1    11     2    25
  8.0680375363989154E-01 a      1051     1    12     2     1
  2.9866767660004703E+00 a      1052     1    12     2     2
  6.6367085805079706E-01 a      1053     1    12     2     3
  1.3343972775595865E+00 a      1054     1    12     2     4
 -3.5249560217427456E-01 a      1055     1    12     2     5
 -2.8235568445996329E+00 a      1056     1    12     2     6
  6.3812309135327705E-01 a      1057     1    12     2     7
 -8.5366097821545217E-01 a      1058     1    12     2     8
  3.5347403718477279E+00 a      1059     1    12     2     9
  1.4431842016490737E+00 a      1060     1    12     2    10
  4.8570169544611526E-02 a      1061     1    12     2    11
  1.3942418988848301E-01 a      1062     1    12     2    12
 -6.9404448605515090E-01 a      1063     1    12     2    13
  4.0779920386170299E-01 a      1064     1    12     2    14
 -6.0359127298659776E-02 a      1065     1    12     2    15
 -2.4609160906851268E-01 a      1066     1    12     2    16
  8.3613554017432412E-01 a      1067     1    12     2    17
  1.9594307555078025E-01 a      1068     1    12     2    18
 -3.0014689319511745E-01 a      1069     1    12     2    19
 -4.6466705999560398E-01 a      1070     1    12     2    20
 -1.0663793320374260E+00 a      1071     1    12     2    21
  7.4427403114983703E-01 a      1072     1    12     2    22
  3.6592089015336160E-01 a      1073     1    12     2    23
 -5.1406304768283895E-02 a      1074     1    12     2    24
 -6.1071004623360192E-01 a      1075     1    12     2    25
  8.2220080442053101E-01 a      1076     1    13     2     1
  3.2100323770917571E-01 a      1077     1    13     2     2
 -2.8246534137928114E-01 a      1078     1    13     2     3
 -6.4342899210097770E-01 a      1079     1    13     2     4
  7.5417907963015518E-01 a      1080     1    13     2     5
 -7.6264429065046335E-01 a      1081     1    13     2     6
 -6.2500537008147017E-01 a      1082     1    13     2     7
  4.2293902750446068E-02 a      1083     1    13     2     8
 -2.3197796030062863E+00 a      1084     1    13     2     9
  1.4591591021685310E-01 a      1085     1    13     2    10
  6.8105764970212235E-01 a      1086     1    13     2    11
 -6.5326583285163475E-01 a      1087     1    13     2    12
 -1.2443761863179235E+00 a      1088     1    13     2    13
 -1.1436184284604831E+00 a      1089     1    13     2    14
 -6.2073671891221860E-01 a      1090     1    13     2    15
 -6.6267104727833065E-02 a      1091     1    13     2    16
 -9.0737683654100898E-01 a      1092     1    13     2    17
 -3.3043906818289293E-01 a      1093     1    13     2    18
 -2.6670366205973996E-02 a      1094     1    13     2    19
 -6.0467133448469901E-01 a      1095     1    13     2    20
  3.1940144283148566E+00 a      1096     1    13     2    21
 -1.4104519257447807E+00 a      1097     1    13     2    22
  5.3653741525389287E-01 a      1098     1    13     2    23
  1.1251383799018326E+00 a      1099     1    13     2    24
 -3.5830250375920669E+00 a      1100     1    13     2    25
 -7.5158634066066501E-02 a      1101     1    14     2     1
  4.9283035371779018E+00 a      1102     1    14     2     2
  4.0129595281581487E-01 a      1103     1    14     2     3
 -3.8039494974470078E-01 a      1104     1    14     2     4
  9.2628549629740231E-01 a      1105     1    14     2     5
 -6.4897953293550081E-01 a      1106     1    14     2     6
 -5.4555642285666195E-01 a      1107     1    14     2     7
  1.2205707118352437E-01 a      1108     1    14     2     8
 -9.9699564445118694E-01 a      1109     1    14     2     9
  1.5058386917507713E+00 a      1110     1    14     2    10
 -7.5853669710399296E-01 a      1111     1    14     2    11
 -3.8903573574522704E-01 a      1112     1    14     2    12
  2.9354403225108711E-01 a      1113     1    14     2    13
 -1.0461864579431418E-01 a      1114     1    14     2    14
  1.2084685733526681E+00 a      1115     1    14     2    15
 -3.2496021233915666E+00 a      1116     1    14     2    16
 -7.7491247069301961E-01 a      1117     1    14     2    17
  5.6462439992130686E-01 a      1118     1    14     2    18
 -1.6899326300811470E+00 a      1119     1    14     2    19
 -1.7555964385796834E+00 a      1120     1    14     2    20
 -3.8666115749811558E+00 a      1121     1    14     2    21
 -3.0764987478030270E-01 a      1122     1    14     2    22
  2.9119922819128328E+00 a      1123     1    14     2    23
 -1.3393377426883897E+00 a      1124     1    14     2    24
 -1.7768565099727416E+00 a      1125     1    14     2    25
 -1.0597315472501123E+00 a      1126     1    15     2     1
  4.5594966790612119E+00 a      1127     1    15     2     2
  8.6210075541279851E-02 a      1128     1    15     2     3
  1.0029280229653750E+00 a      1129     1    15     2     4
 -1.0777619883015839E+00 a      1130     1    15     2     5
  1.9313415660696771E+00 a      1131     1    15     2     6
  9.6638024499889752E-01 a      1132     1    15     2     7
 -4.9359014469423340E-01 a      1133     1    15     2     8
  2.2034866196530358E+00 a      1134     1    15     2     9
 -1.5696915451627858E+00 a      1135     1    15     2    10
  2.5716103763789602E+00 a      1136     1    15     2    11
 -1.3894464866841202E-01 a      1137     1    15     2    12
  6.9837659696686316E-01 a      1138     1    15     2    13
  1.2937061160998498E+00 a      1139     1    15     2    14
  1.1312253145138100E+00 a      1140     1    15     2    15
  6.8883207428017912E-01 a      1141     1    15     2    16
  5.6297577262433296E-01 a      1142     1    15     2    17
  1.4694939443334178E+00 a      1143     1    15     2    18
  7.4142299903256892E-01 a      1144     1    15     2    19
  5.7540512865499072E-01 a      1145     1    15     2    20
 -3.0002333727968045E-01 a      1146     1    15     2    21
  8.4690239662273259E-01 a      1147     1    15     2    22
  3.4788004505532660E-01 a      1148     1    15     2    23
  1.0526061238228450E+00 a      1149     1    15     2    24
  1.8415793287540967E+00 a      1150     1    15     2    25
  6.8420797227693031E-01 a      1151     1    16     2     1
 -1.9313902200049109E+00 a      1152     1    16     2     2
 -7.8062056366461219E-01 a      1153     1    16     2     3
 -4.2613484928692874E-01 a      1154     1    16     2     4
  2.6958082501588976E-01 a      1155     1    16     2     5
  2.1472441628839598E+00 a      1156     1    16     2     6
 -6.2568745559951067E-01 a      1157     1    16     2     7
  4.9795919505174396E-01 a      1158     1    16     2     8
  5.6986968479652245E-01 a      1159     1    16     2     9
 -1.3446986624547319E+00 a      1160     1    16     2    10
  4.2387651139911192E-01 a      1161     1    16     2    11
  1.2732218106715996E+00 a      1162     1    16     2    12
  1.4283761537699916E-01 a      1163     1    16     2    13
 -1.1336428940496945E+00 a      1164     1    16     2    14
 -1.5460131746910715E+00 a      1165     1    16     2    15
  6.9999374692907801E-01 a      1166     1    16     2    16
  2.9787055642294741E-01 a      1167     1    16     2    17
  7.8175737245605825E-01 a      1168     1    16     2    18
  1.1103336835212032E+00 a      1169     1    16     2    19
  2.9243654632936988E-01 a      1170     1    16     2    20
 -3.2366455179159953E-01 a      1171     1    16     2    21
  5.6374102118312475E-01 a      1172     1    16     2    22
 -1.3191688273454361E+00 a      1173     1    16     2    23
 -3.0657404872082450E-01 a      1174     1    16     2    24
  3.0822801579388655E+00 a      1175     1    16     2    25
 -3.2313854206792469E-01 a      1176     1    17     2     1
 -2.5229493101761813E-01 a      1177     1    17     2     2
 -2.0326334680399974E-01 a      1178     1    17     2     3
 -5.1783209728110180E-01 a      1179     1    17     2     4
 -8.2986556232112318E-02 a      1180     1    17     2     5
  4.5580315759742424E-01 a      1181     1    17     2     6
 -1.5867515936931542E+00 a      1182     1    17     2     7
 -5.9515425444208159E-01 a      1183     1    17     2     8
 -2.4844638450362222E+00 a      1184     1    17     2     9
  2.1197487153071676E-01 a      1185     1    17     2    10
 -1.8538639350025283E+00 a      1186     1    17     2    11
 -4.7614304160307042E-02 a      1187     1    17     2    12
  3.3402974562386861E-01 a      1188     1    17     2    13
 -7.1561355136412208E-02 a      1189     1    17     2    14
 -1.9623414340463230E+00 a      1190     1    17     2    15
  2.8897344753958918E+00 a      1191     1    17     2    16
 -1.3318492671230520E+00 a      1192     1    17     2    17
 -1.4126600257264494E+00 a      1193     1    17     2    18
  2.7704641912442868E-01 a      1194     1    17     2    19
  2.0164621283892045E-01 a      1195     1    17     2    20
  2.5404807187141851E+00 a      1196     1    17     2    21
 -1.6473445239211829E-01 a      1197     1    17     2    22
 -1.6740887993305223E-01 a      1198     1    17     2    23
 -1.1852358663956617E+00 a      1199     1    17     2    24
  6.4793421205046475E-01 a      1200     1    17     2    25
 -1.3549574019411454E+00 a      1201     1    18     2     1
  7.1704386969538199E+00 a      1202     1    18     2     2
  8.6472695945165690E-01 a      1203     1    18     2     3
 -5.4591734701895334E-01 a      1204     1    18     2     4
  7.4011979243071935E-01 a      1205     1    18     2     5
  9.1163943330300534E-01 a      1206     1    18     2     6
 -7.1325422685374751E-01 a      1207     1    18     2     7
 -2.5081663107175600E-01 a      1208     1    18     2     8
 -2.5596823615814892E+00 a      1209     1    18     2     9
 -1.8013172475954582E+00 a      1210     1    18     2    10
 -1.0210393766850796E+00 a      1211     1    18     2    11
 -1.9557398394215206E-01 a      1212     1    18     2    12
 -1.4808200240480998E-01 a      1213     1    18     2    13
  6.2314888707004934E-01 a      1214     1    18     2    14
 -4.3033560553016686E-01 a      1215     1    18     2    15
 -3.2351196178935959E-01 a      1216     1    18     2    16
 -1.8801819202845627E-01 a      1217     1    18     2    17
 -2.5639499778010584E+00 a      1218     1    18     2    18
  5.9193361326988081E-01 a      1219     1    18     2    19
 -2.9162584084226928E-01 a      1220     1    18     2    20
 -2.7132367913682911E+00 a      1221     1    18     2    21
  7.3917270077871267E-01 a      1222     1    18     2    22
  4.6435440378384429E-01 a      1223     1    18     2    23
 -9.8407806242026463E-01 a      1224     1    18     2    24
  1.3414380373369899E+00 a      1225     1    18     2    25
 -3.1574470043969965E-01 a      1226     1    19     2     1
  2.5561850325528663E+00 a      1227     1    19     2     2
 -1.3580538617565119E+00 a      1228     1    19     2     3
  1.5072779584536951E+00 a      1229     1    19     2     4
  7.1371660478917964E-01 a      1230     1    19     2     5
 -4.6375130109745705E-01 a      1231     1    19     2     6
 -1.9232821408592835E-01 a      1232     1    19     2     7
  7.2217829834779668E-01 a      1233     1    19     2     8
 -2.7035873857315660E+00 a      1234     1    19     2     9
  1.0472589386546818E+00 a      1235     1    19     2    10
 -2.3712327749435522E-01 a      1236     1    19     2    11
 -4.7989543209355989E-01 a      1237     1    19     2    12
  9.2686653610817002E-02 a      1238     1    19     2    13
  1.1101239354643013E+00 a      1239     1    19     2    14
 -1.4863323238796367E+00 a      1240     1    19     2    15
  6.2844866759845153E-01 a      1241     1    19     2    16
  3.6213811328195022E-01 a      1242     1    19     2    17
  5.0420511081783970E-01 a      1243     1    19     2    18
 -3.7668283005053221E-01 a      1244     1    19     2    19
  5.3187519192042267E-02 a      1245     1    19     2    20
  1.5847637407343891E+00 a      1246     1    19     2    21
 -5.5759611631090888E-01 a      1247     1    19     2    22
  3.0839486960986606E-01 a      1248     1    19     2    23
 -9.4353025238686761E-01 a      1249     1    19     2    24
  1.5434326688026931E+00 a      1250     1    19     2    25
  1.1857208151828122E+00 a      1251     1    20     2     1
 -5.5960188203207082E+00 a      1252     1    20     2     2
 -2.4223960208632081E-01 a      1253     1    20     2     3
 -6.9772285098916276E-01 a      1254     1    20     2     4
  3.5573214948706688E-03 a      1255     1    20     2     5
  1.5800803983422098E+00 a      1256     1    20     2     6
  3.9561571554999442E-01 a      1257     1    20     2     7
 -2.2930023018113740E-01 a      1258     1    20     2     8
  1.2900225811478969E+00 a      1259     1    20     2     9
  2.5766577584955526E+00 a      1260     1    20     2    10
 -1.3042128522602829E+00 a      1261     1    20     2    11
  4.6497948956074120E-01 a      1262     1    20     2    12
  6.6316546178166125E-01 a      1263     1    20     2    13
  8.2074430920483765E-01 a      1264     1    20     2    14
  9.6168544504882636E-01 a      1265     1    20     2    15
 -2.9828480243149691E-01 a      1266     1    20     2    16
 -3.8907070856680331E-01 a      1267     1    20     2    17
  1.2327926555870907E+00 a      1268     1    20     2    18
  1.3395056903798002E+00 a      1269     1    20     2    19
  5.9657933425109322E-01 a      1270     1    20     2    20
 -2.8508053031857439E+00 a      1271     1    20     2    21
 -5.1559502985614236E-01 a      1272     1    20     2    22
 -4.8923654206901795E-01 a      1273     1    20     2    23
 -2.0224743895884076E-01 a      1274     1    20     2    24
  2.2626669512954978E+00 a      1275     1    20     2    25
  3.1612477945127748E-01 a      1276     1    21     2     1
  8.9138122790392360E-01 a      1277     1    21     2     2
 -1.0947503472336302E+00 a      1278     1    21     2     3
 -4.7442993199521599E-01 a      1279     1    21     2     4
 -7.8264837470511428E-01 a      1280     1    21     2     5
 -1.3279597658483253E+00 a      1281     1    21     2     6
  1.4300735236119830E+00 a      1282     1    21     2     7
 -1.8479016460014890E+00 a      1283     1    21     2     8
 -1.0613674094787593E+00 a      1284     1    21     2     9
  1.4848020152069406E+00 a      1285     1    21     2    10
  2.4257496290539899E+00 a      1286     1    21     2    11
 -1.6526891015988736E+00 a      1287     1    21     2    12
 -1.6808195273312270E+00 a      1288     1    21     2    13
 -6.6040824194527092E-01 a      1289     1    21     2    14
  1.0375630048717450E+00 a      1290     1    21     2    15
  1.7865787212961506E+00 a      1291     1    21     2    16
  1.7869265595181467E+00 a      1292     1    21     2    17
  1.8721656870244219E-01 a      1293     1    21     2    18
 -4.4029336202492009E-01 a      1294     1    21     2    19
  4.9628207471072394E-01 a      1295     1    21     2    20
  3.7261884902367086E+00 a      1296     1    21     2    21
 -1.5557028093434229E+00 a      1297     1    21     2    22
 -5.8211201044610517E-01 a      1298     1    21     2    23
  1.4557808102600329E+00 a      1299     1    21     2    24
 -2.8773328906428325E-01 a      1300     1    21     2    25
 -1.0341439591790325E+00 a      1301     1    22     2     1
  9.0732310814143802E-01 a      1302     1    22     2     2
  1.0358068835041438E+00 a      1303     1    22     2     3
  5.1475717805170451E-01 a      1304     1    22     2     4
  8.8238040144565910E-01 a      1305     1    22     2     5
 -1.0538067698950935E+00 a      1306     1    22     2     6
  1.1781391794113556E+00 a      1307     1    22     2     7
  3.6414817002084737E-01 a      1308     1    22     2     8
 -7.3395208890631837E-03 a      1309     1    22     2     9
  7.2390450058698685E-01 a      1310     1    22     2    10
 -8.9428365248743547E-01 a      1311     1    22     2    11
  1.4424090982886537E+00 a      1312     1    22     2    12
 -1.1667337517754141E-01 a      1313     1    22     2    13
  1.6696416792382478E+00 a      1314     1    22     2    14
  5.0894317619160867E-01 a      1315     1    22     2    15
  3.5139152471681567E-01 a      1316     1    22     2    16
  1.8998281036949405E-01 a      1317     1    22     2    17
  6.2315729457746460E-01 a      1318     1    22     2    18
  2.2960417012757645E-01 a      1319     1    22     2    19
  1.5992526458673112E-01 a      1320     1    22     2    20
 -3.4338758346196863E+00 a      1321     1    22     2    21
 -7.5022385369448630E-01 a      1322     1    22     2    22
  1.3418092724864092E-01 a      1323     1    22     2    23
 -1.0308288586965062E+00 a      1324     1    22     2    24
  3.3987594019932441E+00 a      1325     1    22     2    25
  4.7826085199205937E-01 a      1326     1    23     2     1
 -3.2163301202119021E-01 a      1327     1    23     2     2
  1.2462870953177647E+00 a      1328     1    23     2     3
  1.8572077022914011E+00 a      1329     1    23     2     4
  5.7875330948447579E-01 a      1330     1    23     2     5
 -5.2582198312783512E-01 a      1331     1    23     2     6
 -2.0518852709430865E-01 a      1332     1    23     2     7
  1.0147982867299619E+00 a      1333     1    23     2     8
 -6.8200289620165155E-01 a      1334     1    23     2     9
 -2.2384087451421281E-01 a      1335     1    23     2    10
  1.7946141454322420E+00 a      1336     1    23     2    11
 -2.1836445453825729E-01 a      1337     1    23     2    12
 -6.7313939196411010E-01 a      1338     1    23     2    13
 -2.6730664965670659E-02 a      1339     1    23     2    14
  1.6849740964028643E+00 a      1340     1    23     2    15
  4.0475650268091590E+00 a      1341     1    23     2    16
  9.8780236524080356E-01 a      1342     1    23     2    17
  1.0504647847904822E+00 a      1343     1    23     2    18
  6.6801358854756754E-01 a      1344     1    23     2    19
  5.0799078701331268E-01 a      1345     1    23     2    20
  2.7688736202747228E+00 a      1346     1    23     2    21
 -4.0495005248517407E-01 a      1347     1    23     2    22
 -8.3520180947681888E-01 a      1348     1    23     2    23
 -6.3813879874139678E-01 a      1349     1    23     2    24
  1.7408644529078068E+00 a      1350     1    23     2    25
  2.1348384789591637E-01 a      1351     1    24     2     1
  1.6577222201169306E+00 a      1352     1    24     2     2
 -2.0358409731822838E-01 a      1353     1    24     2     3
  1.7785697610385740E+00 a      1354     1    24     2     4
  3.4512219863653903E-01 a      1355     1    24     2     5
  2.9200084467779734E+00 a      1356     1    24     2     6
  4.9130194503359231E-01 a      1357     1    24     2     7
  1.5029073216521877E-01 a      1358     1    24     2     8
  4.7774403690445881E+00 a      1359     1    24     2     9
  1.7522598273203875E+00 a      1360     1    24     2    10
 -1.1353070780144427E+00 a      1361     1    24     2    11
  2.4688161932811242E-01 a      1362     1    24     2    12
  1.2219012986307122E-01 a      1363     1    24     2    13
 -2.0837245164906476E-01 a      1364     1    24     2    14
  3.0342474432120031E-01 a      1365     1    24     2    15
 -2.8857948487391507E+00 a      1366     1    24     2    16
 -5.8085697830056127E-01 a      1367     1    24     2    17
  1.1652474063604386E+00 a      1368     1    24     2    18
 -3.9375758169632863E-01 a      1369     1    24     2    19
  4.2642622922963580E-01 a      1370     1    24     2    20
 -1.8868759254858047E+00 a      1371     1    24     2    21
 -1.0781825920191586E+00 a      1372     1    24     2    22
  2.8942665011097934E-02 a      1373     1    24     2    23
 -9.1282576891400916E-02 a      1374     1    24     2    24
 -7.0197950741613824E-01 a      1375     1    24     2    25
 -1.0596314018581634E+00 a      1376     1    25     2     1
  7.8352013856585412E-01 a      1377     1    25     2     2
  1.0201782726274788E+00 a      1378     1    25     2     3
  7.5869945049729215E-01 a      1379     1    25     2     4
  1.9924744402907538E-01 a      1380     1    25     2     5
 -5.4567682506877879E-01 a      1381     1    25     2     6
 -4.7406425211733071E-02 a      1382     1    25     2     7
 -1.4767921688142591E+00 a      1383     1    25     2     8
  2.1969814985799236E+00 a      1384     1    25     2     9
  1.9911687452716058E+00 a      1385     1    25     2    10
 -5.4631316581663714E-01 a      1386     1    25     2    11
 -7.9038032138953940E-01 a      1387     1    25     2    12
  8.9352955425693970E-01 a      1388     1    25     2    13
  5.8860062995810345E-03 a      1389     1    25     2    14
  9.6715840869568093E-01 a      1390     1    25     2    15
 -2.0270846881892139E+00 a      1391     1    25     2    16
 -7.3347254950651114E-02 a      1392     1    25     2    17
 -1.9619684693418662E+00 a      1393     1    25     2    18
 -9.2545429072479979E-01 a      1394     1    25     2    19
 -6.7146993930714305E-01 a      1395     1    25     2    20
 -2.1368616653845982E+00 a      1396     1    25     2    21
 -2.3765335491113776E-01 a      1397     1    25     2    22
  4.5635596445069265E-01 a      1398     1    25     2    23
 -1.6464783154858758E+00 a      1399     1    25     2    24
 -1.6117339813757062E-01 a      1400     1    25     2    25
 -1.2676204890377714E+00 b      1401     2     1
  1.0175307537035044E+01 b      1402     2     2
 -2.4186136412128554E+00 b      1403     2     3
  6.7625959084009835E-01 b      1404     2     4
  2.6764989079255641E+00 b      1405     2     5
  5.6208563788517241E-01 b      1406     2     6
  1.4419629797841917E+00 b      1407     2     7
  3.7610722092635593E+00 b      1408     2     8
  4.6442544243220327E+00 b      1409     2     9
  1.3225214292916407E+00 b      1410     2    10
 -5.1605936748044696E+00 b      1411     2    11
 -6.5083410786388046E-02 b      1412     2    12
 -3.4188619412189194E+00 b      1413     2    13
  2.5419018411274386E+00 b      1414     2    14
 -3.1264666016857832E+00 b      1415     2    15
  3.6751596850235715E+00 b      1416     2    16
 -9.3611333776451977E-01 b      1417     2    17
  2.4702526203659922E+00 b      1418     2    18
 -6.7568223613165335E-01 b      1419     2    19
  3.6011177846754263E+00 b      1420     2    20
  1.3020827139180135E+01 b      1421     2    21
 -1.2444302304415715E+00 b      1422     2    22
 -4.0719497700382430E+00 b      1423     2    23
  6.1268171973991938E+00 b      1424     2    24
 -3.3340736838029233E-01 b      1425     2    25
  1.8725783671947995E+00 a      1426     2     1     3     1
  1.2433158001377529E+00 a      1427     2     2     3     1
 -1.2050289229557187E+00 a      1428     2     3     3     1
  1.1341511117988448E+00 a      1429     2     4     3     1
 -2.1530533139933259E+00 a      1430     2     5     3     1
  2.7111001781394817E-01 a      1431     2     6     3     1
  2.1276921145830321E+00 a      1432     2     7     3     1
  1.6728812399573947E+00 a      1433     2     8     3     1
 -5.7393520729739644E-01 a      1434     2     9     3     1
 -8.6612493534116797E-01 a      1435     2    10     3     1
  3.6704272198050808E-01 a      1436     2    11     3     1
  1.4844301814434364E+00 a      1437     2    12     3     1
 -1.4673213224407924E+00 a      1438     2    13     3     1
  1.9282982669120732E+00 a      1439     2    14     3     1
 -7.2456251089623747E-01 a      1440     2    15     3     1
  4.6657213796245850E-01 a      1441     2    16     3     1
  1.8468480987974154E+00 a      1442     2    17     3     1
  9.6988144177195057E-01 a      1443     2    18     3     1
  1.7952005467874474E+00 a      1444     2    19     3     1
  2.0122713228923459E+00 a      1445     2    20     3     1
 -4.6278663453374724E-01 a      1446     2    21     3     1
  1.9816389379738466E+00 a      1447     2    22     3     1
 -3.5172056099403766E+00 a      1448     2    23     3     1
  2.1445346973109483E+00 a      1449     2    24     3     1
  1.6336911049106368E+00 a      1450     2    25     3     1
 -1.1276555618647039E+00 b      1451     3     1
