     -0.5597848858 a         1     0     1     1     1
     -0.0789699327 a         2     0     1     1     2
     -0.0429855603 a         3     0     1     1     3
      0.0888695663 a         4     0     1     1     4
     -0.4302102854 a         5     0     1     1     5
     -0.1845318670 a         6     0     1     1     6
     -0.4173589220 a         7     0     1     1     7
     -0.1719810228 a         8     0     1     1     8
     -0.8993304124 a         9     0     1     1     9
     -0.7483766838 a        10     0     1     1    10
     -0.0068428092 a        11     0     1     1    11
      1.7516509716 a        12     0     1     1    12
     -0.1698824387 a        13     0     1     1    13
      0.9820471862 a        14     0     1     1    14
      0.5615797887 a        15     0     1     1    15
      0.8554032454 a        16     0     1     1    16
      0.0382072000 a        17     0     1     1    17
      0.3326614540 a        18     0     1     1    18
     -0.1281311260 a        19     0     1     1    19
     -0.2287340892 a        20     0     1     1    20
      0.8470373787 a        21     0     1     1    21
      0.1821566241 a        22     0     1     1    22
      0.5187969654 a        23     0     1     1    23
      0.1821576559 a        24     0     1     1    24
      0.6127357886 a        25     0     1     1    25
     -0.2338956508 a        26     0     2     1     1
      1.1095679031 a        27     0     2     1     2
     -0.4272094292 a        28     0     2     1     3
     -0.1371599043 a        29     0     2     1     4
     -0.6702918712 a        30     0     2     1     5
     -0.5157421469 a        31     0     2     1     6
      0.7521063576 a        32     0     2     1     7
     -0.0877083993 a        33     0     2     1     8
      0.9948575768 a        34     0     2     1     9
      0.7167422135 a        35     0     2     1    10
      1.0489764783 a        36     0     2     1    11
     -1.4652964117 a        37     0     2     1    12
     -0.2245703919 a        38     0     2     1    13
     -0.0216647086 a        39     0     2     1    14
      0.4302889290 a        40     0     2     1    15
      0.9229631044 a        41     0     2     1    16
     -0.0604344383 a        42     0     2     1    17
      0.3139402342 a        43     0     2     1    18
      0.4184209444 a        44     0     2     1    19
      0.6238589411 a        45     0     2     1    20
     -0.5375252123 a        46     0     2     1    21
      0.2846558462 a        47     0     2     1    22
      0.6826145057 a        48     0     2     1    23
      0.3056343018 a        49     0     2     1    24
      0.9028774780 a        50     0     2     1    25
     -0.5669295794 a        51     0     3     1     1
     -0.9052343113 a        52     0     3     1     2
      0.9509239949 a        53     0     3     1     3
     -0.1194898878 a        54     0     3     1     4
     -0.0829868792 a        55     0     3     1     5
      0.4335289436 a        56     0     3     1     6
     -0.7446649101 a        57     0     3     1     7
      0.4530198152 a        58     0     3     1     8
     -0.7652025876 a        59     0     3     1     9
     -0.8611047731 a        60     0     3     1    10
     -0.8534623036 a        61     0     3     1    11
      0.9748422834 a        62     0     3     1    12
     -0.1327319210 a        63     0     3     1    13
     -0.8874121250 a        64     0     3     1    14
     -0.5526231168 a        65     0     3     1    15
      0.0972291833 a        66     0     3     1    16
      0.4543552434 a        67     0     3     1    17
     -0.1379225116 a        68     0     3     1    18
     -0.5858253617 a        69     0     3     1    19
     -1.1375685335 a        70     0     3     1    20
     -0.2158967724 a        71     0     3     1    21
     -0.0286799450 a        72     0     3     1    22
      0.6283805701 a        73     0     3     1    23
     -0.0552822057 a        74     0     3     1    24
     -0.6159287744 a        75     0     3     1    25
     -0.6361917478 a        76     0     4     1     1
      0.7259463408 a        77     0     4     1     2
      0.6487854712 a        78     0     4     1     3
     -0.1562253793 a        79     0     4     1     4
     -0.6124587328 a        80     0     4     1     5
      0.1690611878 a        81     0     4     1     6
      0.1335398664 a        82     0     4     1     7
      0.6147335831 a        83     0     4     1     8
      0.6035214305 a        84     0     4     1     9
     -0.1510304660 a        85     0     4     1    10
      0.1651526323 a        86     0     4     1    11
     -1.3130525862 a        87     0     4     1    12
     -0.6956397841 a        88     0     4     1    13
     -0.1279636907 a        89     0     4     1    14
     -0.6590354473 a        90     0     4     1    15
      0.0088934274 a        91     0     4     1    16
     -0.7498733602 a        92     0     4     1    17
     -0.0501659962 a        93     0     4     1    18
      0.5398953372 a        94     0     4     1    19
     -0.0573670353 a        95     0     4     1    20
     -0.3108600491 a        96     0     4     1    21
     -0.0175926352 a        97     0     4     1    22
      0.2076608291 a        98     0     4     1    23
     -0.1886927348 a        99     0     4     1    24
     -0.5702661152 a       100     0     4     1    25
     -0.0345293022 a       101     0     5     1     1
     -0.3580372164 a       102     0     5     1     2
     -0.7834140524 a       103     0     5     1     3
      0.1741295091 a       104     0     5     1     4
     -0.0247986578 a       105     0     5     1     5
      0.3546508550 a       106     0     5     1     6
      1.3539000907 a       107     0     5     1     7
     -0.0128726391 a       108     0     5     1     8
     -1.4338813807 a       109     0     5     1     9
      1.2738315594 a       110     0     5     1    10
      0.0389488145 a       111     0     5     1    11
      0.4817448989 a       112     0     5     1    12
      0.7676715211 a       113     0     5     1    13
      0.7707716472 a       114     0     5     1    14
     -0.2540074483 a       115     0     5     1    15
      0.5533936592 a       116     0     5     1    16
      0.9517265242 a       117     0     5     1    17
     -0.3007489029 a       118     0     5     1    18
      0.5134566790 a       119     0     5     1    19
      0.6288904475 a       120     0     5     1    20
      1.4722685153 a       121     0     5     1    21
     -0.6335083065 a       122     0     5     1    22
      0.4271891568 a       123     0     5     1    23
     -0.6749722214 a       124     0     5     1    24
      0.7596755813 a       125     0     5     1    25
     -0.1421349963 a       126     0     6     1     1
      0.2978129822 a       127     0     6     1     2
     -0.8113944056 a       128     0     6     1     3
      0.0700998248 a       129     0     6     1     4
      0.3054728988 a       130     0     6     1     5
      0.8499912914 a       131     0     6     1     6
     -0.4073316083 a       132     0     6     1     7
     -0.2057551809 a       133     0     6     1     8
     -0.5600553794 a       134     0     6     1     9
     -0.3561620042 a       135     0     6     1    10
     -0.0200468261 a       136     0     6     1    11
     -0.8450605924 a       137     0     6     1    12
     -0.5192051921 a       138     0     6     1    13
     -0.3453102762 a       139     0     6     1    14
     -0.1592325374 a       140     0     6     1    15
     -0.5023990176 a       141     0     6     1    16
      0.2177854139 a       142     0     6     1    17
      0.0049456589 a       143     0     6     1    18
      0.0808128561 a       144     0     6     1    19
      0.2816900670 a       145     0     6     1    20
      0.0100436285 a       146     0     6     1    21
     -0.0972403143 a       147     0     6     1    22
     -0.3629397251 a       148     0     6     1    23
     -0.1373674724 a       149     0     6     1    24
     -0.5278498893 a       150     0     6     1    25
      0.1332678258 a       151     0     7     1     1
      0.3007775296 a       152     0     7     1     2
     -0.6118578646 a       153     0     7     1     3
      0.5565557906 a       154     0     7     1     4
     -0.4886768627 a       155     0     7     1     5
      0.1641843079 a       156     0     7     1     6
      0.7161618486 a       157     0     7     1     7
     -0.3187705543 a       158     0     7     1     8
      0.0082247656 a       159     0     7     1     9
     -0.4157062222 a       160     0     7     1    10
     -0.7570882884 a       161     0     7     1    11
      1.6707396824 a       162     0     7     1    12
      0.5397572936 a       163     0     7     1    13
      1.0555272053 a       164     0     7     1    14
     -1.2007532709 a       165     0     7     1    15
     -0.0774360647 a       166     0     7     1    16
     -0.4374170447 a       167     0     7     1    17
     -0.6317366574 a       168     0     7     1    18
      0.5274953986 a       169     0     7     1    19
     -1.1624959447 a       170     0     7     1    20
     -0.6445063405 a       171     0     7     1    21
      0.7624886604 a       172     0     7     1    22
     -0.4344448714 a       173     0     7     1    23
      0.6692730730 a       174     0     7     1    24
      0.5685399304 a       175     0     7     1    25
      0.1901943224 a       176     0     8     1     1
      0.2103694456 a       177     0     8     1     2
      0.9521735671 a       178     0     8     1     3
     -0.2945540400 a       179     0     8     1     4
     -0.1445709888 a       180     0     8     1     5
     -0.7557009295 a       181     0     8     1     6
     -0.5300788433 a       182     0     8     1     7
     -0.0801742157 a       183     0     8     1     8
      0.6507495144 a       184     0     8     1     9
     -0.2719340516 a       185     0     8     1    10
     -1.1624332623 a       186     0     8     1    11
     -0.2406841567 a       187     0     8     1    12
     -0.7126419194 a       188     0     8     1    13
     -1.9718151829 a       189     0     8     1    14
     -0.8306217725 a       190     0     8     1    15
     -0.9869207104 a       191     0     8     1    16
     -0.0710618786 a       192     0     8     1    17
     -0.0480924764 a       193     0     8     1    18
     -0.0633822167 a       194     0     8     1    19
     -1.6669486394 a       195     0     8     1    20
     -1.4257345882 a       196     0     8     1    21
      0.1002468417 a       197     0     8     1    22
     -0.3926140197 a       198     0     8     1    23
      0.9390587359 a       199     0     8     1    24
     -1.1515622676 a       200     0     8     1    25
      0.1121413772 a       201     0     9     1     1
      0.7711397131 a       202     0     9     1     2
     -1.1169923415 a       203     0     9     1     3
     -0.1215561846 a       204     0     9     1     4
      0.3427700897 a       205     0     9     1     5
      1.0948218904 a       206     0     9     1     6
     -1.3114789103 a       207     0     9     1     7
      0.7941851258 a       208     0     9     1     8
     -0.7258050574 a       209     0     9     1     9
     -0.4162804504 a       210     0     9     1    10
      0.8881418409 a       211     0     9     1    11
     -0.5217802254 a       212     0     9     1    12
      0.0294128092 a       213     0     9     1    13
      0.8749929082 a       214     0     9     1    14
      1.1846884337 a       215     0     9     1    15
      0.0759962284 a       216     0     9     1    16
     -0.0129994096 a       217     0     9     1    17
     -1.4721926622 a       218     0     9     1    18
      0.9451888300 a       219     0     9     1    19
      0.0491341130 a       220     0     9     1    20
     -0.4855560983 a       221     0     9     1    21
      0.7700721049 a       222     0     9     1    22
      0.4810338785 a       223     0     9     1    23
     -1.3107214774 a       224     0     9     1    24
      0.3599647539 a       225     0     9     1    25
      0.0631452162 a       226     0    10     1     1
     -0.3953594489 a       227     0    10     1     2
     -0.2137110656 a       228     0    10     1     3
     -0.1192376962 a       229     0    10     1     4
      0.4056065639 a       230     0    10     1     5
     -0.2960255205 a       231     0    10     1     6
     -1.1660846267 a       232     0    10     1     7
     -0.8218461850 a       233     0    10     1     8
     -0.5986691987 a       234     0    10     1     9
      0.4430110486 a       235     0    10     1    10
      0.0730506549 a       236     0    10     1    11
     -1.3630033626 a       237     0    10     1    12
     -0.4090337509 a       238     0    10     1    13
      0.9598057646 a       239     0    10     1    14
     -0.0902119174 a       240     0    10     1    15
     -0.8687895204 a       241     0    10     1    16
      0.1450385571 a       242     0    10     1    17
     -0.1477516398 a       243     0    10     1    18
      0.5959157479 a       244     0    10     1    19
      1.1847795716 a       245     0    10     1    20
     -0.6734012627 a       246     0    10     1    21
     -0.8292793360 a       247     0    10     1    22
     -0.3507693493 a       248     0    10     1    23
      0.8936713127 a       249     0    10     1    24
      0.5986719608 a       250     0    10     1    25
      0.0717048870 a       251     0    11     1     1
      0.7556939278 a       252     0    11     1     2
      2.1510715323 a       253     0    11     1     3
     -0.3051711447 a       254     0    11     1     4
      0.0457756756 a       255     0    11     1     5
      0.2371121590 a       256     0    11     1     6
      0.2493396425 a       257     0    11     1     7
     -0.5581833016 a       258     0    11     1     8
     -0.1188659413 a       259     0    11     1     9
      1.1184935565 a       260     0    11     1    10
     -0.3372239838 a       261     0    11     1    11
      1.5553545359 a       262     0    11     1    12
     -0.7622871107 a       263     0    11     1    13
     -0.0094363763 a       264     0    11     1    14
     -0.3190217371 a       265     0    11     1    15
      0.9022047028 a       266     0    11     1    16
     -0.0299537699 a       267     0    11     1    17
      0.7669885969 a       268     0    11     1    18
      0.6874962806 a       269     0    11     1    19
     -0.6118521179 a       270     0    11     1    20
      0.5551720154 a       271     0    11     1    21
      0.4512532548 a       272     0    11     1    22
     -0.6108385447 a       273     0    11     1    23
     -0.6870839117 a       274     0    11     1    24
      0.2527963320 a       275     0    11     1    25
      0.3677625320 a       276     0    12     1     1
     -0.4343780836 a       277     0    12     1     2
      0.6096390065 a       278     0    12     1     3
     -0.4301237502 a       279     0    12     1     4
     -0.6706719115 a       280     0    12     1     5
      0.7117293791 a       281     0    12     1     6
      0.5821537470 a       282     0    12     1     7
     -0.5453861467 a       283     0    12     1     8
      0.4680742550 a       284     0    12     1     9
      0.0269985337 a       285     0    12     1    10
      0.7193273092 a       286     0    12     1    11
      0.4556418205 a       287     0    12     1    12
      0.5084798108 a       288     0    12     1    13
      0.0576253192 a       289     0    12     1    14
     -0.8867685575 a       290     0    12     1    15
     -0.2354082767 a       291     0    12     1    16
     -0.6601939256 a       292     0    12     1    17
     -0.7302209404 a       293     0    12     1    18
     -0.0838238944 a       294     0    12     1    19
      0.9052654343 a       295     0    12     1    20
     -0.5719980837 a       296     0    12     1    21
      0.2963581717 a       297     0    12     1    22
     -0.0646306612 a       298     0    12     1    23
     -0.7172130155 a       299     0    12     1    24
     -0.4077493772 a       300     0    12     1    25
     -0.0263987901 a       301     0    13     1     1
     -0.9545260289 a       302     0    13     1     2
     -1.5220276455 a       303     0    13     1     3
     -0.7494859600 a       304     0    13     1     4
      0.3685392198 a       305     0    13     1     5
      0.5733226252 a       306     0    13     1     6
      0.0435326828 a       307     0    13     1     7
     -0.1572033033 a       308     0    13     1     8
      0.3556133195 a       309     0    13     1     9
     -0.9813529341 a       310     0    13     1    10
      0.6597010147 a       311     0    13     1    11
     -1.2565339426 a       312     0    13     1    12
      0.2630746115 a       313     0    13     1    13
      0.9365419204 a       314     0    13     1    14
      0.0853211136 a       315     0    13     1    15
     -0.0119013796 a       316     0    13     1    16
      0.6035155918 a       317     0    13     1    17
     -0.9266739737 a       318     0    13     1    18
     -0.6146184978 a       319     0    13     1    19
      0.4727635862 a       320     0    13     1    20
     -0.9708039157 a       321     0    13     1    21
      1.0344468103 a       322     0    13     1    22
     -0.3359152963 a       323     0    13     1    23
      0.2939664617 a       324     0    13     1    24
     -0.2523133557 a       325     0    13     1    25
     -0.6429720026 a       326     0    14     1     1
      0.2608108073 a       327     0    14     1     2
     -0.8209962193 a       328     0    14     1     3
     -0.1883927941 a       329     0    14     1     4
      0.8170668486 a       330     0    14     1     5
     -0.9299579588 a       331     0    14     1     6
      0.2998957847 a       332     0    14     1     7
      0.2689133538 a       333     0    14     1     8
     -0.7279503153 a       334     0    14     1     9
     -0.5189930624 a       335     0    14     1    10
      0.0853205221 a       336     0    14     1    11
      0.1206007516 a       337     0    14     1    12
     -0.1132683198 a       338     0    14     1    13
     -0.2065351562 a       339     0    14     1    14
     -0.0171669847 a       340     0    14     1    15
     -0.2784363729 a       341     0    14     1    16
      0.2858291056 a       342     0    14     1    17
      1.0783284226 a       343     0    14     1    18
     -1.3638299525 a       344     0    14     1    19
      0.1718478422 a       345     0    14     1    20
      0.1515942421 a       346     0    14     1    21
      0.8878403120 a       347     0    14     1    22
     -0.2291691738 a       348     0    14     1    23
     -0.6266494185 a       349     0    14     1    24
     -0.2809476140 a       350     0    14     1    25
      0.2564417690 a       351     0    15     1     1
     -0.0486253481 a       352     0    15     1     2
      0.2274506752 a       353     0    15     1     3
      0.6753034877 a       354     0    15     1     4
      0.5499402299 a       355     0    15     1     5
     -0.1266431489 a       356     0    15     1     6
      0.4190813299 a       357     0    15     1     7
      0.0427253271 a       358     0    15     1     8
      0.0915855359 a       359     0    15     1     9
      0.2464521922 a       360     0    15     1    10
     -0.5067884422 a       361     0    15     1    11
      0.3297012303 a       362     0    15     1    12
      0.0040636759 a       363     0    15     1    13
     -1.1631057732 a       364     0    15     1    14
     -0.3794793288 a       365     0    15     1    15
     -0.5931832048 a       366     0    15     1    16
     -0.0392639202 a       367     0    15     1    17
      0.5305477364 a       368     0    15     1    18
      0.8228710425 a       369     0    15     1    19
     -0.0048867641 a       370     0    15     1    20
     -0.1893462955 a       371     0    15     1    21
     -0.6268029628 a       372     0    15     1    22
      0.4436904570 a       373     0    15     1    23
     -0.4106645903 a       374     0    15     1    24
     -0.7085558919 a       375     0    15     1    25
      0.8853198093 a       376     0    16     1     1
      0.0969205705 a       377     0    16     1     2
     -0.1182947765 a       378     0    16     1     3
      0.2942301567 a       379     0    16     1     4
     -0.5306668640 a       380     0    16     1     5
     -0.7447181652 a       381     0    16     1     6
      0.8169493728 a       382     0    16     1     7
     -0.2790771225 a       383     0    16     1     8
     -0.6957800825 a       384     0    16     1     9
      1.2871830836 a       385     0    16     1    10
     -0.4070893987 a       386     0    16     1    11
     -0.6019109356 a       387     0    16     1    12
     -0.0167132536 a       388     0    16     1    13
     -0.1018504742 a       389     0    16     1    14
     -0.1743502182 a       390     0    16     1    15
      0.0576338426 a       391     0    16     1    16
     -0.9120020475 a       392     0    16     1    17
     -0.3005270259 a       393     0    16     1    18
      0.3353342287 a       394     0    16     1    19
     -0.7458899832 a       395     0    16     1    20
      0.6859743500 a       396     0    16     1    21
     -0.2493355219 a       397     0    16     1    22
     -0.4533684313 a       398     0    16     1    23
     -0.3053301473 a       399     0    16     1    24
     -0.5053097936 a       400     0    16     1    25
     -0.9304592177 a       401     0    17     1     1
     -1.0112263627 a       402     0    17     1     2
     -0.4599025312 a       403     0    17     1     3
      0.2921160054 a       404     0    17     1     4
     -0.9079612373 a       405     0    17     1     5
      1.7627793363 a       406     0    17     1     6
     -0.5093232468 a       407     0    17     1     7
      0.9724945742 a       408     0    17     1     8
      0.4009090359 a       409     0    17     1     9
      0.4863299120 a       410     0    17     1    10
      0.6114951297 a       411     0    17     1    11
     -0.3384913709 a       412     0    17     1    12
      0.6275732438 a       413     0    17     1    13
     -1.1550237196 a       414     0    17     1    14
      0.1779689085 a       415     0    17     1    15
     -0.2681930514 a       416     0    17     1    16
      0.5811661667 a       417     0    17     1    17
     -1.1531753024 a       418     0    17     1    18
     -0.4558886005 a       419     0    17     1    19
      0.3097033089 a       420     0    17     1    20
      1.8394617485 a       421     0    17     1    21
     -0.4237367789 a       422     0    17     1    22
      0.6628178623 a       423     0    17     1    23
     -0.7162717285 a       424     0    17     1    24
      0.7995605124 a       425     0    17     1    25
     -0.5297162011 a       426     0    18     1     1
     -0.7249648359 a       427     0    18     1     2
      0.5966378727 a       428     0    18     1     3
     -0.0276988083 a       429     0    18     1     4
     -0.6700592280 a       430     0    18     1     5
     -0.9181162528 a       431     0    18     1     6
     -1.0013793599 a       432     0    18     1     7
      0.4001132812 a       433     0    18     1     8
     -1.6922342991 a       434     0    18     1     9
     -1.0274989229 a       435     0    18     1    10
      0.3826594617 a       436     0    18     1    11
     -0.1606687208 a       437     0    18     1    12
     -0.0393389889 a       438     0    18     1    13
     -0.0831561124 a       439     0    18     1    14
     -0.1059132396 a       440     0    18     1    15
     -0.2236959538 a       441     0    18     1    16
     -0.9409618484 a       442     0    18     1    17
     -0.4708196305 a       443     0    18     1    18
      0.1113409889 a       444     0    18     1    19
      0.2515614523 a       445     0    18     1    20
     -0.2641655702 a       446     0    18     1    21
     -0.8447026010 a       447     0    18     1    22
     -1.0725076358 a       448     0    18     1    23
      1.2247977895 a       449     0    18     1    24
      0.0191774542 a       450     0    18     1    25
     -0.1064895793 a       451     0    19     1     1
      0.0013428296 a       452     0    19     1     2
     -0.6172407930 a       453     0    19     1     3
      0.5818049656 a       454     0    19     1     4
      0.6152101595 a       455     0    19     1     5
     -1.4853139085 a       456     0    19     1     6
     -1.5940655494 a       457     0    19     1     7
      1.2969235567 a       458     0    19     1     8
      0.3688057023 a       459     0    19     1     9
     -0.2777420805 a       460     0    19     1    10
      0.3439937226 a       461     0    19     1    11
     -0.2217692481 a       462     0    19     1    12
     -0.0755666595 a       463     0    19     1    13
     -0.3755181813 a       464     0    19     1    14
     -0.4181999140 a       465     0    19     1    15
      0.1343278888 a       466     0    19     1    16
     -0.6657303348 a       467     0    19     1    17
     -0.1350261925 a       468     0    19     1    18
      0.2095047127 a       469     0    19     1    19
     -0.4303085672 a       470     0    19     1    20
     -1.3078510277 a       471     0    19     1    21
      1.0796105490 a       472     0    19     1    22
      0.5247751647 a       473     0    19     1    23
      1.0451108148 a       474     0    19     1    24
     -1.4473016900 a       475     0    19     1    25
     -0.2292631280 a       476     0    20     1     1
     -0.1645573497 a       477     0    20     1     2
     -0.3515619176 a       478     0    20     1     3
      0.0970507694 a       479     0    20     1     4
      0.2287893419 a       480     0    20     1     5
     -0.1441822613 a       481     0    20     1     6
      1.3248329824 a       482     0    20     1     7
     -0.6396421625 a       483     0    20     1     8
     -0.6751606950 a       484     0    20     1     9
      0.6986274216 a       485     0    20     1    10
      0.9516811441 a       486     0    20     1    11
      0.0204055351 a       487     0    20     1    12
     -0.1910278922 a       488     0    20     1    13
     -0.1870298918 a       489     0    20     1    14
     -0.1530654339 a       490     0    20     1    15
      0.1102505556 a       491     0    20     1    16
     -0.8773184190 a       492     0    20     1    17
     -0.0440327121 a       493     0    20     1    18
     -0.0539062722 a       494     0    20     1    19
      0.3704709685 a       495     0    20     1    20
      0.5197753951 a       496     0    20     1    21
      1.1499283962 a       497     0    20     1    22
     -0.0664076337 a       498     0    20     1    23
     -0.8050356697 a       499     0    20     1    24
      0.3054075378 a       500     0    20     1    25
     -1.1435921258 a       501     0    21     1     1
     -0.5998808148 a       502     0    21     1     2
      0.9242796121 a       503     0    21     1     3
      0.0463785957 a       504     0    21     1     4
      0.3014189009 a       505     0    21     1     5
     -0.7652887802 a       506     0    21     1     6
     -2.0403308872 a       507     0    21     1     7
      0.5096039981 a       508     0    21     1     8
      0.2699604442 a       509     0    21     1     9
     -0.2807822090 a       510     0    21     1    10
     -0.1784854860 a       511     0    21     1    11
      0.5029684300 a       512     0    21     1    12
     -0.3700564148 a       513     0    21     1    13
      0.3349805793 a       514     0    21     1    14
     -0.2380831148 a       515     0    21     1    15
     -0.4546820650 a       516     0    21     1    16
      0.7827236389 a       517     0    21     1    17
      0.6967623964 a       518     0    21     1    18
     -0.3691465296 a       519     0    21     1    19
     -0.1773421741 a       520     0    21     1    20
     -0.1359213523 a       521     0    21     1    21
     -0.3500886224 a       522     0    21     1    22
     -0.7010178503 a       523     0    21     1    23
      0.2149670677 a       524     0    21     1    24
      0.6542420394 a       525     0    21     1    25
      0.3565039043 a       526     0    22     1     1
     -0.1218731229 a       527     0    22     1     2
      0.7491350338 a       528     0    22     1     3
      0.5909703218 a       529     0    22     1     4
     -0.5520047654 a       530     0    22     1     5
     -0.4311074675 a       531     0    22     1     6
      0.8370680834 a       532     0    22     1     7
     -0.1887092849 a       533     0    22     1     8
      1.0971916820 a       534     0    22     1     9
     -0.0091172310 a       535     0    22     1    10
     -0.3415886491 a       536     0    22     1    11
     -0.7621664402 a       537     0    22     1    12
      0.1415226789 a       538     0    22     1    13
      1.4722467551 a       539     0    22     1    14
     -0.3414035407 a       540     0    22     1    15
     -0.2747240522 a       541     0    22     1    16
      0.4006513218 a       542     0    22     1    17
      0.1293414426 a       543     0    22     1    18
     -0.2495120429 a       544     0    22     1    19
     -0.0375484781 a       545     0    22     1    20
      0.4704832877 a       546     0    22     1    21
     -0.0828602650 a       547     0    22     1    22
     -0.0112413489 a       548     0    22     1    23
      0.1907133809 a       549     0    22     1    24
      0.7370828847 a       550     0    22     1    25
      0.0047342984 a       551     0    23     1     1
     -0.8707763033 a       552     0    23     1     2
      0.9616314217 a       553     0    23     1     3
     -0.3592591246 a       554     0    23     1     4
     -0.1832585463 a       555     0    23     1     5
     -0.1221599000 a       556     0    23     1     6
      1.5136104321 a       557     0    23     1     7
     -0.2960947044 a       558     0    23     1     8
     -0.1469777800 a       559     0    23     1     9
     -0.5247185514 a       560     0    23     1    10
     -0.3233946176 a       561     0    23     1    11
     -0.3059230404 a       562     0    23     1    12
     -0.0211039181 a       563     0    23     1    13
     -1.5429738964 a       564     0    23     1    14
      0.8554568861 a       565     0    23     1    15
      0.1209482788 a       566     0    23     1    16
      0.3772540436 a       567     0    23     1    17
      0.7241291621 a       568     0    23     1    18
      0.1535252342 a       569     0    23     1    19
      0.2110231077 a       570     0    23     1    20
     -0.9858209292 a       571     0    23     1    21
     -0.1327487393 a       572     0    23     1    22
      2.0220312608 a       573     0    23     1    23
      0.1217615502 a       574     0    23     1    24
     -0.6760505135 a       575     0    23     1    25
     -1.0578637138 a       576     0    24     1     1
      1.6624258705 a       577     0    24     1     2
      0.4709044781 a       578     0    24     1     3
      0.0570713891 a       579     0    24     1     4
     -1.0289763445 a       580     0    24     1     5
      1.1889759303 a       581     0    24     1     6
      2.9626468671 a       582     0    24     1     7
     -1.3496218411 a       583     0    24     1     8
      1.2733934951 a       584     0    24     1     9
     -0.0631222344 a       585     0    24     1    10
      0.7065030650 a       586     0    24     1    11
      1.4123942580 a       587     0    24     1    12
     -0.0132206740 a       588     0    24     1    13
      0.9210201616 a       589     0    24     1    14
     -1.1467440158 a       590     0    24     1    15
      0.0908798486 a       591     0    24     1    16
     -0.5739115124 a       592     0    24     1    17
     -0.6279860526 a       593     0    24     1    18
      0.7158472939 a       594     0    24     1    19
     -0.7822326848 a       595     0    24     1    20
     -1.3610439018 a       596     0    24     1    21
      0.6708781345 a       597     0    24     1    22
     -0.3203967439 a       598     0    24     1    23
     -2.3069370759 a       599     0    24     1    24
      0.3264517603 a       600     0    24     1    25
      0.3331194394 a       601     0    25     1     1
     -0.0799100762 a       602     0    25     1     2
     -0.5064460413 a       603     0    25     1     3
      0.5575087899 a       604     0    25     1     4
      0.7984097148 a       605     0    25     1     5
      0.4356387128 a       606     0    25     1     6
     -1.1825631620 a       607     0    25     1     7
     -0.0993501435 a       608     0    25     1     8
     -0.9428915960 a       609     0    25     1     9
      0.2160950813 a       610     0    25     1    10
     -0.7779615304 a       611     0    25     1    11
     -0.8237112924 a       612     0    25     1    12
     -0.4472510498 a       613     0    25     1    13
      0.3872563731 a       614     0    25     1    14
      0.4846501303 a       615     0    25     1    15
     -0.0940393631 a       616     0    25     1    16
      0.5661019490 a       617     0    25     1    17
     -0.2793688934 a       618     0    25     1    18
     -0.8314424787 a       619     0    25     1    19
      0.4499448150 a       620     0    25     1    20
     -0.2277630799 a       621     0    25     1    21
     -0.5786319202 a       622     0    25     1    22
      0.4232886796 a       623     0    25     1    23
      0.8474548400 a       624     0    25     1    24
     -0.2665094491 a       625     0    25     1    25
      0.7774299414 a       626     0    26     1     1
     -0.3680083833 a       627     0    26     1     2
      1.5935892470 a       628     0    26     1     3
     -0.0078390387 a       629     0    26     1     4
     -0.0506260067 a       630     0    26     1     5
      0.2876192068 a       631     0    26     1     6
      0.6934007174 a       632     0    26     1     7
     -0.2066904670 a       633     0    26     1     8
     -0.9471101729 a       634     0    26     1     9
     -0.2463703649 a       635     0    26     1    10
     -0.1572070666 a       636     0    26     1    11
     -1.2161946444 a       637     0    26     1    12
     -0.3021524443 a       638     0    26     1    13
     -0.4451403916 a       639     0    26     1    14
      0.8337878737 a       640     0    26     1    15
     -0.3681266114 a       641     0    26     1    16
     -0.9248345545 a       642     0    26     1    17
      0.1167881883 a       643     0    26     1    18
     -0.0087549026 a       644     0    26     1    19
     -0.8296105009 a       645     0    26     1    20
      1.7823847622 a       646     0    26     1    21
     -0.1694824470 a       647     0    26     1    22
      0.1707683002 a       648     0    26     1    23
      0.2377674805 a       649     0    26     1    24
     -0.6385119634 a       650     0    26     1    25
      1.3333611404 a       651     0    27     1     1
     -1.6459216800 a       652     0    27     1     2
     -0.7970839365 a       653     0    27     1     3
     -0.5366185544 a       654     0    27     1     4
      1.2496725243 a       655     0    27     1     5
     -1.9336030328 a       656     0    27     1     6
     -0.3777229466 a       657     0    27     1     7
      0.4319969557 a       658     0    27     1     8
     -0.6627112623 a       659     0    27     1     9
      1.4205585980 a       660     0    27     1    10
     -0.7400081853 a       661     0    27     1    11
     -0.8928171491 a       662     0    27     1    12
      0.3879546314 a       663     0    27     1    13
     -0.8284248773 a       664     0    27     1    14
      1.2708620278 a       665     0    27     1    15
     -0.5454788975 a       666     0    27     1    16
      2.6167354517 a       667     0    27     1    17
      1.0301379130 a       668     0    27     1    18
      0.1547285537 a       669     0    27     1    19
      1.9218182921 a       670     0    27     1    20
      0.0133233747 a       671     0    27     1    21
     -1.1876810028 a       672     0    27     1    22
      1.3193043397 a       673     0    27     1    23
      1.5655036166 a       674     0    27     1    24
      1.3558768403 a       675     0    27     1    25
     -0.2178383427 a       676     0    28     1     1
      0.8821105176 a       677     0    28     1     2
      0.1514639029 a       678     0    28     1     3
      0.6644820275 a       679     0    28     1     4
      0.6896795654 a       680     0    28     1     5
      2.6369981681 a       681     0    28     1     6
     -0.0674809972 a       682     0    28     1     7
      0.6850583903 a       683     0    28     1     8
      0.1155039029 a       684     0    28     1     9
     -0.8394200155 a       685     0    28     1    10
     -0.2850509420 a       686     0    28     1    11
     -0.0538773942 a       687     0    28     1    12
     -0.0064021193 a       688     0    28     1    13
      0.6416078347 a       689     0    28     1    14
     -0.4456878602 a       690     0    28     1    15
      0.1624365552 a       691     0    28     1    16
     -0.9465668501 a       692     0    28     1    17
     -1.0095156458 a       693     0    28     1    18
     -0.4071516020 a       694     0    28     1    19
     -0.8612455374 a       695     0    28     1    20
      0.2125857978 a       696     0    28     1    21
      0.7292003675 a       697     0    28     1    22
      0.0908750630 a       698     0    28     1    23
     -0.6662570636 a       699     0    28     1    24
     -0.3531462914 a       700     0    28     1    25
     -0.1392853144 a       701     0    29     1     1
      0.1877650535 a       702     0    29     1     2
     -1.0078748701 a       703     0    29     1     3
     -0.7075903067 a       704     0    29     1     4
     -0.7847700519 a       705     0    29     1     5
      0.3404608245 a       706     0    29     1     6
     -0.2478394420 a       707     0    29     1     7
     -1.0834815657 a       708     0    29     1     8
      0.9746553923 a       709     0    29     1     9
     -1.0516766365 a       710     0    29     1    10
      0.3431743100 a       711     0    29     1    11
      0.2096125367 a       712     0    29     1    12
     -0.1494707839 a       713     0    29     1    13
      0.7334478003 a       714     0    29     1    14
      1.1335326324 a       715     0    29     1    15
      0.0798645766 a       716     0    29     1    16
     -0.2112069399 a       717     0    29     1    17
      1.0072648893 a       718     0    29     1    18
     -0.2982966119 a       719     0    29     1    19
      0.1043908314 a       720     0    29     1    20
      0.4953711115 a       721     0    29     1    21
      0.3976340460 a       722     0    29     1    22
      0.7257118052 a       723     0    29     1    23
      1.3468632996 a       724     0    29     1    24
      0.1511494766 a       725     0    29     1    25
      0.5483611605 a       726     0    30     1     1
      0.3396770339 a       727     0    30     1     2
     -1.2913027346 a       728     0    30     1     3
      0.4549550880 a       729     0    30     1     4
     -0.1302601754 a       730     0    30     1     5
     -0.3789776889 a       731     0    30     1     6
     -1.5064513922 a       732     0    30     1     7
      0.2333195769 a       733     0    30     1     8
      0.4895038745 a       734     0    30     1     9
      0.5326030289 a       735     0    30     1    10
      0.1563484830 a       736     0    30     1    11
      0.8222201126 a       737     0    30     1    12
     -0.4317201721 a       738     0    30     1    13
     -0.4453659375 a       739     0    30     1    14
      0.5968980299 a       740     0    30     1    15
      0.0206583414 a       741     0    30     1    16
      0.0735504595 a       742     0    30     1    17
     -0.1767603051 a       743     0    30     1    18
      0.0898845855 a       744     0    30     1    19
     -0.0146136029 a       745     0    30     1    20
     -0.8969201781 a       746     0    30     1    21
      0.6323118608 a       747     0    30     1    22
     -0.3424867687 a       748     0    30     1    23
     -0.7736150480 a       749     0    30     1    24
      0.1478411872 a       750     0    30     1    25
      1.3711919985 b       751     1     1
     -0.2727381766 b       752     1     2
      0.7885218954 b       753     1     3
      1.4417604048 b       754     1     4
     -1.3398396616 b       755     1     5
      0.1710943218 b       756     1     6
      1.0863384653 b       757     1     7
     -1.0086387249 b       758     1     8
     -0.8527660922 b       759     1     9
      0.4468096302 b       760     1    10
     -0.5764829363 b       761     1    11
     -0.9333477394 b       762     1    12
      0.7938719664 b       763     1    13
      0.4935741553 b       764     1    14
     -0.8402834646 b       765     1    15
      1.3979438048 b       766     1    16
     -0.6095634661 b       767     1    17
      0.6999181102 b       768     1    18
      0.7945064986 b       769     1    19
     -0.0922775968 b       770     1    20
      0.2201017417 b       771     1    21
      0.4307766270 b       772     1    22
      0.7363868746 b       773     1    23
      0.2784268349 b       774     1    24
     -0.0496092357 b       775     1    25
     -0.7977058948 a       776     1     1     2     1
      0.3561148500 a       777     1     1     2     2
      0.8393074822 a       778     1     1     2     3
      0.1390867885 a       779     1     1     2     4
      0.6460722732 a       780     1     1     2     5
     -0.8351226937 a       781     1     1     2     6
      0.0156798133 a       782     1     1     2     7
      0.8861228138 a       783     1     1     2     8
     -0.0828836490 a       784     1     1     2     9
      1.0192805094 a       785     1     1     2    10
     -0.1445037015 a       786     1     1     2    11
     -0.0197069184 a       787     1     1     2    12
      0.1074904032 a       788     1     1     2    13
      0.1810654038 a       789     1     1     2    14
     -0.4137117574 a       790     1     1     2    15
      0.0818677963 a       791     1     1     2    16
      0.3463472901 a       792     1     1     2    17
     -0.1143486219 a       793     1     1     2    18
      0.5608060859 a       794     1     1     2    19
     -0.0570421536 a       795     1     1     2    20
      0.1101573409 a       796     1     1     2    21
     -0.0701072786 a       797     1     1     2    22
     -0.1151364284 a       798     1     1     2    23
     -0.2832969063 a       799     1     1     2    24
     -0.5830216098 a       800     1     1     2    25
     -0.6055106341 a       801     1     2     2     1
     -0.3480469251 a       802     1     2     2     2
     -0.8645770732 a       803     1     2     2     3
     -0.4280622087 a       804     1     2     2     4
     -0.2573231463 a       805     1     2     2     5
     -0.1270521658 a       806     1     2     2     6
      0.9192449617 a       807     1     2     2     7
      0.0901967077 a       808     1     2     2     8
     -0.6659929294 a       809     1     2     2     9
      0.7511517306 a       810     1     2     2    10
     -0.1732405153 a       811     1     2     2    11
      0.9605962758 a       812     1     2     2    12
      0.8226252090 a       813     1     2     2    13
     -0.1519218134 a       814     1     2     2    14
     -0.5249603384 a       815     1     2     2    15
     -0.0730818053 a       816     1     2     2    16
     -0.5471004267 a       817     1     2     2    17
     -0.2095543900 a       818     1     2     2    18
      0.5025641293 a       819     1     2     2    19
      0.1933299372 a       820     1     2     2    20
     -1.3617637604 a       821     1     2     2    21
      0.2277518660 a       822     1     2     2    22
      0.1826415259 a       823     1     2     2    23
      1.4200938117 a       824     1     2     2    24
      0.7445526890 a       825     1     2     2    25
      0.2494416488 a       826     1     3     2     1
     -0.5424094449 a       827     1     3     2     2
      0.5550098654 a       828     1     3     2     3
      0.4747289246 a       829     1     3     2     4
      0.5345386810 a       830     1     3     2     5
      0.2343293037 a       831     1     3     2     6
      0.1484295689 a       832     1     3     2     7
      0.3383141334 a       833     1     3     2     8
     -0.6063074708 a       834     1     3     2     9
     -0.0952737547 a       835     1     3     2    10
     -0.2866843878 a       836     1     3     2    11
      0.6361234033 a       837     1     3     2    12
     -0.4150011094 a       838     1     3     2    13
      0.4334272684 a       839     1     3     2    14
      0.4746931275 a       840     1     3     2    15
      0.2114024596 a       841     1     3     2    16
      0.3935253378 a       842     1     3     2    17
     -0.5023354182 a       843     1     3     2    18
      0.2721234725 a       844     1     3     2    19
     -0.8517225378 a       845     1     3     2    20
      0.2963139332 a       846     1     3     2    21
      0.5367036969 a       847     1     3     2    22
     -0.3765919028 a       848     1     3     2    23
      0.8513339921 a       849     1     3     2    24
     -0.0623150367 a       850     1     3     2    25
     -0.0116049652 a       851     1     4     2     1
     -0.3958941814 a       852     1     4     2     2
      0.0742089967 a       853     1     4     2     3
      0.1437570964 a       854     1     4     2     4
     -0.2623030486 a       855     1     4     2     5
     -0.0629453369 a       856     1     4     2     6
     -0.8432788718 a       857     1     4     2     7
      0.2478908992 a       858     1     4     2     8
      0.2380497838 a       859     1     4     2     9
     -0.3326149583 a       860     1     4     2    10
      0.2691157789 a       861     1     4     2    11
     -0.8732341015 a       862     1     4     2    12
      0.1561987845 a       863     1     4     2    13
     -0.3753879181 a       864     1     4     2    14
      0.0571191647 a       865     1     4     2    15
     -0.2306561796 a       866     1     4     2    16
      0.2725988162 a       867     1     4     2    17
      0.0131588168 a       868     1     4     2    18
      0.7601524464 a       869     1     4     2    19
     -0.1359801512 a       870     1     4     2    20
      0.0400202993 a       871     1     4     2    21
     -0.0244063213 a       872     1     4     2    22
     -0.0568819011 a       873     1     4     2    23
      0.4487169103 a       874     1     4     2    24
      0.1382261735 a       875     1     4     2    25
      0.0948329845 a       876     1     5     2     1
      0.3819188665 a       877     1     5     2     2
     -0.4317862032 a       878     1     5     2     3
      0.0755118412 a       879     1     5     2     4
      0.3782702495 a       880     1     5     2     5
     -0.2645732239 a       881     1     5     2     6
      0.1649598771 a       882     1     5     2     7
      0.6682449771 a       883     1     5     2     8
      0.1191065058 a       884     1     5     2     9
     -0.4552288816 a       885     1     5     2    10
     -0.0701411455 a       886     1     5     2    11
     -0.7559323555 a       887     1     5     2    12
      0.4181185871 a       888     1     5     2    13
      0.4499083913 a       889     1     5     2    14
      0.4729532074 a       890     1     5     2    15
     -0.2427233162 a       891     1     5     2    16
      0.5016641720 a       892     1     5     2    17
     -0.0335177127 a       893     1     5     2    18
      0.4201751203 a       894     1     5     2    19
     -0.3814306110 a       895     1     5     2    20
      0.1449541382 a       896     1     5     2    21
      0.6835751445 a       897     1     5     2    22
      0.3904538714 a       898     1     5     2    23
     -0.9227804204 a       899     1     5     2    24
     -0.9869046908 a       900     1     5     2    25
      0.1567152529 a       901     1     6     2     1
      0.2150776523 a       902     1     6     2     2
     -0.8424725533 a       903     1     6     2     3
      0.9274198940 a       904     1     6     2     4
     -0.5690051726 a       905     1     6     2     5
     -0.4377792528 a       906     1     6     2     6
     -2.0686731226 a       907     1     6     2     7
     -0.3038058638 a       908     1     6     2     8
     -0.7003254212 a       909     1     6     2     9
      3.1518004986 a       910     1     6     2    10
     -0.0108938240 a       911     1     6     2    11
      0.8066121843 a       912     1     6     2    12
      0.1577601200 a       913     1     6     2    13
      1.2787533204 a       914     1     6     2    14
      0.6315518297 a       915     1     6     2    15
      0.0504928855 a       916     1     6     2    16
     -0.4717855098 a       917     1     6     2    17
      0.1698523602 a       918     1     6     2    18
     -0.0575604095 a       919     1     6     2    19
      0.2454046888 a       920     1     6     2    20
      0.1336077723 a       921     1     6     2    21
     -1.6277418023 a       922     1     6     2    22
      0.1889171438 a       923     1     6     2    23
     -0.1919104426 a       924     1     6     2    24
      0.1956427067 a       925     1     6     2    25
     -0.4066042353 a       926     1     7     2     1
      0.4904305308 a       927     1     7     2     2
     -1.0419607279 a       928     1     7     2     3
      0.1654227099 a       929     1     7     2     4
     -0.3895869516 a       930     1     7     2     5
      0.4078517609 a       931     1     7     2     6
      0.4905798204 a       932     1     7     2     7
     -0.1280324003 a       933     1     7     2     8
     -0.7358799539 a       934     1     7     2     9
      1.2300743717 a       935     1     7     2    10
      0.4321154680 a       936     1     7     2    11
      0.7229744297 a       937     1     7     2    12
     -0.0654358393 a       938     1     7     2    13
     -0.3869277794 a       939     1     7     2    14
      0.3342091387 a       940     1     7     2    15
      0.0558127506 a       941     1     7     2    16
      0.0378866552 a       942     1     7     2    17
      0.2132571031 a       943     1     7     2    18
      0.4587754864 a       944     1     7     2    19
      0.3389875703 a       945     1     7     2    20
      0.3074769055 a       946     1     7     2    21
     -0.3295011902 a       947     1     7     2    22
      0.2498017688 a       948     1     7     2    23
      0.2955746811 a       949     1     7     2    24
     -0.0255450441 a       950     1     7     2    25
     -0.6518894057 a       951     1     8     2     1
      0.4986985044 a       952     1     8     2     2
      0.3284453189 a       953     1     8     2     3
     -0.0795662024 a       954     1     8     2     4
      0.1265126741 a       955     1     8     2     5
     -0.5846865216 a       956     1     8     2     6
     -0.8955943736 a       957     1     8     2     7
      0.0633253554 a       958     1     8     2     8
     -0.4792549946 a       959     1     8     2     9
      0.5464099287 a       960     1     8     2    10
     -0.5478594746 a       961     1     8     2    11
     -0.0935759895 a       962     1     8     2    12
     -0.3142838172 a       963     1     8     2    13
      0.6591951288 a       964     1     8     2    14
      0.3546627997 a       965     1     8     2    15
     -0.2612495440 a       966     1     8     2    16
     -0.1453285476 a       967     1     8     2    17
     -0.3363708270 a       968     1     8     2    18
     -0.6247359374 a       969     1     8     2    19
      0.0841924429 a       970     1     8     2    20
      0.0123505754 a       971     1     8     2    21
     -0.1092431414 a       972     1     8     2    22
     -0.4593069632 a       973     1     8     2    23
      0.4994599558 a       974     1     8     2    24
      0.3604137014 a       975     1     8     2    25
     -1.0048754953 a       976     1     9     2     1
      0.1216057484 a       977     1     9     2     2
      0.8387739165 a       978     1     9     2     3
     -0.0118531741 a       979     1     9     2     4
     -0.1870581944 a       980     1     9     2     5
     -0.4484327002 a       981     1     9     2     6
      0.4030071582 a       982     1     9     2     7
     -0.1538907972 a       983     1     9     2     8
      0.2602421536 a       984     1     9     2     9
     -0.2854946701 a       985     1     9     2    10
      0.0443161767 a       986     1     9     2    11
      0.3228759644 a       987     1     9     2    12
     -0.3097281238 a       988     1     9     2    13
      0.8894289310 a       989     1     9     2    14
     -0.6798932862 a       990     1     9     2    15
     -0.4085513130 a       991     1     9     2    16
     -0.1491152436 a       992     1     9     2    17
      0.2051522069 a       993     1     9     2    18
      0.4743677518 a       994     1     9     2    19
     -0.6913763647 a       995     1     9     2    20
     -0.2381306302 a       996     1     9     2    21
     -0.1476013731 a       997     1     9     2    22
      0.7857587901 a       998     1     9     2    23
      0.8049835307 a       999     1     9     2    24
      0.2462326028 a      1000     1     9     2    25
      0.8253545875 a      1001     1    10     2     1
     -0.2086307080 a      1002     1    10     2     2
     -0.6230027155 a      1003     1    10     2     3
     -0.2565399917 a      1004     1    10     2     4
      0.5450747484 a      1005     1    10     2     5
      0.5632929179 a      1006     1    10     2     6
      1.1125553431 a      1007     1    10     2     7
     -0.2158849119 a      1008     1    10     2     8
     -0.2791921186 a      1009     1    10     2     9
     -0.1693316747 a      1010     1    10     2    10
     -1.0159113920 a      1011     1    10     2    11
     -0.2560345579 a      1012     1    10     2    12
      0.1436833491 a      1013     1    10     2    13
     -0.1097112294 a      1014     1    10     2    14
     -0.3599845631 a      1015     1    10     2    15
      0.1070535383 a      1016     1    10     2    16
      0.4406999761 a      1017     1    10     2    17
      0.3472842131 a      1018     1    10     2    18
      0.3492759989 a      1019     1    10     2    19
     -0.2124660256 a      1020     1    10     2    20
      0.1786875024 a      1021     1    10     2    21
      0.1578213029 a      1022     1    10     2    22
      0.3709067718 a      1023     1    10     2    23
     -0.8904005638 a      1024     1    10     2    24
      0.8659766335 a      1025     1    10     2    25
     -0.4327388700 a      1026     1    11     2     1
      0.5197366094 a      1027     1    11     2     2
     -0.6177011474 a      1028     1    11     2     3
      0.3573134796 a      1029     1    11     2     4
      0.1281530873 a      1030     1    11     2     5
      1.1521851558 a      1031     1    11     2     6
     -0.5681160794 a      1032     1    11     2     7
      0.5683807357 a      1033     1    11     2     8
      0.0569848793 a      1034     1    11     2     9
      0.2630145730 a      1035     1    11     2    10
      0.0095664834 a      1036     1    11     2    11
      0.4159466278 a      1037     1    11     2    12
     -0.4973540366 a      1038     1    11     2    13
      0.1202631402 a      1039     1    11     2    14
      0.6970074376 a      1040     1    11     2    15
     -0.3111604386 a      1041     1    11     2    16
      0.0047989685 a      1042     1    11     2    17
     -1.0728858489 a      1043     1    11     2    18
      0.2984821711 a      1044     1    11     2    19
     -0.6471394643 a      1045     1    11     2    20
      0.4600869514 a      1046     1    11     2    21
     -0.3166444044 a      1047     1    11     2    22
      0.6723644598 a      1048     1    11     2    23
     -0.2853508368 a      1049     1    11     2    24
     -0.0831987984 a      1050     1    11     2    25
     -0.5519259551 a      1051     1    12     2     1
      0.2036523622 a      1052     1    12     2     2
      0.7685193985 a      1053     1    12     2     3
     -0.0071316570 a      1054     1    12     2     4
      0.3818327586 a      1055     1    12     2     5
     -0.2272331510 a      1056     1    12     2     6
      0.5560531802 a      1057     1    12     2     7
      0.0335751891 a      1058     1    12     2     8
      0.3610766879 a      1059     1    12     2     9
      0.0645044592 a      1060     1    12     2    10
     -0.6976978286 a      1061     1    12     2    11
     -0.1237042791 a      1062     1    12     2    12
     -0.6598766004 a      1063     1    12     2    13
     -0.7596937065 a      1064     1    12     2    14
     -0.7183164033 a      1065     1    12     2    15
      0.3451415928 a      1066     1    12     2    16
      0.3208762044 a      1067     1    12     2    17
      0.1065806352 a      1068     1    12     2    18
      0.8188754954 a      1069     1    12     2    19
      0.4461747140 a      1070     1    12     2    20
     -0.1428090118 a      1071     1    12     2    21
      0.0783171166 a      1072     1    12     2    22
     -0.3749129281 a      1073     1    12     2    23
     -0.1949811868 a      1074     1    12     2    24
     -0.4124115984 a      1075     1    12     2    25
      0.4915911361 a      1076     1    13     2     1
      0.5124119574 a      1077     1    13     2     2
      0.1664274921 a      1078     1    13     2     3
      0.3052981160 a      1079     1    13     2     4
     -0.3236543541 a      1080     1    13     2     5
      0.1039547847 a      1081     1    13     2     6
     -0.1873248728 a      1082     1    13     2     7
     -0.4199592488 a      1083     1    13     2     8
     -0.1043316283 a      1084     1    13     2     9
     -0.2774033849 a      1085     1    13     2    10
      0.1558407396 a      1086     1    13     2    11
     -0.8168807040 a      1087     1    13     2    12
      0.5394635220 a      1088     1    13     2    13
      0.1835581053 a      1089     1    13     2    14
      0.0257013583 a      1090     1    13     2    15
      0.5674313377 a      1091     1    13     2    16
     -0.0889116651 a      1092     1    13     2    17
     -0.0863660941 a      1093     1    13     2    18
     -0.0388357250 a      1094     1    13     2    19
      0.9061254344 a      1095     1    13     2    20
      0.4352771962 a      1096     1    13     2    21
     -0.7291207145 a      1097     1    13     2    22
      0.1459911012 a      1098     1    13     2    23
     -0.1128121140 a      1099     1    13     2    24
      0.3313762412 a      1100     1    13     2    25
     -0.9998934113 a      1101     1    14     2     1
     -0.4821605042 a      1102     1    14     2     2
     -0.1980305211 a      1103     1    14     2     3
      0.2760522855 a      1104     1    14     2     4
      0.1189308884 a      1105     1    14     2     5
     -0.3097771557 a      1106     1    14     2     6
     -0.6488515162 a      1107     1    14     2     7
     -0.1280095226 a      1108     1    14     2     8
     -0.3502416839 a      1109     1    14     2     9
     -0.2726680906 a      1110     1    14     2    10
      0.0956364694 a      1111     1    14     2    11
     -0.1586351924 a      1112     1    14     2    12
      0.2709459319 a      1113     1    14     2    13
     -0.1936530770 a      1114     1    14     2    14
     -0.8559107865 a      1115     1    14     2    15
      0.3796776651 a      1116     1    14     2    16
     -0.0967032987 a      1117     1    14     2    17
     -0.2301580450 a      1118     1    14     2    18
     -0.1080631818 a      1119     1    14     2    19
      0.1626167612 a      1120     1    14     2    20
      0.4562394027 a      1121     1    14     2    21
     -0.6172136633 a      1122     1    14     2    22
     -0.7061698916 a      1123     1    14     2    23
      0.4782222367 a      1124     1    14     2    24
     -0.6791540503 a      1125     1    14     2    25
      0.1912169741 a      1126     1    15     2     1
     -0.5651416511 a      1127     1    15     2     2
      0.1052028126 a      1128     1    15     2     3
      0.2993357782 a      1129     1    15     2     4
     -0.3527546304 a      1130     1    15     2     5
      0.0209791425 a      1131     1    15     2     6
     -0.0927915629 a      1132     1    15     2     7
      0.5777850320 a      1133     1    15     2     8
      0.2492356282 a      1134     1    15     2     9
     -0.2690263928 a      1135     1    15     2    10
     -0.1681129944 a      1136     1    15     2    11
      1.2249560054 a      1137     1    15     2    12
     -0.2225554132 a      1138     1    15     2    13
     -0.3414359163 a      1139     1    15     2    14
      0.2956835194 a      1140     1    15     2    15
     -0.3950006073 a      1141     1    15     2    16
     -0.0565837995 a      1142     1    15     2    17
      0.0496653406 a      1143     1    15     2    18
      0.0544155173 a      1144     1    15     2    19
      0.1472879499 a      1145     1    15     2    20
      0.1827329427 a      1146     1    15     2    21
      0.2300600514 a      1147     1    15     2    22
      0.0120456157 a      1148     1    15     2    23
     -0.8074175541 a      1149     1    15     2    24
     -1.1319366617 a      1150     1    15     2    25
     -1.0602908416 a      1151     1    16     2     1
     -0.6836151033 a      1152     1    16     2     2
     -0.1527250539 a      1153     1    16     2     3
      0.2346999675 a      1154     1    16     2     4
      0.2437212751 a      1155     1    16     2     5
      0.0850503650 a      1156     1    16     2     6
     -0.4802919655 a      1157     1    16     2     7
     -0.1995571470 a      1158     1    16     2     8
      0.1994243667 a      1159     1    16     2     9
      0.6220393802 a      1160     1    16     2    10
      0.6219984558 a      1161     1    16     2    11
     -0.0482524589 a      1162     1    16     2    12
     -0.4460933122 a      1163     1    16     2    13
     -0.0392398385 a      1164     1    16     2    14
     -0.3401742256 a      1165     1    16     2    15
      0.7534670130 a      1166     1    16     2    16
     -0.3238064160 a      1167     1    16     2    17
     -0.3601236845 a      1168     1    16     2    18
      0.3151437122 a      1169     1    16     2    19
     -0.0774472631 a      1170     1    16     2    20
     -0.0735883133 a      1171     1    16     2    21
     -0.7327417789 a      1172     1    16     2    22
      0.2933211285 a      1173     1    16     2    23
      0.0914558550 a      1174     1    16     2    24
     -0.1656335267 a      1175     1    16     2    25
     -0.8203657793 a      1176     1    17     2     1
      0.2266896721 a      1177     1    17     2     2
      0.4659978357 a      1178     1    17     2     3
      0.3704152294 a      1179     1    17     2     4
      0.4757034735 a      1180     1    17     2     5
     -0.5066679894 a      1181     1    17     2     6
      0.2694221564 a      1182     1    17     2     7
      0.4578639279 a      1183     1    17     2     8
      0.0067540494 a      1184     1    17     2     9
     -0.3476218299 a      1185     1    17     2    10
      0.1070395211 a      1186     1    17     2    11
      0.2030131378 a      1187     1    17     2    12
      0.6520560652 a      1188     1    17     2    13
      0.1165191765 a      1189     1    17     2    14
      0.4086082641 a      1190     1    17     2    15
      0.2948992876 a      1191     1    17     2    16
      0.2642198352 a      1192     1    17     2    17
      0.4957462589 a      1193     1    17     2    18
      0.0803337306 a      1194     1    17     2    19
     -0.1887960839 a      1195     1    17     2    20
     -0.1172641133 a      1196     1    17     2    21
     -0.4243613643 a      1197     1    17     2    22
     -0.6537059534 a      1198     1    17     2    23
     -1.2842818114 a      1199     1    17     2    24
     -0.0760485591 a      1200     1    17     2    25
      0.4879320739 a      1201     1    18     2     1
      0.4935359650 a      1202     1    18     2     2
     -0.8202648604 a      1203     1    18     2     3
     -0.5842327388 a      1204     1    18     2     4
      0.2324224476 a      1205     1    18     2     5
     -0.3342898408 a      1206     1    18     2     6
      1.3847773826 a      1207     1    18     2     7
      0.7200289595 a      1208     1    18     2     8
      1.0423383297 a      1209     1    18     2     9
     -0.7928797812 a      1210     1    18     2    10
      0.4136427225 a      1211     1    18     2    11
      0.0920764365 a      1212     1    18     2    12
     -0.6981882796 a      1213     1    18     2    13
     -0.1179783159 a      1214     1    18     2    14
     -0.0006437393 a      1215     1    18     2    15
     -0.5944717759 a      1216     1    18     2    16
      0.4139379479 a      1217     1    18     2    17
      0.1456704184 a      1218     1    18     2    18
      0.0862537469 a      1219     1    18     2    19
     -0.2672688246 a      1220     1    18     2    20
     -0.2188372451 a      1221     1    18     2    21
     -0.6312176121 a      1222     1    18     2    22
     -0.1634984338 a      1223     1    18     2    23
     -0.5236720704 a      1224     1    18     2    24
     -0.5603589741 a      1225     1    18     2    25
     -0.4814334632 a      1226     1    19     2     1
     -0.0729144131 a      1227     1    19     2     2
      0.7283035961 a      1228     1    19     2     3
      0.6987892572 a      1229     1    19     2     4
     -0.3854897686 a      1230     1    19     2     5
      0.5203943389 a      1231     1    19     2     6
      0.4909956861 a      1232     1    19     2     7
      0.0976435278 a      1233     1    19     2     8
      0.3263473112 a      1234     1    19     2     9
     -0.7450407258 a      1235     1    19     2    10
     -0.8229663200 a      1236     1    19     2    11
     -0.6627172276 a      1237     1    19     2    12
      0.7796855695 a      1238     1    19     2    13
     -0.6231975657 a      1239     1    19     2    14
      1.1141361959 a      1240     1    19     2    15
     -0.3130099968 a      1241     1    19     2    16
      0.5031213334 a      1242     1    19     2    17
      0.2991024116 a      1243     1    19     2    18
      0.2673772106 a      1244     1    19     2    19
     -0.2494117076 a      1245     1    19     2    20
     -0.5197855310 a      1246     1    19     2    21
     -0.4797645309 a      1247     1    19     2    22
      0.5022958375 a      1248     1    19     2    23
     -0.0415718029 a      1249     1    19     2    24
     -0.6883174625 a      1250     1    19     2    25
     -0.5467977740 a      1251     1    20     2     1
      0.3997174507 a      1252     1    20     2     2
     -1.3478223509 a      1253     1    20     2     3
     -0.1840651843 a      1254     1    20     2     4
      0.3844689418 a      1255     1    20     2     5
      0.3892947460 a      1256     1    20     2     6
      0.5185024631 a      1257     1    20     2     7
      0.6757740665 a      1258     1    20     2     8
     -0.3237646202 a      1259     1    20     2     9
     -0.1866587599 a      1260     1    20     2    10
     -0.2285220156 a      1261     1    20     2    11
      0.1293114102 a      1262     1    20     2    12
     -0.4880760868 a      1263     1    20     2    13
     -1.0072669054 a      1264     1    20     2    14
      0.9286583633 a      1265     1    20     2    15
     -0.2439320506 a      1266     1    20     2    16
      0.3278167035 a      1267     1    20     2    17
     -0.7720705458 a      1268     1    20     2    18
      0.6680396977 a      1269     1    20     2    19
      0.4304666100 a      1270     1    20     2    20
      0.6694906840 a      1271     1    20     2    21
      0.2387326095 a      1272     1    20     2    22
      0.6261663306 a      1273     1    20     2    23
     -0.4476644527 a      1274     1    20     2    24
      0.0311718262 a      1275     1    20     2    25
      0.7449554248 a      1276     1    21     2     1
      0.5197356231 a      1277     1    21     2     2
     -0.1559938950 a      1278     1    21     2     3
     -0.6040448583 a      1279     1    21     2     4
     -0.3217581587 a      1280     1    21     2     5
      0.2703860499 a      1281     1    21     2     6
     -0.2207025250 a      1282     1    21     2     7
     -0.2952675348 a      1283     1    21     2     8
     -0.4413004391 a      1284     1    21     2     9
      0.5293946518 a      1285     1    21     2    10
      0.7288283594 a      1286     1    21     2    11
     -0.0138952814 a      1287     1    21     2    12
      0.4255265968 a      1288     1    21     2    13
      0.2137567986 a      1289     1    21     2    14
      0.4305055748 a      1290     1    21     2    15
     -0.0164938189 a      1291     1    21     2    16
      0.0542231986 a      1292     1    21     2    17
     -0.4549651237 a      1293     1    21     2    18
     -0.9455580850 a      1294     1    21     2    19
     -0.0825588007 a      1295     1    21     2    20
     -0.1969562218 a      1296     1    21     2    21
     -0.7110726076 a      1297     1    21     2    22
      0.3306366927 a      1298     1    21     2    23
     -1.2881833359 a      1299     1    21     2    24
     -0.4663332524 a      1300     1    21     2    25
      0.7205879410 a      1301     1    22     2     1
     -0.3626082087 a      1302     1    22     2     2
      0.1661907876 a      1303     1    22     2     3
     -0.2395062939 a      1304     1    22     2     4
     -0.3968335376 a      1305     1    22     2     5
      0.0893874175 a      1306     1    22     2     6
      0.1011569648 a      1307     1    22     2     7
     -0.1291163654 a      1308     1    22     2     8
     -0.4148799030 a      1309     1    22     2     9
     -0.3969554545 a      1310     1    22     2    10
      0.1002934132 a      1311     1    22     2    11
     -0.5139344230 a      1312     1    22     2    12
     -0.2427965921 a      1313     1    22     2    13
      0.7723988146 a      1314     1    22     2    14
     -0.9431548929 a      1315     1    22     2    15
      0.0276233590 a      1316     1    22     2    16
     -0.5070566190 a      1317     1    22     2    17
     -0.7254907095 a      1318     1    22     2    18
      0.0746703133 a      1319     1    22     2    19
     -0.1270249948 a      1320     1    22     2    20
     -0.3968966152 a      1321     1    22     2    21
      0.3846697275 a      1322     1    22     2    22
      0.4361181716 a      1323     1    22     2    23
     -0.2851459447 a      1324     1    22     2    24
     -0.7077908948 a      1325     1    22     2    25
     -0.3409236443 a      1326     1    23     2     1
     -0.1198377385 a      1327     1    23     2     2
     -0.3598078150 a      1328     1    23     2     3
      0.3200824247 a      1329     1    23     2     4
      0.4829035341 a      1330     1    23     2     5
     -0.6011363962 a      1331     1    23     2     6
     -1.0848545894 a      1332     1    23     2     7
     -0.3741601801 a      1333     1    23     2     8
      0.7781267608 a      1334     1    23     2     9
      0.0243013976 a      1335     1    23     2    10
     -0.1210792009 a      1336     1    23     2    11
     -0.3629840971 a      1337     1    23     2    12
     -0.7036853247 a      1338     1    23     2    13
      0.1490468608 a      1339     1    23     2    14
      1.0704229680 a      1340     1    23     2    15
     -0.5397046980 a      1341     1    23     2    16
      0.7668251746 a      1342     1    23     2    17
     -0.0508418490 a      1343     1    23     2    18
      0.2758083032 a      1344     1    23     2    19
      0.3306812174 a      1345     1    23     2    20
      0.0071493281 a      1346     1    23     2    21
      0.2964062551 a      1347     1    23     2    22
     -0.6024351255 a      1348     1    23     2    23
     -1.2517953336 a      1349     1    23     2    24
     -0.1264785194 a      1350     1    23     2    25
     -0.1435971932 a      1351     1    24     2     1
      0.1092566501 a      1352     1    24     2     2
      0.6876235645 a      1353     1    24     2     3
     -0.6474366853 a      1354     1    24     2     4
      0.2911945762 a      1355     1    24     2     5
     -0.2236085897 a      1356     1    24     2     6
      0.9660014634 a      1357     1    24     2     7
     -0.0103120199 a      1358     1    24     2     8
      0.6553430759 a      1359     1    24     2     9
     -1.2057731715 a      1360     1    24     2    10
     -0.1080931244 a      1361     1    24     2    11
     -0.5622975704 a      1362     1    24     2    12
      0.0120591416 a      1363     1    24     2    13
      1.1487553111 a      1364     1    24     2    14
     -0.5177106230 a      1365     1    24     2    15
     -0.3899576917 a      1366     1    24     2    16
      0.7904796538 a      1367     1    24     2    17
     -0.2587389367 a      1368     1    24     2    18
     -0.4151583040 a      1369     1    24     2    19
      0.4005401371 a      1370     1    24     2    20
     -0.5009971248 a      1371     1    24     2    21
      1.2969824334 a      1372     1    24     2    22
      0.2828177948 a      1373     1    24     2    23
      0.0226170407 a      1374     1    24     2    24
     -0.2939570886 a      1375     1    24     2    25
     -0.0364501947 a      1376     1    25     2     1
     -0.3124746469 a      1377     1    25     2     2
     -0.0911001383 a      1378     1    25     2     3
      0.6461314621 a      1379     1    25     2     4
      0.0158891035 a      1380     1    25     2     5
     -0.5845752231 a      1381     1    25     2     6
     -0.1428298207 a      1382     1    25     2     7
      0.2628229342 a      1383     1    25     2     8
      0.3612990703 a      1384     1    25     2     9
     -0.3340586442 a      1385     1    25     2    10
     -0.4929352502 a      1386     1    25     2    11
     -0.4006983336 a      1387     1    25     2    12
      0.2213390092 a      1388     1    25     2    13
      0.7860476727 a      1389     1    25     2    14
     -0.0578154170 a      1390     1    25     2    15
     -0.1019399485 a      1391     1    25     2    16
      0.4659758451 a      1392     1    25     2    17
     -0.8611122072 a      1393     1    25     2    18
     -0.4946250532 a      1394     1    25     2    19
     -0.9314498370 a      1395     1    25     2    20
      0.3973951766 a      1396     1    25     2    21
      0.1515791739 a      1397     1    25     2    22
     -0.1968296890 a      1398     1    25     2    23
     -1.0363869373 a      1399     1    25     2    24
     -0.6468229951 a      1400     1    25     2    25
     -0.1763092635 b      1401     2     1
     -0.7621524272 b      1402     2     2
      0.5675964973 b      1403     2     3
      0.2812523188 b      1404     2     4
     -1.2731906777 b      1405     2     5
     -0.5120072557 b      1406     2     6
     -0.6016927187 b      1407     2     7
     -0.5413525588 b      1408     2     8
     -0.4388952877 b      1409     2     9
      0.4691197676 b      1410     2    10
      1.4293780428 b      1411     2    11
      0.7949634944 b      1412     2    12
     -0.1510003557 b      1413     2    13
     -0.5634345945 b      1414     2    14
     -1.4000068197 b      1415     2    15
      1.3740227580 b      1416     2    16
      0.2090192782 b      1417     2    17
      1.0257980357 b      1418     2    18
      1.0321238670 b      1419     2    19
      0.9867896198 b      1420     2    20
     -0.4739147575 b      1421     2    21
     -1.5305053560 b      1422     2    22
     -1.3077137778 b      1423     2    23
      0.7106828608 b      1424     2    24
      0.2155175549 b      1425     2    25
      0.0807595152 a      1426     2     1     3     1
     -0.0159833111 a      1427     2     2     3     1
      0.1306787658 a      1428     2     3     3     1
      0.1374835598 a      1429     2     4     3     1
     -0.0013415305 a      1430     2     5     3     1
     -0.0736957587 a      1431     2     6     3     1
      0.0681119159 a      1432     2     7     3     1
     -0.0093324867 a      1433     2     8     3     1
     -0.0240015765 a      1434     2     9     3     1
     -0.0752336026 a      1435     2    10     3     1
     -0.0692611141 a      1436     2    11     3     1
     -0.0808010387 a      1437     2    12     3     1
     -0.1740393457 a      1438     2    13     3     1
      0.0639676031 a      1439     2    14     3     1
      0.1589784658 a      1440     2    15     3     1
      0.0432355392 a      1441     2    16     3     1
      0.0070135735 a      1442     2    17     3     1
      0.0131666890 a      1443     2    18     3     1
      0.0573691989 a      1444     2    19     3     1
      0.0451232415 a      1445     2    20     3     1
     -0.1403703320 a      1446     2    21     3     1
      0.1825203948 a      1447     2    22     3     1
      0.0232415967 a      1448     2    23     3     1
      0.1600700404 a      1449     2    24     3     1
      0.0644496051 a      1450     2    25     3     1
     -0.2938446474 b      1451     3     1
