################################################################################
# Neural network connection values (weights and biases).
################################################################################
# Col  Name       Description
################################################################################
# 1    connection Neural network connection value.
# 2    t          Connection type (a = weight, b = bias).
# 3    index      Index enumerating weights.
# 4    l_s        Starting point layer (end point layer for biases).
# 5    n_s        Starting point neuron in starting layer (end point neuron for biases).
# 6    l_e        End point layer.
# 7    n_e        End point neuron in end layer.
################################################################################
#                      1 2         3     4     5     6     7
#             connection t     index   l_s   n_s   l_e   n_e
############################################################
 -2.5631224527208313E-01 a         1     0     1     1     1
 -8.0448320240673932E-01 a         2     0     1     1     2
  8.3550493540857684E-01 a         3     0     1     1     3
  5.8570801951208229E-02 a         4     0     1     1     4
 -3.1379245718367704E-01 a         5     0     1     1     5
 -1.8703973113879591E-01 a         6     0     1     1     6
 -5.7953676181459128E-02 a         7     0     1     1     7
 -1.2683318062705329E-01 a         8     0     1     1     8
  9.0256292793796100E-02 a         9     0     1     1     9
  2.7632599596725194E-02 a        10     0     1     1    10
  5.3446812970980961E-01 a        11     0     1     1    11
  5.1683206849276679E-02 a        12     0     1     1    12
 -4.2092159339042735E-02 a        13     0     1     1    13
 -3.0750990041803000E-01 a        14     0     1     1    14
  5.6386945392164922E-01 a        15     0     1     1    15
  3.6164534229941420E-01 a        16     0     2     1     1
 -1.8388422644393318E-01 a        17     0     2     1     2
  9.0136721049944768E-01 a        18     0     2     1     3
  5.8990375432744924E-01 a        19     0     2     1     4
  2.3680107572015385E-02 a        20     0     2     1     5
 -4.4854327163580571E-01 a        21     0     2     1     6
 -2.7176977447164824E-02 a        22     0     2     1     7
 -1.3625943877080113E-01 a        23     0     2     1     8
  1.6974173611630478E-01 a        24     0     2     1     9
  1.9340768718970747E-01 a        25     0     2     1    10
 -1.3902776402605749E-01 a        26     0     2     1    11
  2.5327249313832101E-01 a        27     0     2     1    12
  2.2244186212406888E-01 a        28     0     2     1    13
  4.4119976375294495E-01 a        29     0     2     1    14
  2.1825715288986700E-01 a        30     0     2     1    15
 -3.2673732903830710E-01 a        31     0     3     1     1
 -5.0393854486486667E-01 a        32     0     3     1     2
  1.0605147172342941E-01 a        33     0     3     1     3
 -2.1828563842184479E-01 a        34     0     3     1     4
 -3.8831897021582079E-01 a        35     0     3     1     5
  9.8768646610608773E-02 a        36     0     3     1     6
 -1.5389597442482683E-01 a        37     0     3     1     7
 -1.1182605242548900E-01 a        38     0     3     1     8
 -1.4950407488235035E-01 a        39     0     3     1     9
  1.4938748566844037E-01 a        40     0     3     1    10
  2.2031091763159996E-01 a        41     0     3     1    11
  2.4864776564200741E-01 a        42     0     3     1    12
  1.0369306817733541E-01 a        43     0     3     1    13
 -6.7761129460234729E-02 a        44     0     3     1    14
  2.0792043055358592E-01 a        45     0     3     1    15
  2.8113394087620119E-01 a        46     0     4     1     1
 -1.8254703020324389E-02 a        47     0     4     1     2
  7.3941237951308758E-01 a        48     0     4     1     3
 -1.3357600737228681E-01 a        49     0     4     1     4
 -5.7786853241055564E-02 a        50     0     4     1     5
 -2.6921283361745463E-01 a        51     0     4     1     6
 -2.1135503071647352E-01 a        52     0     4     1     7
 -9.6760156288648799E-02 a        53     0     4     1     8
 -9.4129369555837478E-02 a        54     0     4     1     9
 -4.7534121556506770E-02 a        55     0     4     1    10
 -4.1599801218544419E-01 a        56     0     4     1    11
  7.3948864409019641E-02 a        57     0     4     1    12
 -4.7332048264678150E-01 a        58     0     4     1    13
  5.4318386104504512E-01 a        59     0     4     1    14
  1.9019467892899283E-01 a        60     0     4     1    15
  1.0959195740243370E-01 a        61     0     5     1     1
 -8.2526237629110755E-01 a        62     0     5     1     2
  3.4216664521574008E-01 a        63     0     5     1     3
  3.1563504325259145E-01 a        64     0     5     1     4
 -1.1593165248094202E-01 a        65     0     5     1     5
 -3.1270466393123347E-01 a        66     0     5     1     6
 -1.6248420184562690E-01 a        67     0     5     1     7
  3.5984448336046576E-01 a        68     0     5     1     8
  8.7315417888880295E-02 a        69     0     5     1     9
  6.2770697604659220E-01 a        70     0     5     1    10
  3.0202211676583751E-01 a        71     0     5     1    11
  2.7370690560417671E-01 a        72     0     5     1    12
  7.0535654120878075E-02 a        73     0     5     1    13
  3.5801511433004515E-02 a        74     0     5     1    14
 -2.9551248060022539E-01 a        75     0     5     1    15
 -2.9162135820318719E-01 a        76     0     6     1     1
 -3.4431210951329833E-01 a        77     0     6     1     2
  3.0962129524391929E-01 a        78     0     6     1     3
  2.3637686698818694E-01 a        79     0     6     1     4
  3.7285698567923847E-01 a        80     0     6     1     5
  2.6553011970269497E-01 a        81     0     6     1     6
 -2.6935826608875879E-01 a        82     0     6     1     7
  1.2129886794275684E-01 a        83     0     6     1     8
 -9.2089388150925627E-02 a        84     0     6     1     9
 -3.1615060611380325E-01 a        85     0     6     1    10
 -1.6102687777385896E-01 a        86     0     6     1    11
  3.7371872998129205E-02 a        87     0     6     1    12
 -4.1629482389055389E-01 a        88     0     6     1    13
 -2.2513881890279086E-01 a        89     0     6     1    14
  2.3681272779664898E-02 a        90     0     6     1    15
 -4.1117208021801321E-01 a        91     0     7     1     1
 -8.0671472609837747E-01 a        92     0     7     1     2
  2.3095635389379490E-01 a        93     0     7     1     3
 -2.8988205023099317E-01 a        94     0     7     1     4
 -3.5717425155316646E-01 a        95     0     7     1     5
 -1.4764471132531282E-01 a        96     0     7     1     6
 -3.0541937631208127E-01 a        97     0     7     1     7
 -2.5070316540345766E-01 a        98     0     7     1     8
 -6.9367518432231456E-01 a        99     0     7     1     9
  8.1256810540164773E-02 a       100     0     7     1    10
 -2.3338001934742220E-01 a       101     0     7     1    11
  1.9250043569145320E-01 a       102     0     7     1    12
  5.5817852600700224E-01 a       103     0     7     1    13
  2.6132383992892766E-01 a       104     0     7     1    14
 -2.3765294209931331E-01 a       105     0     7     1    15
 -1.6788883499995105E-01 a       106     0     8     1     1
 -6.0842729437581733E-01 a       107     0     8     1     2
 -6.1482226326399866E-02 a       108     0     8     1     3
  3.1981078483811581E-01 a       109     0     8     1     4
 -1.3003036771791909E-02 a       110     0     8     1     5
  1.8522372096075373E-01 a       111     0     8     1     6
 -2.9187417494870971E-01 a       112     0     8     1     7
  3.0610846327712199E-01 a       113     0     8     1     8
  4.3938517931933069E-01 a       114     0     8     1     9
  1.5655783695745634E-01 a       115     0     8     1    10
 -2.6903566819045760E-01 a       116     0     8     1    11
 -1.9605587599409782E-01 a       117     0     8     1    12
 -5.3507527095750573E-01 a       118     0     8     1    13
  2.0634348079978507E-01 a       119     0     8     1    14
  2.3568300931111322E-01 a       120     0     8     1    15
 -2.6122731864372162E-01 a       121     0     9     1     1
 -4.9822559852530851E-01 a       122     0     9     1     2
 -4.4230757722044257E-03 a       123     0     9     1     3
 -9.5880161100123040E-02 a       124     0     9     1     4
  2.6438841336871205E-01 a       125     0     9     1     5
  2.9613790903471976E-01 a       126     0     9     1     6
  3.5410009888287068E-02 a       127     0     9     1     7
  2.2693734284745262E-01 a       128     0     9     1     8
 -5.5610615716073641E-01 a       129     0     9     1     9
  9.3302234024595906E-02 a       130     0     9     1    10
 -6.5628593555647499E-02 a       131     0     9     1    11
 -3.7345028664766261E-01 a       132     0     9     1    12
 -3.5451436430642824E-01 a       133     0     9     1    13
 -4.5811406879685573E-02 a       134     0     9     1    14
 -4.8491379455213604E-02 a       135     0     9     1    15
  1.9016739599690216E-01 a       136     0    10     1     1
 -8.7792789803220278E-02 a       137     0    10     1     2
  5.5242963598115646E-01 a       138     0    10     1     3
  1.9084540241075790E-01 a       139     0    10     1     4
  1.2675174688949861E-01 a       140     0    10     1     5
  3.2439443116690420E-02 a       141     0    10     1     6
  4.4181561054424535E-02 a       142     0    10     1     7
 -3.2588393741350430E-01 a       143     0    10     1     8
  1.8855998444621133E-01 a       144     0    10     1     9
 -1.5518203847728804E-01 a       145     0    10     1    10
 -1.5016410461728696E-01 a       146     0    10     1    11
  1.7628406765011595E-01 a       147     0    10     1    12
 -4.7982829335437394E-01 a       148     0    10     1    13
 -5.6418235192735244E-01 a       149     0    10     1    14
 -3.1448266210847992E-01 a       150     0    10     1    15
 -4.2244976375582100E-01 a       151     0    11     1     1
  3.3756640754985506E-01 a       152     0    11     1     2
 -3.6455569831181783E-02 a       153     0    11     1     3
  2.1748446440227404E-01 a       154     0    11     1     4
  2.8871265590230749E-01 a       155     0    11     1     5
  8.6392862050570299E-02 a       156     0    11     1     6
 -8.7417834548437601E-02 a       157     0    11     1     7
  1.4108660883700302E-01 a       158     0    11     1     8
 -1.1755386327347347E-01 a       159     0    11     1     9
  2.8755427109180998E-02 a       160     0    11     1    10
 -3.1638494361555836E-01 a       161     0    11     1    11
  2.3051182088286484E-01 a       162     0    11     1    12
  3.6862468834448311E-02 a       163     0    11     1    13
  5.6122941841994137E-02 a       164     0    11     1    14
  3.9980538442576996E-01 a       165     0    11     1    15
 -1.5808312579508527E-01 a       166     0    12     1     1
 -5.1722589306442668E-01 a       167     0    12     1     2
 -3.1549683616603597E-01 a       168     0    12     1     3
 -1.4978407257902004E-01 a       169     0    12     1     4
 -8.0944171661912145E-02 a       170     0    12     1     5
 -1.5491462313734516E-01 a       171     0    12     1     6
  1.6756538700485709E-02 a       172     0    12     1     7
  2.2078955339445816E-01 a       173     0    12     1     8
  4.7041637979743955E-01 a       174     0    12     1     9
  2.6471410510692778E-01 a       175     0    12     1    10
 -4.1067833346304561E-01 a       176     0    12     1    11
 -2.9058085262482939E-02 a       177     0    12     1    12
 -1.2275854976038034E-01 a       178     0    12     1    13
  4.5619515255680095E-02 a       179     0    12     1    14
 -5.7906373431719178E-02 a       180     0    12     1    15
  7.7637419277656355E-02 a       181     0    13     1     1
  9.7805412093251914E-02 a       182     0    13     1     2
  3.7397854040484936E-02 a       183     0    13     1     3
  4.3899682998293876E-01 a       184     0    13     1     4
 -5.0737201009236710E-01 a       185     0    13     1     5
 -5.0246671158212897E-01 a       186     0    13     1     6
 -3.4402458651683548E-01 a       187     0    13     1     7
  8.4063303422653640E-02 a       188     0    13     1     8
 -7.8966986892054525E-01 a       189     0    13     1     9
  1.5626599075068417E-01 a       190     0    13     1    10
 -2.6177156320992379E-01 a       191     0    13     1    11
  3.5241808242812678E-01 a       192     0    13     1    12
  2.5079959756064352E-01 a       193     0    13     1    13
 -4.4319446346871955E-01 a       194     0    13     1    14
  1.2282989207176252E-01 a       195     0    13     1    15
 -4.3631825310180367E-01 a       196     0    14     1     1
 -7.6460605745481158E-01 a       197     0    14     1     2
 -3.0338885328744991E-01 a       198     0    14     1     3
 -2.8130077540036152E-01 a       199     0    14     1     4
 -1.8520636617546164E-02 a       200     0    14     1     5
  7.8845021631497370E-02 a       201     0    14     1     6
  3.1876031050796827E-01 a       202     0    14     1     7
  7.6367908790538758E-02 a       203     0    14     1     8
  2.9231322837358814E-01 a       204     0    14     1     9
  1.6855729311265835E-01 a       205     0    14     1    10
 -3.5511355683592044E-01 a       206     0    14     1    11
 -3.5265807502406987E-02 a       207     0    14     1    12
  6.6718775503841990E-02 a       208     0    14     1    13
 -6.6599728812901687E-02 a       209     0    14     1    14
 -5.7144379387602440E-01 a       210     0    14     1    15
 -2.6680071473145162E-01 a       211     0    15     1     1
  9.8985984486609474E-02 a       212     0    15     1     2
 -3.2794583544657285E-01 a       213     0    15     1     3
  7.1634863574655239E-01 a       214     0    15     1     4
 -8.3301856436165819E-02 a       215     0    15     1     5
 -4.5364943338750102E-01 a       216     0    15     1     6
  3.9331003514850826E-01 a       217     0    15     1     7
  3.2435952624717164E-02 a       218     0    15     1     8
 -7.0943921149610822E-01 a       219     0    15     1     9
 -3.3208979672886746E-01 a       220     0    15     1    10
 -2.2941570412498880E-01 a       221     0    15     1    11
  8.6406158555556800E-01 a       222     0    15     1    12
 -2.9183662378859565E-01 a       223     0    15     1    13
 -2.5899781696490332E-01 a       224     0    15     1    14
 -2.2390563526780993E-02 a       225     0    15     1    15
 -2.1280215497553170E-01 a       226     0    16     1     1
 -1.0489349317670263E-01 a       227     0    16     1     2
  3.0285936802430441E-02 a       228     0    16     1     3
  4.9681660780423513E-02 a       229     0    16     1     4
  1.0321324647303737E-01 a       230     0    16     1     5
 -1.7314689051170348E-01 a       231     0    16     1     6
  2.0628994114541568E-01 a       232     0    16     1     7
  2.2049498561883166E-01 a       233     0    16     1     8
  1.2728933655064617E-01 a       234     0    16     1     9
  4.1668204226355129E-02 a       235     0    16     1    10
 -1.5106110253430489E-03 a       236     0    16     1    11
 -2.1108252177970199E-01 a       237     0    16     1    12
 -4.4232194445292715E-02 a       238     0    16     1    13
  1.1519818064325964E-01 a       239     0    16     1    14
 -3.7901505051137629E-01 a       240     0    16     1    15
  2.7510193047153027E-02 a       241     0    17     1     1
 -3.9590110821612939E-01 a       242     0    17     1     2
  1.8302589732012334E-02 a       243     0    17     1     3
  2.2284167084948284E-01 a       244     0    17     1     4
 -2.0641127300060064E-01 a       245     0    17     1     5
 -2.3850871348331310E-01 a       246     0    17     1     6
  3.2311849771464374E-01 a       247     0    17     1     7
  2.8674676926763461E-02 a       248     0    17     1     8
  5.6687478074028308E-01 a       249     0    17     1     9
  5.2698855578676762E-02 a       250     0    17     1    10
  7.5976649996812431E-02 a       251     0    17     1    11
 -8.1983513860231609E-03 a       252     0    17     1    12
 -3.0057652093547077E-01 a       253     0    17     1    13
  3.0934036575994375E-02 a       254     0    17     1    14
 -4.3414515100905510E-03 a       255     0    17     1    15
 -3.8984545511073887E-02 a       256     0    18     1     1
  2.6408246011604503E-01 a       257     0    18     1     2
  8.7823512493441858E-01 a       258     0    18     1     3
 -2.0053645930003786E-01 a       259     0    18     1     4
 -2.0726650726603965E-01 a       260     0    18     1     5
 -1.6747683454614540E-01 a       261     0    18     1     6
 -1.8988341742471287E-01 a       262     0    18     1     7
  5.5613020651529163E-02 a       263     0    18     1     8
 -7.9272876280948512E-01 a       264     0    18     1     9
 -1.4141763058332142E+00 a       265     0    18     1    10
  5.7399412147420670E-01 a       266     0    18     1    11
 -7.0735995942681418E-01 a       267     0    18     1    12
 -8.1750515596754081E-01 a       268     0    18     1    13
 -1.1704576491838514E+00 a       269     0    18     1    14
  5.8682145121517393E-01 a       270     0    18     1    15
 -5.6644148235439407E-01 a       271     0    19     1     1
 -2.1813941794497060E-01 a       272     0    19     1     2
  2.6875986061665219E-01 a       273     0    19     1     3
  7.8951787809208376E-02 a       274     0    19     1     4
 -1.1812952777691064E-01 a       275     0    19     1     5
 -2.1219257590479590E-01 a       276     0    19     1     6
 -3.1222391829811024E-02 a       277     0    19     1     7
 -2.6039226700178453E-01 a       278     0    19     1     8
 -9.2498166718859368E-02 a       279     0    19     1     9
 -1.3112423816645610E-01 a       280     0    19     1    10
 -3.1866966902385212E-02 a       281     0    19     1    11
 -6.2063217216390418E-03 a       282     0    19     1    12
  5.0193245086675753E-01 a       283     0    19     1    13
 -6.5022662153700272E-01 a       284     0    19     1    14
  6.5376601094390874E-01 a       285     0    19     1    15
 -9.0472201460525772E-02 a       286     0    20     1     1
  1.2938587607742261E-01 a       287     0    20     1     2
  8.0431781103628253E-01 a       288     0    20     1     3
  2.7388972011467339E-01 a       289     0    20     1     4
 -4.3807581034102643E-02 a       290     0    20     1     5
  1.8870087863687136E-02 a       291     0    20     1     6
 -4.8870574932063648E-01 a       292     0    20     1     7
 -4.6027652715938189E-01 a       293     0    20     1     8
  6.5258175026294973E-01 a       294     0    20     1     9
  1.3750231657840362E+00 a       295     0    20     1    10
 -5.0572746324337958E-01 a       296     0    20     1    11
  5.3572821544092497E-01 a       297     0    20     1    12
  5.2325073788747267E-01 a       298     0    20     1    13
  5.3178614111196787E-01 a       299     0    20     1    14
  1.5413424802607778E-01 a       300     0    20     1    15
  3.9840218572357389E-01 a       301     0    21     1     1
 -1.0270909068243232E+00 a       302     0    21     1     2
 -9.4791606494024139E-01 a       303     0    21     1     3
  2.3036924211005316E-01 a       304     0    21     1     4
 -5.3517767297452390E-02 a       305     0    21     1     5
 -2.7431120466539549E-01 a       306     0    21     1     6
  2.0211473606321251E-01 a       307     0    21     1     7
 -1.6707348498409147E-01 a       308     0    21     1     8
  5.9595371642377382E-01 a       309     0    21     1     9
  1.2853306637458664E+00 a       310     0    21     1    10
 -1.1244956441151324E+00 a       311     0    21     1    11
  7.7151475660091270E-02 a       312     0    21     1    12
  7.1764211270245970E-01 a       313     0    21     1    13
  1.3114877869673964E+00 a       314     0    21     1    14
 -2.2381185587090965E-01 a       315     0    21     1    15
 -1.2208810509738693E-01 a       316     0    22     1     1
  9.3365916155241990E-01 a       317     0    22     1     2
  1.3742371129472954E+00 a       318     0    22     1     3
 -3.7574381640955234E-01 a       319     0    22     1     4
  3.7088237168093269E-01 a       320     0    22     1     5
 -4.0360980444884766E-02 a       321     0    22     1     6
  2.5286939307055450E-01 a       322     0    22     1     7
 -4.2803472863011777E-01 a       323     0    22     1     8
  3.2071741360445599E-01 a       324     0    22     1     9
 -2.3841780996796455E-01 a       325     0    22     1    10
  2.8588293294940703E-01 a       326     0    22     1    11
 -4.5876414708512930E-01 a       327     0    22     1    12
 -1.3872830523815813E-01 a       328     0    22     1    13
 -4.6615568636792053E-03 a       329     0    22     1    14
  3.2924869537535012E-02 a       330     0    22     1    15
 -7.8760246244565546E-01 a       331     0    23     1     1
  1.2467485695190039E+00 a       332     0    23     1     2
  9.1054267487397977E-01 a       333     0    23     1     3
 -2.9552761067051048E-01 a       334     0    23     1     4
 -1.3738763440918680E-01 a       335     0    23     1     5
 -2.0227453302285725E-01 a       336     0    23     1     6
  2.7359793198269294E-02 a       337     0    23     1     7
  3.2844053326638084E-01 a       338     0    23     1     8
 -8.3255107617751634E-01 a       339     0    23     1     9
 -1.4866696022959132E+00 a       340     0    23     1    10
  1.2801149683736996E+00 a       341     0    23     1    11
 -3.1042061840386975E-01 a       342     0    23     1    12
 -9.0157385602223028E-01 a       343     0    23     1    13
 -1.2051108196726381E+00 a       344     0    23     1    14
  5.3194865491398794E-03 a       345     0    23     1    15
 -2.9381888112736665E-01 a       346     0    24     1     1
 -8.6834578843527632E-02 a       347     0    24     1     2
  3.0421808843691311E-01 a       348     0    24     1     3
 -2.1234508172258407E-01 a       349     0    24     1     4
  2.2673190993827537E-02 a       350     0    24     1     5
  6.9618788520231401E-02 a       351     0    24     1     6
  2.1737744339588108E-01 a       352     0    24     1     7
 -3.7487746898337404E-01 a       353     0    24     1     8
 -4.1955890280488051E-01 a       354     0    24     1     9
  3.8986262962943113E-01 a       355     0    24     1    10
  2.1315464828672778E-01 a       356     0    24     1    11
 -5.1577700740299182E-01 a       357     0    24     1    12
 -3.6043902301856728E-01 a       358     0    24     1    13
 -2.4553239971195115E-01 a       359     0    24     1    14
 -1.3406703605097192E-01 a       360     0    24     1    15
 -9.9062390544219753E-02 a       361     0    25     1     1
  6.2126592370985245E-01 a       362     0    25     1     2
  8.1750791136517609E-01 a       363     0    25     1     3
 -5.8210270432749400E-01 a       364     0    25     1     4
  3.2525263629061058E-01 a       365     0    25     1     5
 -1.3590279653469414E-01 a       366     0    25     1     6
 -8.1803417667359046E-02 a       367     0    25     1     7
 -4.0650435200584611E-01 a       368     0    25     1     8
 -1.6925550763945987E-01 a       369     0    25     1     9
 -5.2019318581751661E-01 a       370     0    25     1    10
 -1.5953518560382615E-01 a       371     0    25     1    11
 -5.8172957313487306E-01 a       372     0    25     1    12
 -4.4734498762144592E-01 a       373     0    25     1    13
 -3.2366894369539650E-01 a       374     0    25     1    14
  3.5608858433337059E-01 a       375     0    25     1    15
 -3.4440016464229484E-01 a       376     0    26     1     1
  2.7558714387147748E-01 a       377     0    26     1     2
 -5.1641982171722001E-01 a       378     0    26     1     3
 -9.7892662265592734E-02 a       379     0    26     1     4
 -2.5297840702227364E-01 a       380     0    26     1     5
 -4.3855554282191272E-01 a       381     0    26     1     6
 -1.7953312146024944E-01 a       382     0    26     1     7
  2.2665776237319582E-01 a       383     0    26     1     8
  5.5894774764999211E-01 a       384     0    26     1     9
  8.5377548627512645E-01 a       385     0    26     1    10
  4.2112802483275025E-01 a       386     0    26     1    11
  1.4089561892224010E+00 a       387     0    26     1    12
  2.1618324927597873E-01 a       388     0    26     1    13
  6.6946460625027937E-01 a       389     0    26     1    14
 -4.3842225726546097E-01 a       390     0    26     1    15
 -9.8761308494260111E-02 b       391     1     1
 -5.2520802038083936E-01 b       392     1     2
  4.0517190215224691E-01 b       393     1     3
  1.0493523988079070E-01 b       394     1     4
 -9.0004811783634550E-02 b       395     1     5
 -2.7744006471745181E-01 b       396     1     6
 -5.0715536461431683E-02 b       397     1     7
  8.7289313242477670E-02 b       398     1     8
 -3.3758473508949716E-01 b       399     1     9
 -3.7638334195193440E-02 b       400     1    10
 -3.3746217820914831E-01 b       401     1    11
  3.8949128646027087E-01 b       402     1    12
  4.8591502750350679E-02 b       403     1    13
 -3.7553234397372132E-01 b       404     1    14
  2.1045729003521496E-01 b       405     1    15
  1.0784840591203526E+00 a       406     1     1     2     1
  2.5986151634436117E-01 a       407     1     1     2     2
 -4.2064246472079958E-02 a       408     1     1     2     3
  1.0385342140651206E-01 a       409     1     1     2     4
 -2.0931771718429193E-01 a       410     1     1     2     5
  5.8464240079637700E-02 a       411     1     1     2     6
  2.9504576179624586E-01 a       412     1     1     2     7
  5.3632551451426196E-02 a       413     1     1     2     8
  4.1168725838302384E-01 a       414     1     1     2     9
  1.7969213426559907E-02 a       415     1     1     2    10
 -2.0904839835873687E-01 a       416     1     1     2    11
  4.3155395467425472E-01 a       417     1     1     2    12
  2.8523125501091334E-01 a       418     1     1     2    13
 -1.3523495862233478E-01 a       419     1     1     2    14
 -9.6808779764511368E-02 a       420     1     1     2    15
  7.2913603312731046E-03 a       421     1     2     2     1
  2.4531857789767647E-01 a       422     1     2     2     2
  5.2185517463307718E-01 a       423     1     2     2     3
 -8.9169447556443002E-02 a       424     1     2     2     4
 -1.8032557326435072E-01 a       425     1     2     2     5
 -4.5002933651088717E-01 a       426     1     2     2     6
 -4.8854955812162726E-01 a       427     1     2     2     7
 -1.5234622524583191E-01 a       428     1     2     2     8
 -5.1860468108705238E-01 a       429     1     2     2     9
  1.3578289478724451E-01 a       430     1     2     2    10
 -1.0670770249741104E+00 a       431     1     2     2    11
  1.7464266945833706E-01 a       432     1     2     2    12
  3.3799372234526348E-01 a       433     1     2     2    13
  6.1327347839025836E-01 a       434     1     2     2    14
 -5.0199541965682715E-01 a       435     1     2     2    15
 -9.1192298964737384E-01 a       436     1     3     2     1
  9.7942791668634760E-02 a       437     1     3     2     2
 -1.6602106650289081E-01 a       438     1     3     2     3
 -2.9892475449214367E-01 a       439     1     3     2     4
  4.9611799491318209E-01 a       440     1     3     2     5
 -5.0235379281352877E-01 a       441     1     3     2     6
 -5.0743829552742348E-01 a       442     1     3     2     7
 -5.7709530118635732E-01 a       443     1     3     2     8
 -5.8070116768196545E-01 a       444     1     3     2     9
  1.0544601219016152E-01 a       445     1     3     2    10
 -2.7512326189395936E-01 a       446     1     3     2    11
  4.6750863423391847E-01 a       447     1     3     2    12
 -7.6446958836824085E-03 a       448     1     3     2    13
  2.4907889685121096E-01 a       449     1     3     2    14
 -1.0170384046306216E+00 a       450     1     3     2    15
  4.8855318123668140E-01 a       451     1     4     2     1
 -3.9753681565162591E-01 a       452     1     4     2     2
 -1.7791083255354809E-02 a       453     1     4     2     3
  1.3168575122684029E-01 a       454     1     4     2     4
 -1.7564156037125878E-01 a       455     1     4     2     5
  7.5989340916749012E-02 a       456     1     4     2     6
  5.6830345651909608E-01 a       457     1     4     2     7
 -2.6245403917606430E-01 a       458     1     4     2     8
  5.4041616163295420E-02 a       459     1     4     2     9
 -5.5641165416699410E-02 a       460     1     4     2    10
  5.2902035911061784E-01 a       461     1     4     2    11
  4.4417871757467853E-01 a       462     1     4     2    12
  1.7478493763360886E-01 a       463     1     4     2    13
 -5.0762531071368966E-01 a       464     1     4     2    14
 -1.9057023282832394E-01 a       465     1     4     2    15
 -1.6848910320947585E-01 a       466     1     5     2     1
 -2.5228491003632846E-02 a       467     1     5     2     2
  3.0514999779401825E-01 a       468     1     5     2     3
  3.9977724038972862E-01 a       469     1     5     2     4
  3.3146281416556495E-01 a       470     1     5     2     5
  3.2928474551055570E-01 a       471     1     5     2     6
  4.0616586645683350E-02 a       472     1     5     2     7
  1.2465033915585050E-01 a       473     1     5     2     8
 -2.9858688963426983E-01 a       474     1     5     2     9
 -2.2926389238807819E-02 a       475     1     5     2    10
 -4.0740739502440632E-01 a       476     1     5     2    11
 -3.9662826109221316E-01 a       477     1     5     2    12
  5.9081340717012223E-02 a       478     1     5     2    13
 -9.6006000337559932E-02 a       479     1     5     2    14
  7.2852886836106440E-02 a       480     1     5     2    15
  5.2679627563481124E-01 a       481     1     6     2     1
  4.1861898132760328E-01 a       482     1     6     2     2
 -2.5972265923234700E-01 a       483     1     6     2     3
  1.5489832085671879E-01 a       484     1     6     2     4
  3.0017172905041389E-01 a       485     1     6     2     5
 -3.2156189866678958E-01 a       486     1     6     2     6
 -3.9534898603753715E-01 a       487     1     6     2     7
 -2.7785990307446874E-02 a       488     1     6     2     8
 -2.1961534980259309E-01 a       489     1     6     2     9
 -4.1331463250154576E-01 a       490     1     6     2    10
 -5.0131604326567381E-01 a       491     1     6     2    11
 -5.5007166518486017E-01 a       492     1     6     2    12
  3.9806013853853173E-01 a       493     1     6     2    13
  2.4901999900123267E-01 a       494     1     6     2    14
  1.5141546107976358E-03 a       495     1     6     2    15
  3.5937371279231178E-01 a       496     1     7     2     1
  3.8814610523012638E-01 a       497     1     7     2     2
  1.5213928241109426E-01 a       498     1     7     2     3
  1.0691648882790723E-01 a       499     1     7     2     4
  1.0516261205494996E-01 a       500     1     7     2     5
 -3.0169968940306274E-01 a       501     1     7     2     6
 -3.9973241426629343E-02 a       502     1     7     2     7
  1.2316916680991677E-01 a       503     1     7     2     8
 -1.8249605125124413E-01 a       504     1     7     2     9
  4.1625662813982961E-01 a       505     1     7     2    10
 -6.1927730984724783E-01 a       506     1     7     2    11
 -3.9710705544546443E-01 a       507     1     7     2    12
  2.3227857001736893E-01 a       508     1     7     2    13
 -2.4715799417965406E-01 a       509     1     7     2    14
  7.3039411164989065E-01 a       510     1     7     2    15
  2.8176137046653216E-01 a       511     1     8     2     1
 -2.6589677398137623E-01 a       512     1     8     2     2
 -2.2896860245051665E-01 a       513     1     8     2     3
 -3.5020711789191095E-01 a       514     1     8     2     4
  9.9270481858335768E-03 a       515     1     8     2     5
 -1.2079871690244605E-01 a       516     1     8     2     6
 -1.5284860981810200E-01 a       517     1     8     2     7
 -4.0438375159674084E-01 a       518     1     8     2     8
 -3.7534959556968422E-01 a       519     1     8     2     9
  1.4737424930726584E-01 a       520     1     8     2    10
  5.5989962242560520E-01 a       521     1     8     2    11
 -1.7135946442561660E-02 a       522     1     8     2    12
  2.5701746474937948E-02 a       523     1     8     2    13
  1.8458885030601516E-01 a       524     1     8     2    14
  3.6863392838041037E-01 a       525     1     8     2    15
  7.5000494054341571E-01 a       526     1     9     2     1
 -2.2991444283415660E-01 a       527     1     9     2     2
 -8.3205287130462338E-02 a       528     1     9     2     3
  7.0347542397560237E-01 a       529     1     9     2     4
 -3.7485725160936778E-01 a       530     1     9     2     5
  2.2400939954238794E-01 a       531     1     9     2     6
  1.2946816922203580E-01 a       532     1     9     2     7
  8.0592988506832788E-02 a       533     1     9     2     8
  3.2078819612234166E-01 a       534     1     9     2     9
 -3.9006586316075542E-01 a       535     1     9     2    10
  2.2139938281143110E-02 a       536     1     9     2    11
 -1.0093904185146083E+00 a       537     1     9     2    12
  3.4602055179087110E-01 a       538     1     9     2    13
  9.1851582323216521E-03 a       539     1     9     2    14
  1.5026469116177527E-01 a       540     1     9     2    15
  6.4303198161200847E-01 a       541     1    10     2     1
 -6.3051118633927505E-01 a       542     1    10     2     2
 -6.8004700120774519E-01 a       543     1    10     2     3
  2.4507092776723863E-01 a       544     1    10     2     4
  1.1973635115004680E-01 a       545     1    10     2     5
  6.4968030775506347E-01 a       546     1    10     2     6
  8.6312924653120227E-01 a       547     1    10     2     7
  5.9544625693896025E-01 a       548     1    10     2     8
  7.6728284263885516E-01 a       549     1    10     2     9
 -5.3689735237359060E-01 a       550     1    10     2    10
  1.2160225690505191E+00 a       551     1    10     2    11
 -9.3106443067395595E-01 a       552     1    10     2    12
  2.6942866760679207E-01 a       553     1    10     2    13
 -4.1144063365978834E-01 a       554     1    10     2    14
  4.0976720101470417E-02 a       555     1    10     2    15
 -2.3287993483195885E-01 a       556     1    11     2     1
 -2.0285531198237033E-01 a       557     1    11     2     2
  6.0559492023610184E-01 a       558     1    11     2     3
  4.3808911389546623E-02 a       559     1    11     2     4
  2.5133854030812075E-01 a       560     1    11     2     5
 -4.8110238753646600E-01 a       561     1    11     2     6
 -5.7753147921058001E-01 a       562     1    11     2     7
 -6.7062106434086588E-01 a       563     1    11     2     8
 -8.3206605996018179E-01 a       564     1    11     2     9
  5.1569637468051510E-01 a       565     1    11     2    10
  1.2458279763614601E-01 a       566     1    11     2    11
  4.3954553219958659E-01 a       567     1    11     2    12
 -4.4181364821800850E-01 a       568     1    11     2    13
  5.3589531314508021E-01 a       569     1    11     2    14
 -2.1273220578724700E-01 a       570     1    11     2    15
  6.2823844447659638E-01 a       571     1    12     2     1
 -1.4004623735516147E-01 a       572     1    12     2     2
 -1.7363743658317166E-01 a       573     1    12     2     3
  2.4975299928336750E-01 a       574     1    12     2     4
  3.1858848743841883E-01 a       575     1    12     2     5
  1.9564304171328506E-01 a       576     1    12     2     6
  7.8978155960462659E-01 a       577     1    12     2     7
  3.8975971596722542E-01 a       578     1    12     2     8
  1.3011228632838398E-01 a       579     1    12     2     9
 -3.8175333446985465E-01 a       580     1    12     2    10
  1.0259021037031602E+00 a       581     1    12     2    11
  2.0761163277819891E-01 a       582     1    12     2    12
 -2.5030653339977205E-01 a       583     1    12     2    13
 -2.8522367516218039E-01 a       584     1    12     2    14
  3.4564652699058056E-02 a       585     1    12     2    15
  9.9769207641657046E-02 a       586     1    13     2     1
 -1.7429359955152260E-01 a       587     1    13     2     2
 -5.2284656341984659E-01 a       588     1    13     2     3
 -8.8117831873367969E-02 a       589     1    13     2     4
 -1.7077974318355890E-01 a       590     1    13     2     5
  1.9743249735614019E-01 a       591     1    13     2     6
  1.0326294180263389E+00 a       592     1    13     2     7
  3.2127542428012074E-01 a       593     1    13     2     8
  6.7003512833250156E-01 a       594     1    13     2     9
  1.1551584699872490E-01 a       595     1    13     2    10
  7.1501459689124369E-01 a       596     1    13     2    11
 -6.1937983375803141E-01 a       597     1    13     2    12
  3.3244902669807508E-01 a       598     1    13     2    13
  1.0879806593972921E-01 a       599     1    13     2    14
  1.1109299522419723E-01 a       600     1    13     2    15
  5.0442700792115813E-01 a       601     1    14     2     1
 -6.7492052728658292E-01 a       602     1    14     2     2
 -6.1017518981120566E-01 a       603     1    14     2     3
  9.5324676966055999E-01 a       604     1    14     2     4
 -8.3582888008778417E-02 a       605     1    14     2     5
  9.0069399076941448E-01 a       606     1    14     2     6
  3.1638877099177526E-01 a       607     1    14     2     7
  1.5198195279090371E-01 a       608     1    14     2     8
  7.8030347825819868E-01 a       609     1    14     2     9
 -6.7772460251796507E-01 a       610     1    14     2    10
  8.3839686096731381E-01 a       611     1    14     2    11
 -6.0730236678937910E-01 a       612     1    14     2    12
 -1.6696104273048409E-01 a       613     1    14     2    13
 -2.0650639860347164E-01 a       614     1    14     2    14
  4.0424927410365558E-01 a       615     1    14     2    15
 -5.8444139438332088E-01 a       616     1    15     2     1
  3.7301500890833061E-01 a       617     1    15     2     2
 -9.7011895988837360E-02 a       618     1    15     2     3
  1.2138605987418914E-01 a       619     1    15     2     4
 -1.3650063888418543E-01 a       620     1    15     2     5
  2.0366144273098505E-01 a       621     1    15     2     6
  4.8961409428980462E-01 a       622     1    15     2     7
 -5.2725160863673837E-01 a       623     1    15     2     8
  1.1346370993521047E-01 a       624     1    15     2     9
  1.3052696917325579E-01 a       625     1    15     2    10
 -5.2177834720508642E-01 a       626     1    15     2    11
  3.1664875491531186E-01 a       627     1    15     2    12
  4.4585727437598094E-01 a       628     1    15     2    13
  1.4162282897467895E-01 a       629     1    15     2    14
 -6.6183854621321070E-01 a       630     1    15     2    15
 -1.3865724818450345E-01 b       631     2     1
 -1.2153105131829747E-01 b       632     2     2
  2.7613358823419426E-01 b       633     2     3
 -1.5928982005096509E-01 b       634     2     4
  9.2202110337080895E-02 b       635     2     5
 -5.7403027370522934E-02 b       636     2     6
  4.3813625844945317E-02 b       637     2     7
 -1.6392304476941888E-01 b       638     2     8
  4.7567404672600733E-03 b       639     2     9
  1.4905536369220515E-01 b       640     2    10
  1.4033718055254318E-01 b       641     2    11
  7.5798579839132726E-02 b       642     2    12
  3.4467320439565970E-02 b       643     2    13
  1.0645023964972909E-01 b       644     2    14
 -1.6880567709133684E-01 b       645     2    15
 -1.7064693108490390E+00 a       646     2     1     3     1
  7.7382270023563093E-01 a       647     2     2     3     1
  1.3433741296611872E+00 a       648     2     3     3     1
 -1.2805957157015400E+00 a       649     2     4     3     1
  1.3310870197186372E-01 a       650     2     5     3     1
 -1.1109685166686216E+00 a       651     2     6     3     1
 -1.7589605295110935E+00 a       652     2     7     3     1
 -9.0055329744436596E-01 a       653     2     8     3     1
 -1.5080432199854541E+00 a       654     2     9     3     1
  8.0201729919523168E-01 a       655     2    10     3     1
 -1.8018187579582887E+00 a       656     2    11     3     1
  1.7045814569414630E+00 a       657     2    12     3     1
 -1.2496126396839006E-02 a       658     2    13     3     1
  8.3924354137061097E-01 a       659     2    14     3     1
 -1.5185303030453736E+00 a       660     2    15     3     1
  5.2796413368385731E-01 b       661     3     1
