################################################################################
# Symmetry function scaling data.
################################################################################
# Col  Name     Description
################################################################################
# 1    e_index  Element index.
# 2    sf_index Symmetry function index.
# 3    sf_min   Symmetry function minimum.
# 4    sf_max   Symmetry function maximum.
# 5    sf_mean  Symmetry function mean.
# 6    sf_sigma Symmetry function sigma.
#########################################################################################################################
#        1          2                        3                        4                        5                        6
#  e_index   sf_index                   sf_min                   sf_max                  sf_mean                 sf_sigma
#########################################################################################################################
         1          1   1.2546559757006401E+01   2.2343237809189908E+01   1.7734001143187928E+01   1.5596535256693718E+00
         1          2   8.4533975944444197E+00   2.1378779062642725E+01   1.4885243204618567E+01   1.5871257822529075E+00
         1          3   7.9657391793830357E-12   1.0513500116637253E-01   1.1261160053477924E-02   1.2038805389511614E-02
         1          4   3.2997737249129688E-04   3.1113020951761805E-01   6.0626282023127649E-02   5.4291529654562604E-02
         1          5   1.5720242124501316E-01   4.7256846191877742E+00   1.5556007191186063E+00   8.1649964464959968E-01
         1          6   3.5752850090918997E-02   1.1592433021208004E+00   3.7312762322190912E-01   2.1349296622080433E-01
         1          7   2.6206282443333084E-01   2.4378489559361651E+00   1.0449960051979448E+00   4.0805586442113517E-01
         1          8   2.5821153643652530E+00   1.2794766759988073E+01   7.5130296376665928E+00   1.4891343054266262E+00
         1          9   6.9778339100918063E-01   3.9769851182683120E+00   2.1015392604699823E+00   6.0101308833116851E-01
         1         10   8.5324837037667152E+00   2.3546437703374927E+01   1.5918683552428156E+01   2.2759350502150575E+00
         1         11   1.5119723535932765E+00   5.9038933591739546E+00   3.5934926372302365E+00   7.7524836078321291E-01
         1         12   1.6580918248956802E+01   4.0274494709533137E+01   2.8547335650502522E+01   2.9444637993862446E+00
         1         13   1.5221829849547830E-01   2.9838454964920813E-01   2.2872753891630551E-01   1.7508427448017064E-02
         1         14   2.8906994167262723E-01   4.7884690846049305E-01   3.8897782076968046E-01   2.2160473442697660E-02
         1         15   1.2372708366562235E+00   3.9050979054798409E+00   1.8736489455075844E+00   2.9250480103403287E-01
         1         16   5.9435951834012546E-01   1.2554307977700960E+00   7.9127552044115068E-01   6.8871393296862454E-02
         1         17   9.0641050046735971E-01   2.6629626722354978E+00   1.3745239054093017E+00   1.9158056413794630E-01
         1         18   1.4518879387119599E+00   1.4304905990949930E+01   5.6516688787416589E+00   1.6455028258248543E+00
         1         19   1.3082280042611956E+00   4.5267890533831912E+00   2.2297170718049215E+00   3.6884535265454182E-01
         1         20   5.0222131059497048E+00   2.4997839839437475E+01   1.3374858966201369E+01   2.6607953227781573E+00
         1         21   1.8771357878995758E+00   6.5988113977254068E+00   3.4362059203438395E+00   5.6597320336964529E-01
         1         22   7.0153315416294948E+00   3.7193435117007851E+01   2.2751999873847460E+01   3.8708970076340701E+00
         1         23   1.0466011331190366E+01   3.5920230473543590E+01   2.3123927695433384E+01   3.9744229289012516E+00
         1         24   3.1407729274565483E+01   1.0401738843325803E+02   6.6105737514679220E+01   1.1722348997880802E+01
         1         25   5.1953808005467771E+01   1.6792456174664284E+02   1.0568808481727804E+02   1.8738756250124165E+01
         1         26   3.6631405125687685E+01   1.1595656018025753E+02   7.2461531813491845E+01   1.2897889522962057E+01
         1         27   3.3368267044783970E+01   1.0752473124808681E+02   6.6428912601389229E+01   1.1798125884415610E+01
         1         28   1.2739493368476229E+01   4.0384642180645791E+01   2.5361590401427087E+01   4.5573289045654350E+00
         1         29   2.5373693987483545E+01   6.9415090420987568E+01   4.3712011981856847E+01   6.2170040677462817E+00
         1         30   5.2707593124605211E+01   1.8922530072300341E+02   1.1262852164121868E+02   1.8663230872909676E+01
         1         31   7.8477865443126134E+01   3.0064453633619149E+02   1.7885807885739868E+02   2.9661861098635576E+01
         1         32   5.2065809714239450E+01   2.0502422468819088E+02   1.2199893212779403E+02   2.0375669964423579E+01
         1         33   4.5700092472036665E+01   1.8735557891995970E+02   1.1163419548335656E+02   1.8581186681569751E+01
         1         34   1.5522877800033205E+01   7.4164525762651607E+01   4.2340699411936740E+01   7.2297823507150341E+00
         1         35   7.8464158105759463E+00   3.8593508365228693E+01   1.8693809315894406E+01   3.4511236204372473E+00
         1         36   1.2488805050471340E+01   9.4608712603725749E+01   4.3630475935501650E+01   9.6608999490772263E+00
         1         37   2.0905688982633144E+01   1.4542304333167073E+02   7.1757206248228655E+01   1.6219012471416441E+01
         1         38   1.3334306098988312E+01   1.0043870807947989E+02   5.0336264423895003E+01   1.1872214246052058E+01
         1         39   1.0616706120903871E+01   9.3332037497405821E+01   4.6435673854453121E+01   1.0906242354818291E+01
         1         40   3.3889235540003240E+00   3.8661250616489326E+01   1.7854023513103343E+01   4.3946058502183885E+00
         1         41  -6.4369109024905057E-19   1.6445624201060316E-03   2.1026341793914263E-04   3.2342937211760715E-04
         1         42  -3.0594259008690694E-18   1.4548204566661713E-02   1.1690267211096135E-03   1.7696416796497026E-03
         1         43   0.0000000000000000E+00   2.2146299805505150E-02   1.3206171560634047E-03   2.0430000265411921E-03
         1         44   0.0000000000000000E+00   2.1769350304090843E-02   5.3236669988874650E-04   1.1336721414443791E-03
         1         45   0.0000000000000000E+00   2.2179573493440123E-02   4.7053145108945078E-04   1.1199771849501501E-03
         1         46  -5.1075201666984216E-20   1.3751905556960925E-02   2.1159854666204548E-04   6.4253806310641387E-04
         1         47   1.5138498305898993E-09   3.4601506432543609E-02   5.5820465985605286E-03   6.1679672004732351E-03
         1         48   4.0319148082154855E-07   2.4729939260894374E-01   3.4333405523974701E-02   3.7484843225019868E-02
         1         49   6.5892911618642728E-05   3.8762882820672118E-01   4.9522386907086234E-02   5.1731428038941298E-02
         1         50   4.0520506500407146E-05   3.1613431077511872E-01   2.9175465042555700E-02   3.1824568818230842E-02
         1         51   7.2889364232276555E-05   3.0399333429488035E-01   2.5752715455774660E-02   2.9323673555592088E-02
         1         52   7.5964116631821895E-06   1.4051223480825670E-01   1.0016118122947563E-02   1.3724531338194240E-02
         1         53   2.6083280383815220E-04   1.9720923525963810E-01   4.8571046697338270E-02   3.5309409102935306E-02
         1         54   1.7405381105677423E-03   1.1981040832923155E+00   2.4287411417687402E-01   1.9159260384263760E-01
         1         55   1.4326896009393309E-02   1.8671439020136209E+00   3.7777694427533209E-01   2.8486518989755732E-01
         1         56   9.1675664967257788E-03   1.4075238990124990E+00   2.4470099440134480E-01   1.8376648749543767E-01
         1         57   1.0892682080305045E-02   1.3052542323371481E+00   2.1988645408623148E-01   1.6584404833108735E-01
         1         58   2.6961280704837914E-03   5.7294615830939477E-01   8.4522654939658798E-02   7.0327655468921293E-02
         1         59   1.1707643670648969E-01   1.0330736647842006E+01   3.3349411417241677E+00   1.4534416636890315E+00
         1         60   6.6585679925327956E-01   3.4501206484900599E+01   1.1456585133335579E+01   4.7666638680566491E+00
         1         61   1.7942187257523878E+00   5.4045045265068872E+01   1.8553637867128007E+01   7.5503799099127695E+00
         1         62   1.5385445116634804E+00   3.7892479630869417E+01   1.2841571582300940E+01   5.2501272939742849E+00
         1         63   1.5373743457312383E+00   3.4360077781694031E+01   1.1878879073033742E+01   4.8067539012628799E+00
         1         64   3.5585890522366720E-01   1.2772059661863997E+01   4.6027601996319376E+00   1.9200552755526270E+00
         1         65   1.3038743147928944E-02   6.9422755135590608E-01   2.3519400005093749E-01   1.2512682717514029E-01
         1         66   4.3032557345656038E-02   3.1218800567276586E+00   9.4526224280026105E-01   5.5365072534674631E-01
         1         67   1.2442752171322150E-01   5.2196904498452215E+00   1.4998834744787473E+00   8.4729854917684855E-01
         1         68   1.1162428428665291E-01   3.7722287968065631E+00   1.0037234405334878E+00   5.5902038913904917E-01
         1         69   1.1113265795097929E-01   3.4489359134464559E+00   9.1308827385426783E-01   5.0452452317000640E-01
         1         70   2.8286725600118197E-02   1.4004804828845114E+00   3.5167817887335340E-01   2.0640060676515160E-01
         1         71   5.1138317074537856E+00   3.8408583386156167E+01   1.7660916607978784E+01   5.2093955435920902E+00
         1         72   1.1740412260770380E+01   1.1813132009555655E+02   5.3559485757544024E+01   1.5498044683406425E+01
         1         73   2.1188885893761928E+01   1.8659768249020874E+02   8.5463658051982449E+01   2.4609398939388853E+01
         1         74   1.6023736173052860E+01   1.2588472502903002E+02   5.8509954138677458E+01   1.6935780660511149E+01
         1         75   1.5542020223539240E+01   1.1468417123203781E+02   5.3542121721487646E+01   1.5514411266286237E+01
         1         76   5.9834467335821948E+00   4.3984776352145765E+01   2.0359290239956763E+01   5.9224789218961993E+00
         1         77   1.0843183879261327E-01   1.9649083356940853E+00   7.8410690002076777E-01   3.1608658443848547E-01
         1         78   3.3798141654953118E-01   7.1160077367799621E+00   2.7225603941172136E+00   1.1996295674152380E+00
         1         79   6.8188585405689628E-01   1.1412736901892632E+01   4.3473203533704856E+00   1.8672364311395386E+00
         1         80   5.3231985172948981E-01   8.0808755530800891E+00   2.9510288292586688E+00   1.2515450134677077E+00
         1         81   5.1047498748418951E-01   7.3649724201198987E+00   2.6986190872095084E+00   1.1353596012211851E+00
         1         82   1.6561515331608642E-01   3.0209402427485119E+00   1.0379945577551426E+00   4.5659228474100949E-01
         1         83   1.9396576137726274E+01   1.1738270462212618E+02   6.0811510318833811E+01   1.2870031588463029E+01
         1         84   5.7663979561925309E+01   3.3968122233158545E+02   1.7212634440434721E+02   3.5770059681399161E+01
         1         85   9.0490555687510934E+01   5.4746918089807514E+02   2.7470169203553519E+02   5.6835563889013876E+01
         1         86   6.0757449582961804E+01   3.7703552134824599E+02   1.8826530434821339E+02   3.9017425885292418E+01
         1         87   5.5480625260864286E+01   3.4634635309186126E+02   1.7269270966410292E+02   3.5737227961495428E+01
         1         88   2.2418158569423223E+01   1.3069209610677677E+02   6.5855319992476183E+01   1.3763805777572372E+01
         1         89   6.8291768386302279E-06   4.5692362897072160E-02   1.1491556244128750E-02   1.2522994518719795E-02
         1         90   3.9094665012918751E-05   6.1744697742903462E-02   1.3644802382262067E-02   1.3741588689588692E-02
         1         91   8.1596582946310577E-05   7.5427689269542603E-02   1.0055060135684944E-02   8.5856309195793037E-03
         1         92   5.3575581330211968E-06   6.8604085281111366E-02   3.6319441298786736E-03   5.5938777040247262E-03
         1         93   1.4425248863717672E-10   7.8666813881625677E-02   3.7517153709747857E-03   6.1809571605660734E-03
         1         94  -8.0199121749975099E-17   7.2820932459482124E-02   1.7766437372472479E-03   4.1742326617015294E-03
         1         95   5.5238889362782635E-03   2.5423577295383643E-01   8.9747755711382007E-02   7.8959050907158962E-02
         1         96   2.1025573200374400E-02   4.1668654441002573E-01   1.5866189499886491E-01   9.8203361747502674E-02
         1         97   1.9521108096059205E-02   6.1755177873196987E-01   1.6855623801396627E-01   8.0388719255224853E-02
         1         98   3.4598943291519533E-03   4.8081127846125432E-01   8.4878219104587954E-02   5.8432368294007178E-02
         1         99   8.5481052618439912E-04   4.5378818811024479E-01   7.8076200643656529E-02   6.0270235641175098E-02
         1        100   1.5278897977881127E-06   3.1665857321343238E-01   3.0913789230552390E-02   3.6083636380319258E-02
         1        101   6.0834677215616792E-02   8.0305371730745989E-01   3.2072247931142600E-01   1.9322179093500697E-01
         1        102   1.9268389929968716E-01   1.6524669998390960E+00   7.0324472205017641E-01   2.9409003155864499E-01
         1        103   2.1839397540916058E-01   2.4912145973841411E+00   9.1524905062814998E-01   3.3478832429159400E-01
         1        104   5.2018659555928333E-02   1.8874654408117970E+00   5.4044116642715201E-01   2.5400868369774227E-01
         1        105   3.5777058427528693E-02   1.7269856440659204E+00   4.8822493127273076E-01   2.4958306356909724E-01
         1        106   3.6215320801149663E-04   8.7635658412764095E-01   1.8235120644375449E-01   1.3132190067999697E-01
         1        107   2.1469614121863585E+00   2.0067938031788668E+01   7.7181553635479245E+00   2.5082163361958334E+00
         1        108   3.2549694396730158E+00   5.9716013387192788E+01   1.7798812010735400E+01   7.2017470234059617E+00
         1        109   3.9022186224014557E+00   9.9893935055533944E+01   2.8867580275824842E+01   1.2083924159269603E+01
         1        110   2.1699879972759231E+00   7.1064618648846121E+01   2.0088638513178967E+01   8.7041653231588736E+00
         1        111   1.9725423479342221E+00   6.5969065958683387E+01   1.8215068524300133E+01   7.9276208496518050E+00
         1        112   1.7337154312280542E-01   2.6532627150724423E+01   6.6627825533056129E+00   3.0488029632192832E+00
         1        113   3.0059124074259214E-01   1.8881524806314889E+00   8.9199057962874051E-01   3.5672432212592342E-01
         1        114   7.5715762980888879E-01   4.7383730227888607E+00   2.1351820494723821E+00   6.8400178231357667E-01
         1        115   8.9086282881399370E-01   7.4024431256650223E+00   3.1058941095326023E+00   9.9009170213583575E-01
         1        116   3.5629605177124080E-01   5.3290619858618271E+00   1.9918462501019505E+00   7.4882463586904424E-01
         1        117   2.7527708908480003E-01   4.8836113782297863E+00   1.8028202373878723E+00   7.1212468988548061E-01
         1        118   2.0317665170712696E-02   2.0730673952237932E+00   6.6740322283521603E-01   3.3348237160125521E-01
         1        119   1.0762121714244833E+01   8.5229450756179205E+01   3.6378354200053579E+01   9.5238025847485233E+00
         1        120   2.5634436949595980E+01   2.2627244268693886E+02   9.0883626593653062E+01   2.6253879824792651E+01
         1        121   3.7425805926879939E+01   3.5087552674459414E+02   1.4407674920041597E+02   4.0959156277609033E+01
         1        122   2.3402366325727481E+01   2.3667602760289907E+02   9.8035755217581539E+01   2.7835218603392494E+01
         1        123   2.1296391111490021E+01   2.1938463551014155E+02   8.9860868406501837E+01   2.5551623188044751E+01
         1        124   6.9867609399613571E+00   8.9616710526363960E+01   3.4370215372115659E+01   9.9600854612266065E+00
         1        125   8.7102440233419709E-01   4.1040397864322014E+00   2.1756344460438970E+00   6.0610944709977910E-01
         1        126   2.1511994534093253E+00   1.2048345775428094E+01   5.4233434070180557E+00   1.4571998117755525E+00
         1        127   2.8832061507245244E+00   1.9276714424125018E+01   8.3149931696577593E+00   2.3415179301479534E+00
         1        128   1.5507694501366269E+00   1.3183691937413567E+01   5.5312399978303235E+00   1.7327815384582925E+00
         1        129   1.2609750691492845E+00   1.2115098814766556E+01   5.0232082869474093E+00   1.6148339712126116E+00
         1        130   2.2629233104882596E-01   5.0921276254709724E+00   1.8674239535594823E+00   6.9586570453371910E-01
         1        131   2.9123035386060792E+01   2.1758118583681599E+02   1.0841650166298422E+02   2.2722990748722687E+01
         1        132   6.5437806204411146E+01   5.6172352346867615E+02   2.7547642443289425E+02   6.1109913288965330E+01
         1        133   1.0319345904154332E+02   8.9665556308604278E+02   4.3852750107012287E+02   9.6373548529542262E+01
         1        134   7.0427011246433949E+01   6.1733776372642399E+02   3.0019290695754040E+02   6.5888368282825169E+01
         1        135   6.5777935741346582E+01   5.6942003017294769E+02   2.7545653271927392E+02   6.0429073803901879E+01
         1        136   2.7576163061603197E+01   2.1564911647937311E+02   1.0509959479946249E+02   2.3195878466047024E+01
         1        137   4.5655214708306935E-04   1.0497199613149117E-02   4.0238907069097725E-03   1.7361040614934269E-03
         1        138   3.8253942946254776E-04   1.8681462878789627E-02   4.6023957976248156E-03   1.9840636301389656E-03
         1        139   1.6766796315220145E-04   1.3842814029604213E-02   2.4125032793031746E-03   1.2022401720029332E-03
         1        140  -4.6441097676199194E-16   9.0093640481115206E-03   1.4187754576004880E-04   4.0089063673459571E-04
         1        141  -5.8327890528959447E-16   9.8306723832768377E-03   1.4970215131859577E-04   5.1987950687165760E-04
         1        142  -4.0070117581484566E-16   2.0312556557895059E-02   1.1611439909679991E-04   5.5854342305950008E-04
         1        143   1.9728612614413617E-02   1.1809140135903519E-01   6.5492438568020381E-02   2.3588306355076871E-02
         1        144   1.7558727664990479E-02   2.2096391355234332E-01   8.4239787657303486E-02   2.9040789028782366E-02
         1        145   9.6677676986976664E-03   2.9666191476308712E-01   5.7528121310560190E-02   2.5910730834023229E-02
         1        146   1.1598805333232927E-07   2.1740786315523450E-01   1.4989244184272523E-02   1.6684457988440742E-02
         1        147   8.6948487907996964E-08   2.3783447732788712E-01   1.3802653248513328E-02   1.8905675375065194E-02
         1        148  -6.1682400176145661E-17   2.2383731619675554E-01   7.2201031068754740E-03   1.5060778731785322E-02
         1        149   8.3695608151578504E-02   5.4210963633104847E-01   2.4434919399205207E-01   8.4228598874693333E-02
         1        150   8.0272711798478447E-02   1.1707207183262294E+00   3.5199508525221868E-01   1.1839828045347257E-01
         1        151   5.2642620224437900E-02   1.8978816142985209E+00   3.2910600021800857E-01   1.5150171819592734E-01
         1        152   1.4926908288559926E-03   1.3520012399668215E+00   1.5101489599993984E-01   1.1546402993548585E-01
         1        153   8.2380203749053758E-04   1.3285844235625062E+00   1.4057376160559620E-01   1.2339997290207937E-01
         1        154   7.9577718651318891E-06   7.8014303016822961E-01   6.3752169597091526E-02   8.3467101142772157E-02
         1        155   3.0991348875259678E-01   1.6060310320128451E+01   3.2520062681561059E+00   1.7736769690675145E+00
         1        156   1.0950721707393307E-01   3.5428257048362582E+01   5.9069145745765148E+00   3.7865400920395573E+00
         1        157   2.2194519998071627E-01   6.3030954964358415E+01   9.5841653354003284E+00   6.3241185459500180E+00
         1        158   8.4692074756437405E-02   4.8420017540232273E+01   6.8015221967900947E+00   4.7608853224495302E+00
         1        159   4.5878103526638833E-02   4.6249824100705112E+01   6.4116116380945423E+00   4.5659643847716360E+00
         1        160   1.8768677406752028E-03   1.7409543159487839E+01   2.5338750243379593E+00   2.0551077290994968E+00
         1        161   2.1098668855046537E-01   1.5171133688454141E+00   6.1897392760894332E-01   2.0945550588467904E-01
         1        162   2.0495215327061578E-01   3.6711400558325704E+00   9.6812626549042646E-01   3.2791822226274536E-01
         1        163   1.6612723766458456E-01   6.1405317769564967E+00   1.1586848699470682E+00   5.0889898759817009E-01
         1        164   4.4741376100373868E-02   4.3983414728262993E+00   6.7715886867904485E-01   3.9866745137742698E-01
         1        165   2.2693100754651755E-02   4.1363559280970135E+00   6.3444823651843074E-01   4.0698245521697540E-01
         1        166   1.6603775956097327E-03   1.9245790728670908E+00   2.6944428144147459E-01   2.4302429439380327E-01
         1        167   2.7332861680161717E+00   5.0896256962233331E+01   1.5147122699982654E+01   5.8628462970765085E+00
         1        168   3.7886350444597068E+00   1.1734871916065721E+02   3.4345754450118861E+01   1.4595983735849568E+01
         1        169   6.6046698868307603E+00   1.9947841636931801E+02   5.8240354061401895E+01   2.4477614231341263E+01
         1        170   3.8914233089639390E+00   1.4431792553104302E+02   4.1621292209114685E+01   1.7777996637655356E+01
         1        171   2.7018548415703805E+00   1.3587262880412180E+02   3.8416552492075752E+01   1.6270838644674612E+01
         1        172   5.2372735138685278E-01   5.3918208091843574E+01   1.4664785399595678E+01   6.2186903657576122E+00
         1        173   4.5877854702900894E-01   3.3549331057236649E+00   1.3310157711292494E+00   4.1564650392545216E-01
         1        174   4.7696160169867141E-01   8.0901564907280665E+00   2.2832124287103612E+00   7.5181089020743275E-01
         1        175   5.9823346357564844E-01   1.3647930676682734E+01   3.1923637690886180E+00   1.2498397126060981E+00
         1        176   2.7334936636448992E-01   9.7912841348947595E+00   2.0736374345878046E+00   9.7174675873031324E-01
         1        177   1.9713196483401321E-01   9.0580557428434698E+00   1.9406343352692832E+00   9.5734757552102723E-01
         1        178   2.0849431259173590E-02   3.9074914478902456E+00   7.9380386690542104E-01   5.1450227679090677E-01
         1        179   4.1658709074439422E+00   1.0314113975657527E+02   4.1870816671991676E+01   1.3343380563596151E+01
         1        180   8.5655829127939640E+00   2.9029900497660361E+02   1.0719491225996300E+02   3.7280360147391207E+01
         1        181   1.3923969009544516E+01   4.6712207142172917E+02   1.7451027569855944E+02   5.9971382453327621E+01
         1        182   9.3578098551949083E+00   3.2100999642058457E+02   1.2054865315632786E+02   4.1449875854972809E+01
         1        183   9.4662158704897070E+00   2.9108110726903089E+02   1.0999850509775632E+02   3.7892882585534082E+01
         1        184   4.8167325246627959E+00   1.1002907165391024E+02   4.1577202220509250E+01   1.4860960635764441E+01
         2          1   1.3776363591373302E+01   2.2957951972848651E+01   1.8606554005773212E+01   1.5073318700135985E+00
         2          2   8.7199990012375146E+00   2.0454273577725090E+01   1.4022355297269060E+01   1.4746846180685842E+00
         2          3   6.4814111526789731E-04   8.1213506707982974E-01   2.8590942364538185E-01   1.8651064349546770E-01
         2          4   2.5059956987351750E-02   1.2667159798183374E+00   4.8622227596210038E-01   3.0236780811406250E-01
         2          5   1.3470935864030293E+00   4.6296472882944428E+00   2.3420611818844792E+00   8.2275752986446493E-01
         2          6   3.3422186968815737E-01   2.1786967394313095E+00   9.8909440055143860E-01   4.7679670377394512E-01
         2          7   1.0576441794647604E+00   3.3869792746896885E+00   1.7181548817616268E+00   5.9905248168628600E-01
         2          8   2.6878421392017882E+00   1.2692697538027918E+01   7.0645860984270739E+00   1.5787360497153005E+00
         2          9   1.8203218195793918E+00   4.9717324173758648E+00   2.7871463397561520E+00   6.9347371462237362E-01
         2         10   8.7475704232050866E+00   2.5173360646478670E+01   1.6718573707751705E+01   2.4840986758238208E+00
         2         11   2.7382618384943500E+00   6.9453447160046098E+00   4.2952574004297990E+00   7.8111920208212704E-01
         2         12   1.8851144037212421E+01   3.9011067373622524E+01   2.8439999842309334E+01   2.8973610223390494E+00
         2         13   2.1938704604525072E-02   2.4278596181240208E-01   1.3966656398260360E-01   4.7743689190339902E-02
         2         14   8.2453786654100192E-02   5.6813570538856517E-01   3.4226650459011293E-01   1.0383952107048113E-01
         2         15   9.7738620935843368E-01   3.9576248397183154E+00   2.5040397514391461E+00   6.4045850733191390E-01
         2         16   2.8758294162978215E-01   1.4088012487930615E+00   8.8731969282744738E-01   2.4352444127974410E-01
         2         17   5.7309158143535921E-01   2.5570553746833258E+00   1.5740797410192757E+00   3.9814294951135115E-01
         2         18   1.9196879204445652E+00   1.3516067305596030E+01   4.8492264697717165E+00   1.2284755250693586E+00
         2         19   9.3819918019549753E-01   4.0321505810489775E+00   2.4224123294478863E+00   5.3249268478067002E-01
         2         20   2.7189036470485117E+00   2.5764632658647479E+01   1.1363393780854373E+01   3.1435260622044825E+00
         2         21   1.5272520603339936E+00   6.1065438911067842E+00   3.5214170867706738E+00   6.4225879456699486E-01
         2         22   1.0536246615404965E+01   3.4812337399220780E+01   2.2784150253713509E+01   3.6647639767937608E+00
         2         23   1.2985440522266781E+01   3.8374012290107089E+01   2.5288549463799669E+01   4.0687725377970283E+00
         2         24   3.8903748971999491E+01   1.1099309074081349E+02   7.2623233195889412E+01   1.2041651588081979E+01
         2         25   6.2500060925543018E+01   1.7759035930318592E+02   1.1638170889738701E+02   1.9277833770631165E+01
         2         26   4.2888959474698424E+01   1.2257577626993633E+02   8.0042470615650984E+01   1.3275308071500660E+01
         2         27   3.9506077892099192E+01   1.1212113281750891E+02   7.3172707144088449E+01   1.2106000881404475E+01
         2         28   1.5793062344615720E+01   4.2971666278141029E+01   2.7893101020471658E+01   4.3702736918234084E+00
         2         29   2.4802673249924243E+01   6.9017933881112768E+01   4.3389312830921035E+01   5.9495629405692609E+00
         2         30   5.9618367367357486E+01   1.8443557117191736E+02   1.0871019873537360E+02   1.7910093269006353E+01
         2         31   9.6575915089425990E+01   2.9719406014649456E+02   1.7551161719348224E+02   2.8196436429474836E+01
         2         32   6.5473848476456752E+01   2.0584211888267521E+02   1.2123004518753439E+02   1.9222780522792540E+01
         2         33   5.8982987051376384E+01   1.8992722621955798E+02   1.1142245394148748E+02   1.7399153370562129E+01
         2         34   2.0605581937033215E+01   7.4209573187776883E+01   4.2817295904223712E+01   6.4911336102606061E+00
         2         35   7.4456208890198781E+00   3.1906049388983991E+01   1.5563708404776683E+01   3.0388966016741130E+00
         2         36   1.3812051897570651E+01   8.7424746821207094E+01   3.9435770596362822E+01   8.6976616818069363E+00
         2         37   2.3453616215882981E+01   1.3834065405260489E+02   6.4996967466943119E+01   1.4497361586952412E+01
         2         38   1.6838046182766828E+01   9.4686112773616316E+01   4.5511126916323065E+01   1.0554164051726149E+01
         2         39   1.5270218684494301E+01   8.6019931901723126E+01   4.1524240495394437E+01   9.6207851983673027E+00
         2         40   3.7653429920482191E+00   3.2997631116746184E+01   1.5272747297903418E+01   3.6428308941773397E+00
         2         41  -2.0800952413783606E-16   2.9783467238342172E-03   8.6047052876964117E-05   1.7504994945839993E-04
         2         42   9.2362942243410839E-05   9.5375046073687950E-02   8.4595739891389216E-03   1.2689979040796287E-02
         2         43   1.4156944817621988E-04   4.9342300512255999E-01   7.2206254631782096E-02   1.3299354745310160E-01
         2         44   8.3590548533974391E-05   5.3092175879535841E-01   7.4877946187766400E-02   1.4034038090021839E-01
         2         45   7.5552134521690293E-05   5.1515723573033345E-01   6.8442671402915822E-02   1.3089060818694798E-01
         2         46   0.0000000000000000E+00   6.4144708898461703E-02   4.9436206852273516E-03   1.0154308868373882E-02
         2         47   1.4854099217966100E-05   6.1891989609639875E-02   8.4765092465489428E-03   8.3545162372741216E-03
         2         48   1.3377824499372810E-02   4.4208760871679770E-01   8.7337893231215935E-02   6.6740831898821032E-02
         2         49   2.8694583683801286E-02   1.5654365689397023E+00   3.2701527205384123E-01   4.1874818207502423E-01
         2         50   1.7537273691342860E-02   1.5223378355083639E+00   3.0762936598079910E-01   4.2782455848808010E-01
         2         51   1.5088319624021764E-02   1.4187167620570111E+00   2.7088803612965551E-01   4.0313134067579370E-01
         2         52   5.8767973226431865E-04   2.4590915357590398E-01   3.5837588159585924E-02   4.9938185080239138E-02
         2         53   3.2890211803067765E-03   3.5922289785658601E-01   7.8006264071889680E-02   5.5812221516648684E-02
         2         54   9.8445057311949288E-02   1.5765263516542394E+00   4.2388573038514571E-01   2.4101985580778179E-01
         2         55   2.5460515478681611E-01   3.8043361709366872E+00   1.0059336958797560E+00   8.6412903684893982E-01
         2         56   1.9086933513449286E-01   3.2824189130985082E+00   8.3711809858829589E-01   8.2539366213035437E-01
         2         57   1.3143884802675210E-01   3.0670111185000741E+00   7.2963128585573356E-01   7.8538854888319598E-01
         2         58   3.4700789601495918E-02   7.3515802519785289E-01   1.6425977617278434E-01   1.3974695264052150E-01
         2         59   3.7377796397893398E-01   9.2379553617057173E+00   2.9756886218548342E+00   1.4249861408764428E+00
         2         60   1.2123099317454138E+00   3.3841363869788943E+01   1.0513008251336796E+01   4.9758240569983840E+00
         2         61   1.7184623163577115E+00   5.3905134558728676E+01   1.6600840725833685E+01   7.7390649061672496E+00
         2         62   1.1128939908099134E+00   3.6813730092768317E+01   1.1281878838968936E+01   5.2401517605507717E+00
         2         63   1.0516915858050273E+00   3.2955289994218880E+01   1.0323906971470020E+01   4.7356552149701976E+00
         2         64   5.3544541987168459E-01   1.2739587768489036E+01   4.1807757158013583E+00   1.7749578413961338E+00
         2         65   4.2707247611989130E-02   1.0590721683720392E+00   3.3455245860743160E-01   1.7123423289240797E-01
         2         66   3.5082973159644787E-01   4.1534680530596111E+00   1.3702422227098261E+00   6.0694836308784539E-01
         2         67   8.7224764024501367E-01   8.3025130654234154E+00   2.6212650824198569E+00   1.5088064146196265E+00
         2         68   6.1832207058833433E-01   6.3346372632766119E+00   1.9913552085863533E+00   1.3232799013388454E+00
         2         69   5.0808746451269016E-01   5.8706203341426404E+00   1.7576701800087593E+00   1.2616960218012157E+00
         2         70   2.3381764005597483E-01   1.7998107581680003E+00   5.3529525212717122E-01   2.7733529889238734E-01
         2         71   4.8471321473736078E+00   4.4651897236891372E+01   1.9728055590722011E+01   5.9051897436620111E+00
         2         72   1.4338569841046743E+01   1.3577974538230833E+02   5.9305312028115658E+01   1.7729217936081078E+01
         2         73   2.5092175017592307E+01   2.1200359331886986E+02   9.4433246862732020E+01   2.7977584883020835E+01
         2         74   1.8197893344543903E+01   1.4303827055879447E+02   6.4652918383034830E+01   1.9157517744434319E+01
         2         75   1.6824995700405168E+01   1.3089165287629916E+02   5.9126852958279692E+01   1.7501776574132972E+01
         2         76   5.6645849798224850E+00   5.0322748250689152E+01   2.2515595594225768E+01   6.7109304259830722E+00
         2         77   2.3157469860024391E-01   2.5763181571942937E+00   1.0133756261850342E+00   3.7733256170682322E-01
         2         78   1.0495359920129748E+00   8.9558307045087240E+00   3.5642278529303439E+00   1.2330623460930439E+00
         2         79   2.1902201930704019E+00   1.6147363575960142E+01   6.1878848389164514E+00   2.4661300297146354E+00
         2         80   1.6245497067506340E+00   1.1654335261310516E+01   4.4675196088161160E+00   1.9830693767990843E+00
         2         81   1.3829442373224961E+00   1.0843027113070345E+01   4.0008461987199651E+00   1.8776603882077787E+00
         2         82   6.4969878964138073E-01   3.7653419890324229E+00   1.3950056495229592E+00   4.8214978823104671E-01
         2         83   2.5477934878676898E+01   1.1125290943670808E+02   6.0286552443623762E+01   1.2469629332334007E+01
         2         84   7.3495535373271991E+01   3.1795727335908953E+02   1.7048363167330717E+02   3.5155467087667184E+01
         2         85   1.1894965248416000E+02   5.1090686209467026E+02   2.7261259740474759E+02   5.6142269402976709E+01
         2         86   8.0418668416325943E+01   3.5079811030509387E+02   1.8698900652479787E+02   3.8631419217085146E+01
         2         87   7.2350287681903552E+01   3.2281587741926535E+02   1.7153812918881835E+02   3.5505300852010421E+01
         2         88   2.5787725278712198E+01   1.2412317282454136E+02   6.5264680716321706E+01   1.3640785164101242E+01
         2         89   5.2341035619083733E-04   8.8967640360901479E-03   2.8205313053402928E-03   1.3196552646362633E-03
         2         90   2.7187703591868303E-04   3.6553280679833940E-02   4.1677799285378594E-03   4.4164048960438941E-03
         2         91   5.0880015289545511E-03   2.2761283969577040E-01   1.0865510496573706E-01   4.3679199554560261E-02
         2         92   4.2402439089947236E-03   2.4244184316279138E-01   1.2464346185249230E-01   4.8341452093109451E-02
         2         93   4.7478809271539668E-03   2.3407790513972329E-01   1.2783705920455568E-01   4.7539688319504718E-02
         2         94   2.4787974848261376E-03   4.9580895027098906E-02   2.4082866262788744E-02   1.1135660333080595E-02
         2         95   2.5654050858959568E-02   1.6822857184470494E-01   6.9702831580278374E-02   2.7741393845116053E-02
         2         96   2.2140931866466040E-02   2.7196778682998091E-01   8.4259207296709396E-02   4.5716757413234908E-02
         2         97   2.0366880530198120E-01   1.1167725860096198E+00   5.2958585892848742E-01   1.7316732799250439E-01
         2         98   1.6679852337100293E-01   1.1171594513417007E+00   5.5985613213438523E-01   1.8015605594313813E-01
         2         99   1.7941533471921048E-01   1.0561238258776573E+00   5.8600056214151774E-01   1.5989411976702117E-01
         2        100   2.5371138381238934E-02   2.7307525456475151E-01   1.6825135339362496E-01   5.6848316510319193E-02
         2        101   1.7592581845260452E-01   7.1865274903905041E-01   3.2621725584219446E-01   1.0787968465080154E-01
         2        102   1.9800851512877610E-01   1.5084242236143335E+00   5.2387856086323958E-01   2.0324810638344695E-01
         2        103   9.7941648414195071E-01   3.2395281539184757E+00   1.5895662960002834E+00   4.2513107962706959E-01
         2        104   9.8396910714038455E-01   2.9123883218531383E+00   1.4674048470067600E+00   3.8331769816002542E-01
         2        105   1.0370877080943639E+00   2.6978769520099628E+00   1.5235353024082325E+00   2.9996278098110785E-01
         2        106   1.1863209652235732E-01   9.1178931261902563E-01   5.8418752403428320E-01   1.6943033439055766E-01
         2        107   1.8307424152062497E+00   2.0437917976337584E+01   6.0752728607426150E+00   2.3769972440138178E+00
         2        108   4.0966689771516895E+00   6.2055800124979356E+01   1.4122478853724635E+01   5.5565586560638263E+00
         2        109   4.5567449528614041E+00   1.0304260410387892E+02   2.3340653535370439E+01   9.4263869915278331E+00
         2        110   1.6474340140541335E+00   7.1361001493979913E+01   1.6355694086262439E+01   6.9341722620372588E+00
         2        111   1.6136778756652950E+00   6.3585920568925772E+01   1.4895460723207105E+01   6.4270980789089815E+00
         2        112   3.1905601384379806E-01   2.0375770586228541E+01   5.6262630204553021E+00   2.7395671158907700E+00
         2        113   5.1542385112864264E-01   1.9726700610269656E+00   9.6419872854352928E-01   2.4652131439439007E-01
         2        114   7.7364039322841360E-01   4.7520409178938063E+00   1.8930544670448473E+00   5.6361111723022039E-01
         2        115   2.1337507637326540E+00   8.2722107043034256E+00   4.1205893125139816E+00   1.0035896772124882E+00
         2        116   1.8994552821336530E+00   6.5553092680717624E+00   3.3720727689203200E+00   8.0337971906483041E-01
         2        117   2.0939144411929331E+00   5.9963101894806723E+00   3.3754750578718622E+00   6.5199844296118381E-01
         2        118   3.0041211470459456E-01   2.2662831979447589E+00   1.4110287695441504E+00   3.5731595737294441E-01
         2        119   6.3645295918998119E+00   8.7212967757256152E+01   3.2999251403539361E+01   1.0472571387848804E+01
         2        120   1.1470464105459323E+01   2.3108019172751102E+02   7.9630918638296791E+01   2.8187908404727580E+01
         2        121   2.1278468890529783E+01   3.5972769076286005E+02   1.2763304974564760E+02   4.3828684349843144E+01
         2        122   1.5016319864502123E+01   2.4273095418898779E+02   8.7675054692177014E+01   2.9692307131959524E+01
         2        123   1.3507978865763311E+01   2.2320662989797964E+02   8.0565386884466008E+01   2.7401351716692588E+01
         2        124   5.5230004899537359E+00   8.8850729952253431E+01   3.1042037979064560E+01   1.0882449128654935E+01
         2        125   1.1636119785202896E+00   4.5036402203019765E+00   2.3478796624434710E+00   4.8265993273892083E-01
         2        126   2.3292981718935204E+00   1.2229027528558655E+01   5.1580281323875408E+00   1.2866312017459265E+00
         2        127   4.6725406244153413E+00   2.0307004650689692E+01   9.6307942388527348E+00   2.1840849806647440E+00
         2        128   3.5960466975756584E+00   1.4549561134118768E+01   7.2888067213445797E+00   1.6395125504091692E+00
         2        129   3.7172419192939641E+00   1.3349831546287628E+01   7.0359035762346691E+00   1.4093840322206532E+00
         2        130   7.9602109152306455E-01   5.2586961758272857E+00   2.9223324008128762E+00   6.3962019985531415E-01
         2        131   4.2421478573481984E+01   2.1545181819624941E+02   1.0840530824286394E+02   2.1280742623483889E+01
         2        132   9.6935173042244656E+01   5.6668783891883800E+02   2.7461268021164659E+02   5.7681929399081511E+01
         2        133   1.5210882937768412E+02   8.8925741560567019E+02   4.3735048132336811E+02   9.1184415336723418E+01
         2        134   1.0347513318466906E+02   6.0380074576797506E+02   2.9943882878430333E+02   6.2384768408519868E+01
         2        135   9.3396073689498138E+01   5.5469398890179070E+02   2.7447701011688076E+02   5.7185345071924651E+01
         2        136   3.4355694072592165E+01   2.1107653688670561E+02   1.0409634123431266E+02   2.2107043344353411E+01
         2        137   2.4022363709054806E-07   1.4209115821242895E-03   4.6954629301672541E-04   2.4735563007031688E-04
         2        138   6.3457185982437510E-08   5.4800912820231777E-03   6.6624277800292591E-04   3.7478772804472120E-04
         2        139   2.3465461867642480E-08   8.4829701101682142E-02   2.7051666106326658E-02   1.7350673234620057E-02
         2        140  -8.9797768154659563E-17   1.0092377361332103E-01   3.2037161939427482E-02   2.0673658576894762E-02
         2        141  -7.9559883822224519E-17   1.0551261015470774E-01   3.3469879976410127E-02   2.1768973148138884E-02
         2        142  -6.7366611645040197E-17   2.3242839120778132E-02   6.9921256402471878E-03   4.9169809307105456E-03
         2        143   2.1062911326034371E-03   6.1447473859088206E-02   3.2877146410023129E-02   1.2804152045721986E-02
         2        144   5.7157434811921156E-04   1.0661056388118885E-01   4.7620217324603080E-02   2.1615833409957323E-02
         2        145   4.5170916276817753E-04   5.5075659510487152E-01   1.9155508169139884E-01   1.1198950107926528E-01
         2        146   0.0000000000000000E+00   5.8821435134888034E-01   1.9609497371072843E-01   1.2336481024357500E-01
         2        147   0.0000000000000000E+00   5.9426956377417672E-01   1.9667701555066086E-01   1.2916424776317159E-01
         2        148  -7.1981824677217043E-17   1.6083012208762279E-01   4.4099885244901757E-02   3.6123732306916567E-02
         2        149   3.1183844346484878E-02   3.3165377905314603E-01   1.9041656834773138E-01   6.5697318094721319E-02
         2        150   1.7468703748095709E-02   8.9203887178036811E-01   3.0884291346297571E-01   1.3273333751276145E-01
         2        151   1.1261065376785638E-02   1.9587562376845749E+00   6.4645669881307943E-01   3.2535127365086136E-01
         2        152   3.5896493555871560E-04   1.7984970154113824E+00   5.4624534475215858E-01   3.1422371262402737E-01
         2        153   3.2146558481187351E-04   1.7361200969750212E+00   5.2249399261790697E-01   3.2640477488401864E-01
         2        154   1.9170802304639301E-05   5.1906530341340473E-01   1.3476576860610107E-01   1.2209998866602599E-01
         2        155   8.1840259755860201E-01   1.5594249159894881E+01   2.5480147563845170E+00   9.4023878385982484E-01
         2        156   4.7542569721655870E-01   3.3531589358968453E+01   4.6171453650268921E+00   2.6132171279273386E+00
         2        157   3.0738894874348899E-01   5.7340549971175506E+01   6.6908487004451844E+00   4.5807701389511966E+00
         2        158   6.3567156810183684E-02   4.5023216995322620E+01   4.3956044310167721E+00   3.5205232224344187E+00
         2        159   5.2863448949719533E-02   4.2086094131093930E+01   4.0035851413359147E+00   3.1976205970551832E+00
         2        160   6.4149968172717243E-03   1.8618075218843980E+01   1.4526833514225641E+00   1.2454636282220404E+00
         2        161   1.4489452028832114E-01   1.0966593756356586E+00   5.3004356792959717E-01   1.5513127698684248E-01
         2        162   1.0160574133187714E-01   3.1794557079835268E+00   9.5836851107842136E-01   3.8524701364310232E-01
         2        163   7.6627314589045967E-02   5.4252913236855393E+00   1.6367931186779705E+00   7.1591678637586287E-01
         2        164   2.2150001218022141E-02   4.0466331490957383E+00   1.2274854143268068E+00   6.0454284097536792E-01
         2        165   1.8186823617799081E-02   3.7609945630553550E+00   1.1346293008253177E+00   6.0545850230785114E-01
         2        166   3.1357228989072096E-03   1.2192894333018813E+00   3.2998396439263078E-01   2.6273445408423063E-01
         2        167   5.9356688579077210E-01   5.2896811534252933E+01   1.2078900205515192E+01   6.4786720785965324E+00
         2        168   7.8528450885121448E-01   1.2575672322168535E+02   2.5065916633656958E+01   1.4425120732404041E+01
         2        169   1.5733945396317028E+00   2.1726161055496939E+02   4.2201295670647291E+01   2.4535911912158429E+01
         2        170   1.2159121415855736E+00   1.5869487889684305E+02   3.0162630017512182E+01   1.7994902781170296E+01
         2        171   9.7485945117709216E-01   1.4714352248898922E+02   2.8039385191222166E+01   1.6665425989282063E+01
         2        172   5.7624328908054490E-01   5.2032605990435684E+01   1.1071136356893190E+01   6.5728652022350857E+00
         2        173   3.8517869050529824E-01   2.6591072511076432E+00   1.1210065844709651E+00   2.6444065096677188E-01
         2        174   3.7589446543088439E-01   7.5514221977898792E+00   2.2627973144563094E+00   8.2426976480805092E-01
         2        175   3.8997673154004053E-01   1.2225782863663438E+01   3.6780385740373758E+00   1.4134595048547403E+00
         2        176   1.8953769370358300E-01   8.5686057365350567E+00   2.6268076245223408E+00   1.0976078894743850E+00
         2        177   1.7729708284564194E-01   7.7764375456882009E+00   2.3901076550888796E+00   1.0395830672085906E+00
         2        178   3.5684992206404427E-02   2.7311579294234547E+00   7.5811964912914154E-01   4.4846628465095084E-01
         2        179   7.4826693027104820E+00   9.9940754137346929E+01   4.2059453974550216E+01   1.2605635816476459E+01
         2        180   1.7255242213055784E+01   2.6152979584973161E+02   1.0683124719178711E+02   3.4806498209133352E+01
         2        181   3.1693079220817939E+01   4.0935023753583840E+02   1.7443471186787590E+02   5.5955565273310349E+01
         2        182   2.4378595634715843E+01   2.7492475597054482E+02   1.2074254543255512E+02   3.8674324322101114E+01
         2        183   2.3107639172579024E+01   2.4680054433882918E+02   1.0996855652172252E+02   3.5165587138237356E+01
         2        184   7.3539876973635625E+00   9.7128322747635494E+01   4.1413102151684384E+01   1.3806641806589422E+01
