# cutoff =  2.0
   1.00499997E-03   0.00000000    
   3.01499991E-03   0.00000000    
   5.02499985E-03   0.00000000    
   7.03499978E-03   0.00000000    
   9.04499926E-03   0.00000000    
   1.10550001E-02   0.00000000    
   1.30649991E-02   0.00000000    
   1.50750000E-02   0.00000000    
   1.70849990E-02   0.00000000    
   1.90949999E-02   0.00000000    
   2.11049989E-02   0.00000000    
   2.31149998E-02   0.00000000    
   2.51249988E-02   0.00000000    
   2.71349996E-02   0.00000000    
   2.91449986E-02   0.00000000    
   3.11549995E-02   0.00000000    
   3.31650004E-02   0.00000000    
   3.51749994E-02   0.00000000    
   3.71849984E-02   0.00000000    
   3.91949974E-02   0.00000000    
   4.12050001E-02   0.00000000    
   4.32149991E-02   0.00000000    
   4.52249981E-02   0.00000000    
   4.72349972E-02   0.00000000    
   4.92449999E-02   0.00000000    
   5.12549989E-02   0.00000000    
   5.32649979E-02   0.00000000    
   5.52749969E-02   0.00000000    
   5.72849996E-02   0.00000000    
   5.92949986E-02   0.00000000    
   6.13049977E-02   0.00000000    
   6.33149967E-02   0.00000000    
   6.53249994E-02   0.00000000    
   6.73349947E-02   0.00000000    
   6.93449974E-02   0.00000000    
   7.13550001E-02   0.00000000    
   7.33649954E-02   0.00000000    
   7.53749982E-02   0.00000000    
   7.73850009E-02   0.00000000    
   7.93949962E-02   0.00000000    
   8.14049989E-02   0.00000000    
   8.34149942E-02   0.00000000    
   8.54249969E-02   0.00000000    
   8.74349996E-02   0.00000000    
   8.94449949E-02   0.00000000    
   9.14549977E-02   0.00000000    
   9.34650004E-02   0.00000000    
   9.54749957E-02   0.00000000    
   9.74849984E-02   0.00000000    
   9.94949937E-02   0.00000000    
  0.101504996       0.00000000    
  0.103514999       0.00000000    
  0.105524994       0.00000000    
  0.107534997       0.00000000    
  0.109545000       0.00000000    
  0.111554995       0.00000000    
  0.113564998       0.00000000    
  0.115574993       0.00000000    
  0.117584996       0.00000000    
  0.119594999       0.00000000    
  0.121604994       0.00000000    
  0.123614997       0.00000000    
  0.125624999       0.00000000    
  0.127635002       0.00000000    
  0.129644990       0.00000000    
  0.131654993       0.00000000    
  0.133664995       0.00000000    
  0.135674998       0.00000000    
  0.137685001       0.00000000    
  0.139694989       0.00000000    
  0.141704991       0.00000000    
  0.143714994       0.00000000    
  0.145724997       0.00000000    
  0.147735000       0.00000000    
  0.149745002       0.00000000    
  0.151754990       0.00000000    
  0.153764993       0.00000000    
  0.155774996       0.00000000    
  0.157784998       0.00000000    
  0.159795001       0.00000000    
  0.161804989       0.00000000    
  0.163814992       0.00000000    
  0.165824994       0.00000000    
  0.167834997       0.00000000    
  0.169845000       0.00000000    
  0.171854988       0.00000000    
  0.173864990       0.00000000    
  0.175874993       0.00000000    
  0.177884996       0.00000000    
  0.179894999       0.00000000    
  0.181905001       0.00000000    
  0.183914989       0.00000000    
  0.185924992       0.00000000    
  0.187934995       0.00000000    
  0.189944997       0.00000000    
  0.191955000       0.00000000    
  0.193964988       0.00000000    
  0.195974991       0.00000000    
  0.197984993       0.00000000    
  0.199994996       0.00000000    
  0.202004999       0.00000000    
  0.204014987       0.00000000    
  0.206024989       0.00000000    
  0.208034992       0.00000000    
  0.210044995       0.00000000    
  0.212054998       0.00000000    
  0.214065000       0.00000000    
  0.216074988       0.00000000    
  0.218084991       0.00000000    
  0.220094994       0.00000000    
  0.222104996       0.00000000    
  0.224114999       0.00000000    
  0.226124987       0.00000000    
  0.228134990       0.00000000    
  0.230144992       0.00000000    
  0.232154995       0.00000000    
  0.234164998       0.00000000    
  0.236174986       0.00000000    
  0.238184988       0.00000000    
  0.240194991       0.00000000    
  0.242204994       0.00000000    
  0.244214997       0.00000000    
  0.246224999       0.00000000    
  0.248234987       0.00000000    
  0.250245005       0.00000000    
  0.252254993       0.00000000    
  0.254264981       0.00000000    
  0.256274998       0.00000000    
  0.258284986       0.00000000    
  0.260295004       0.00000000    
  0.262304991       0.00000000    
  0.264314979       0.00000000    
  0.266324997       0.00000000    
  0.268334985       0.00000000    
  0.270345002       0.00000000    
  0.272354990       0.00000000    
  0.274364978       0.00000000    
  0.276374996       0.00000000    
  0.278384984       0.00000000    
  0.280395001       0.00000000    
  0.282404989       0.00000000    
  0.284414977       0.00000000    
  0.286424994       0.00000000    
  0.288434982       0.00000000    
  0.290445000       0.00000000    
  0.292454988       0.00000000    
  0.294465005       0.00000000    
  0.296474993       0.00000000    
  0.298484981       0.00000000    
  0.300494999       0.00000000    
  0.302504987       0.00000000    
  0.304515004       0.00000000    
  0.306524992       0.00000000    
  0.308534980       0.00000000    
  0.310544997       0.00000000    
  0.312554985       0.00000000    
  0.314565003       0.00000000    
  0.316574991       0.00000000    
  0.318584979       0.00000000    
  0.320594996       0.00000000    
  0.322604984       0.00000000    
  0.324615002       0.00000000    
  0.326624990       0.00000000    
  0.328634977       0.00000000    
  0.330644995       0.00000000    
  0.332654983       0.00000000    
  0.334665000       0.00000000    
  0.336674988       0.00000000    
  0.338684976       0.00000000    
  0.340694994       0.00000000    
  0.342704982       0.00000000    
  0.344714999       0.00000000    
  0.346724987       0.00000000    
  0.348734975       0.00000000    
  0.350744992       0.00000000    
  0.352754980       0.00000000    
  0.354764998       0.00000000    
  0.356774986       0.00000000    
  0.358785003       0.00000000    
  0.360794991       0.00000000    
  0.362804979       0.00000000    
  0.364814997       0.00000000    
  0.366824985       0.00000000    
  0.368835002       0.00000000    
  0.370844990       0.00000000    
  0.372854978       0.00000000    
  0.374864995       0.00000000    
  0.376874983       0.00000000    
  0.378885001       0.00000000    
  0.380894989       0.00000000    
  0.382904977       0.00000000    
  0.384914994       0.00000000    
  0.386924982       0.00000000    
  0.388935000       0.00000000    
  0.390944988       0.00000000    
  0.392954975       0.00000000    
  0.394964993       0.00000000    
  0.396974981       0.00000000    
  0.398984998       0.00000000    
  0.400994986       0.00000000    
  0.403004974       0.00000000    
  0.405014992       0.00000000    
  0.407024980       0.00000000    
  0.409034997       0.00000000    
  0.411044985       0.00000000    
  0.413054973       0.00000000    
  0.415064991       0.00000000    
  0.417074978       0.00000000    
  0.419084996       0.00000000    
  0.421094984       0.00000000    
  0.423105001       0.00000000    
  0.425114989       0.00000000    
  0.427124977       0.00000000    
  0.429134995       0.00000000    
  0.431144983       0.00000000    
  0.433155000       0.00000000    
  0.435164988       0.00000000    
  0.437174976       0.00000000    
  0.439184994       0.00000000    
  0.441194981       0.00000000    
  0.443204999       0.00000000    
  0.445214987       0.00000000    
  0.447224975       0.00000000    
  0.449234992       0.00000000    
  0.451244980       0.00000000    
  0.453254998       0.00000000    
  0.455264986       0.00000000    
  0.457274973       0.00000000    
  0.459284991       0.00000000    
  0.461294979       0.00000000    
  0.463304996       0.00000000    
  0.465314984       0.00000000    
  0.467324972       0.00000000    
  0.469334990       0.00000000    
  0.471344978       0.00000000    
  0.473354995       0.00000000    
  0.475364983       0.00000000    
  0.477374971       0.00000000    
  0.479384989       0.00000000    
  0.481394976       0.00000000    
  0.483404994       0.00000000    
  0.485414982       0.00000000    
  0.487424999       0.00000000    
  0.489434987       0.00000000    
  0.491444975       0.00000000    
  0.493454993       0.00000000    
  0.495464981       0.00000000    
  0.497474998       0.00000000    
  0.499484986       0.00000000    
  0.501495004       0.00000000    
  0.503504992       0.00000000    
  0.505514979       0.00000000    
  0.507524967       0.00000000    
  0.509534955       0.00000000    
  0.511545002       0.00000000    
  0.513554990       0.00000000    
  0.515564978       0.00000000    
  0.517574966       0.00000000    
  0.519585013       0.00000000    
  0.521595001       0.00000000    
  0.523604989       0.00000000    
  0.525614977       0.00000000    
  0.527624965       0.00000000    
  0.529635012       0.00000000    
  0.531645000       0.00000000    
  0.533654988       0.00000000    
  0.535664976       0.00000000    
  0.537674963       0.00000000    
  0.539685011       0.00000000    
  0.541694999       0.00000000    
  0.543704987       0.00000000    
  0.545714974       0.00000000    
  0.547724962       0.00000000    
  0.549735010       0.00000000    
  0.551744998       0.00000000    
  0.553754985       0.00000000    
  0.555764973       0.00000000    
  0.557774961       0.00000000    
  0.559785008       0.00000000    
  0.561794996       0.00000000    
  0.563804984       0.00000000    
  0.565814972       0.00000000    
  0.567824960       0.00000000    
  0.569835007       0.00000000    
  0.571844995       0.00000000    
  0.573854983       0.00000000    
  0.575864971       0.00000000    
  0.577874959       0.00000000    
  0.579885006       0.00000000    
  0.581894994       0.00000000    
  0.583904982       0.00000000    
  0.585914969       0.00000000    
  0.587924957       0.00000000    
  0.589935005       0.00000000    
  0.591944993       0.00000000    
  0.593954980       0.00000000    
  0.595964968       0.00000000    
  0.597974956       0.00000000    
  0.599985003       0.00000000    
  0.601994991       0.00000000    
  0.604004979       0.00000000    
  0.606014967       0.00000000    
  0.608024955       0.00000000    
  0.610035002       0.00000000    
  0.612044990       0.00000000    
  0.614054978       0.00000000    
  0.616064966       0.00000000    
  0.618074954       0.00000000    
  0.620085001       0.00000000    
  0.622094989       0.00000000    
  0.624104977       0.00000000    
  0.626114964       0.00000000    
  0.628124952       0.00000000    
  0.630135000       0.00000000    
  0.632144988       0.00000000    
  0.634154975       0.00000000    
  0.636164963       0.00000000    
  0.638174951       0.00000000    
  0.640184999       0.00000000    
  0.642194986       0.00000000    
  0.644204974       0.00000000    
  0.646214962       0.00000000    
  0.648225009       0.00000000    
  0.650234997       0.00000000    
  0.652244985       0.00000000    
  0.654254973       0.00000000    
  0.656264961       0.00000000    
  0.658275008       0.00000000    
  0.660284996       0.00000000    
  0.662294984       0.00000000    
  0.664304972       0.00000000    
  0.666314960       0.00000000    
  0.668325007       0.00000000    
  0.670334995       0.00000000    
  0.672344983       0.00000000    
  0.674354970       0.00000000    
  0.676364958       0.00000000    
  0.678375006       0.00000000    
  0.680384994       0.00000000    
  0.682394981       0.00000000    
  0.684404969       0.00000000    
  0.686414957       0.00000000    
  0.688425004       0.00000000    
  0.690434992       0.00000000    
  0.692444980       0.00000000    
  0.694454968       0.00000000    
  0.696464956       0.00000000    
  0.698475003       0.00000000    
  0.700484991       0.00000000    
  0.702494979       0.00000000    
  0.704504967       0.00000000    
  0.706514955       0.00000000    
  0.708525002       0.00000000    
  0.710534990       0.00000000    
  0.712544978       0.00000000    
  0.714554965       0.00000000    
  0.716564953       0.00000000    
  0.718575001       0.00000000    
  0.720584989       0.00000000    
  0.722594976       0.00000000    
  0.724604964       0.00000000    
  0.726614952       0.00000000    
  0.728625000       0.00000000    
  0.730634987       0.00000000    
  0.732644975       0.00000000    
  0.734654963       0.00000000    
  0.736664951       0.00000000    
  0.738674998       0.00000000    
  0.740684986       0.00000000    
  0.742694974       0.00000000    
  0.744704962       0.00000000    
  0.746714950       0.00000000    
  0.748724997       0.00000000    
  0.750734985       0.00000000    
  0.752744973       0.00000000    
  0.754754961       0.00000000    
  0.756764948       0.00000000    
  0.758774996       0.00000000    
  0.760784984       0.00000000    
  0.762794971       0.00000000    
  0.764804959       0.00000000    
  0.766814947       0.00000000    
  0.768824995       0.00000000    
  0.770834982       0.00000000    
  0.772844970       0.00000000    
  0.774854958       0.00000000    
  0.776865005       0.00000000    
  0.778874993       0.00000000    
  0.780884981       0.00000000    
  0.782894969       0.00000000    
  0.784904957       0.00000000    
  0.786915004       0.00000000    
  0.788924992       0.00000000    
  0.790934980       0.00000000    
  0.792944968       0.00000000    
  0.794954956       0.00000000    
  0.796965003       0.00000000    
  0.798974991       0.00000000    
  0.800984979       0.00000000    
  0.802994967       0.00000000    
  0.805004954       0.00000000    
  0.807015002       0.00000000    
  0.809024990       0.00000000    
  0.811034977       0.00000000    
  0.813044965       0.00000000    
  0.815054953       0.00000000    
  0.817065001       0.00000000    
  0.819074988       0.00000000    
  0.821084976       0.00000000    
  0.823094964       0.00000000    
  0.825104952       0.00000000    
  0.827114999       0.00000000    
  0.829124987       0.00000000    
  0.831134975       0.00000000    
  0.833144963       0.00000000    
  0.835154951       0.00000000    
  0.837164998       0.00000000    
  0.839174986       0.00000000    
  0.841184974       0.00000000    
  0.843194962       0.00000000    
  0.845204949       0.00000000    
  0.847214997       0.00000000    
  0.849224985       0.00000000    
  0.851234972       0.00000000    
  0.853244960       0.00000000    
  0.855254948       0.00000000    
  0.857264996       0.00000000    
  0.859274983       0.00000000    
  0.861284971       0.00000000    
  0.863294959       0.00000000    
  0.865304947       0.00000000    
  0.867314994       0.00000000    
  0.869324982       0.00000000    
  0.871334970       0.00000000    
  0.873344958       0.00000000    
  0.875354946       0.00000000    
  0.877364993       0.00000000    
  0.879374981       0.00000000    
  0.881384969       0.00000000    
  0.883394957       0.00000000    
  0.885404944       0.00000000    
  0.887414992       0.00000000    
  0.889424980       0.00000000    
  0.891434968       0.00000000    
  0.893444955       0.00000000    
  0.895454943       0.00000000    
  0.897464991       0.00000000    
  0.899474978       0.00000000    
  0.901484966       0.00000000    
  0.903494954       0.00000000    
  0.905505002       0.00000000    
  0.907514989       0.00000000    
  0.909524977       0.00000000    
  0.911534965       0.00000000    
  0.913544953       0.00000000    
  0.915555000       0.00000000    
  0.917564988       0.00000000    
  0.919574976       0.00000000    
  0.921584964       0.00000000    
  0.923594952       0.00000000    
  0.925604999       0.00000000    
  0.927614987       0.00000000    
  0.929624975       0.00000000    
  0.931634963       0.00000000    
  0.933644950       0.00000000    
  0.935654998       0.00000000    
  0.937664986       0.00000000    
  0.939674973       0.00000000    
  0.941684961       0.00000000    
  0.943694949       0.00000000    
  0.945704997       0.00000000    
  0.947714984       0.00000000    
  0.949724972       0.00000000    
  0.951734960       0.00000000    
  0.953744948       0.00000000    
  0.955754995       0.00000000    
  0.957764983       0.00000000    
  0.959774971       0.00000000    
  0.961784959       0.00000000    
  0.963794947       0.00000000    
  0.965804994       0.00000000    
  0.967814982       0.00000000    
  0.969824970       0.00000000    
  0.971834958       0.00000000    
  0.973844945       0.00000000    
  0.975854993       0.00000000    
  0.977864981       0.00000000    
  0.979874969       0.00000000    
  0.981884956       0.00000000    
  0.983894944       0.00000000    
  0.985904992       0.00000000    
  0.987914979       0.00000000    
  0.989924967       0.00000000    
  0.991934955       0.00000000    
  0.993944943       0.00000000    
  0.995954990       0.00000000    
  0.997964978       0.00000000    
  0.999974966       1.00000000    
   1.00198495       0.00000000    
   1.00399494       0.00000000    
   1.00600493       0.00000000    
   1.00801492       0.00000000    
   1.01002502       0.00000000    
   1.01203501       0.00000000    
   1.01404500       0.00000000    
   1.01605499       0.00000000    
   1.01806498       0.00000000    
   1.02007496       0.00000000    
   1.02208495       0.00000000    
   1.02409494       0.00000000    
   1.02610493       0.00000000    
   1.02811491       0.00000000    
   1.03012502       0.00000000    
   1.03213501      0.938712239    
   1.03414500       0.00000000    
   1.03615499       0.00000000    
   1.03816497       0.00000000    
   1.04017496       0.00000000    
   1.04218495       0.00000000    
   1.04419494       0.00000000    
   1.04620492       0.00000000    
   1.04821491       0.00000000    
   1.05022502       0.00000000    
   1.05223501       0.00000000    
   1.05424500       0.00000000    
   1.05625498       0.00000000    
   1.05826497       0.00000000    
   1.06027496       0.00000000    
   1.06228495       0.00000000    
   1.06429493      0.882890761    
   1.06630492       0.00000000    
   1.06831491       0.00000000    
   1.07032502       0.00000000    
   1.07233500       0.00000000    
   1.07434499       0.00000000    
   1.07635498       0.00000000    
   1.07836497       0.00000000    
   1.08037496       0.00000000    
   1.08238494       0.00000000    
   1.08439493       0.00000000    
   1.08640492       0.00000000    
   1.08841491       0.00000000    
   1.09042501       0.00000000    
   1.09243500       0.00000000    
   1.09444499       0.00000000    
   1.09645498      0.831904471    
   1.09846497       0.00000000    
   1.10047495       0.00000000    
   1.10248494       0.00000000    
   1.10449493       0.00000000    
   1.10650492       0.00000000    
   1.10851502       0.00000000    
   1.11052501       0.00000000    
   1.11253500       0.00000000    
   1.11454499       0.00000000    
   1.11655498       0.00000000    
   1.11856496       0.00000000    
   1.12057495       0.00000000    
   1.12258494       0.00000000    
   1.12459493       0.00000000    
   1.12660491       0.00000000    
   1.12861502      0.785210431    
   1.13062501       0.00000000    
   1.13263500       0.00000000    
   1.13464499       0.00000000    
   1.13665497       0.00000000    
   1.13866496       0.00000000    
   1.14067495       0.00000000    
   1.14268494       0.00000000    
   1.14469492       0.00000000    
   1.14670491       0.00000000    
   1.14871502       0.00000000    
   1.15072501       0.00000000    
   1.15273499       0.00000000    
   1.15474498       0.00000000    
   1.15675497       0.00000000    
   1.15876496       0.00000000    
   1.16077495      0.742340207    
   1.16278493       0.00000000    
   1.16479492       0.00000000    
   1.16680491       0.00000000    
   1.16881502       0.00000000    
   1.17082500       0.00000000    
   1.17283499       0.00000000    
   1.17484498       0.00000000    
   1.17685497       0.00000000    
   1.17886496       0.00000000    
   1.18087494       0.00000000    
   1.18288493       0.00000000    
   1.18489492       0.00000000    
   1.18690491       0.00000000    
   1.18891501       0.00000000    
   1.19092500       0.00000000    
   1.19293499      0.702887595    
   1.19494498       0.00000000    
   1.19695497       0.00000000    
   1.19896495       0.00000000    
   1.20097494       0.00000000    
   1.20298493       0.00000000    
   1.20499492       0.00000000    
   1.20700490       0.00000000    
   1.20901501       0.00000000    
   1.21102500       0.00000000    
   1.21303499       0.00000000    
   1.21504498       0.00000000    
   1.21705496       0.00000000    
   1.21906495       0.00000000    
   1.22107494       0.00000000    
   1.22308493       0.00000000    
   1.22509491      0.666498303    
   1.22710502       0.00000000    
   1.22911501       0.00000000    
   1.23112500       0.00000000    
   1.23313498       0.00000000    
   1.23514497       0.00000000    
   1.23715496       0.00000000    
   1.23916495       0.00000000    
   1.24117494       0.00000000    
   1.24318492       0.00000000    
   1.24519491       0.00000000    
   1.24720502       0.00000000    
   1.24921501       0.00000000    
   1.25122499       0.00000000    
   1.25323498       0.00000000    
   1.25524497       0.00000000    
   1.25725496      0.632863402    
   1.25926495       0.00000000    
   1.26127493       0.00000000    
   1.26328492       0.00000000    
   1.26529491       0.00000000    
   1.26730502       0.00000000    
   1.26931500       0.00000000    
   1.27132499       0.00000000    
   1.27333498       0.00000000    
   1.27534497       0.00000000    
   1.27735496       0.00000000    
   1.27936494       0.00000000    
   1.28137493       0.00000000    
   1.28338492       0.00000000    
   1.28539491       0.00000000    
   1.28740501       0.00000000    
   1.28941500      0.601711988    
   1.29142499       0.00000000    
   1.29343498       0.00000000    
   1.29544497       0.00000000    
   1.29745495       0.00000000    
   1.29946494       0.00000000    
   1.30147493       0.00000000    
   1.30348492       0.00000000    
   1.30549490       0.00000000    
   1.30750501       0.00000000    
   1.30951500       0.00000000    
   1.31152499       0.00000000    
   1.31353498       0.00000000    
   1.31554496       0.00000000    
   1.31755495       0.00000000    
   1.31956494       0.00000000    
   1.32157493       0.00000000    
   1.32358491      0.571068108    
   1.32559490       0.00000000    
   1.32760501       0.00000000    
   1.32961500       0.00000000    
   1.33162498       0.00000000    
   1.33363497       0.00000000    
   1.33564496       0.00000000    
   1.33765495       0.00000000    
   1.33966494       0.00000000    
   1.34167492       0.00000000    
   1.34368491       0.00000000    
   1.34569490       0.00000000    
   1.34770501       0.00000000    
   1.34971499       0.00000000    
   1.35172498       0.00000000    
   1.35373497       0.00000000    
   1.35574496      0.544316053    
   1.35775495       0.00000000    
   1.35976493       0.00000000    
   1.36177492       0.00000000    
   1.36378491       0.00000000    
   1.36579502       0.00000000    
   1.36780500       0.00000000    
   1.36981499       0.00000000    
   1.37182498       0.00000000    
   1.37383497       0.00000000    
   1.37584496       0.00000000    
   1.37785494       0.00000000    
   1.37986493       0.00000000    
   1.38187492       0.00000000    
   1.38388491       0.00000000    
   1.38589501       0.00000000    
   1.38790500      0.519400835    
   1.38991499       0.00000000    
   1.39192498       0.00000000    
   1.39393497       0.00000000    
   1.39594495       0.00000000    
   1.39795494       0.00000000    
   1.39996493       0.00000000    
   1.40197492       0.00000000    
   1.40398490       0.00000000    
   1.40599501       0.00000000    
   1.40800500       0.00000000    
   1.41001499       0.00000000    
   1.41202497       0.00000000    
   1.41403496       0.00000000    
   1.41604495       0.00000000    
   1.41805494       0.00000000    
   1.42006493      0.496157855    
   1.42207491       0.00000000    
   1.42408490       0.00000000    
   1.42609501       0.00000000    
   1.42810500       0.00000000    
   1.43011498       0.00000000    
   1.43212497       0.00000000    
   1.43413496       0.00000000    
   1.43614495       0.00000000    
   1.43815494       0.00000000    
   1.44016492       0.00000000    
   1.44217491       0.00000000    
   1.44418490       0.00000000    
   1.44619501       0.00000000    
   1.44820499       0.00000000    
   1.45021498       0.00000000    
   1.45222497      0.474440902    
   1.45423496       0.00000000    
   1.45624495       0.00000000    
   1.45825493       0.00000000    
   1.46026492       0.00000000    
   1.46227491       0.00000000    
   1.46428490       0.00000000    
   1.46629500       0.00000000    
   1.46830499       0.00000000    
   1.47031498       0.00000000    
   1.47232497       0.00000000    
   1.47433496       0.00000000    
   1.47634494       0.00000000    
   1.47835493       0.00000000    
   1.48036492       0.00000000    
   1.48237491       0.00000000    
   1.48438501      0.454119176    
   1.48639500       0.00000000    
   1.48840499       0.00000000    
   1.49041498       0.00000000    
   1.49242496       0.00000000    
   1.49443495       0.00000000    
   1.49644494       0.00000000    
   1.49845493       0.00000000    
   1.50046492       0.00000000    
   1.50247490       0.00000000    
   1.50448501       0.00000000    
   1.50649500       0.00000000    
   1.50850499       0.00000000    
   1.51051497       0.00000000    
   1.51252496       0.00000000    
   1.51453495       0.00000000    
   1.51654494      0.435075611    
   1.51855493       0.00000000    
   1.52056491       0.00000000    
   1.52257490       0.00000000    
   1.52458501       0.00000000    
   1.52659500       0.00000000    
   1.52860498       0.00000000    
   1.53061497       0.00000000    
   1.53262496       0.00000000    
   1.53463495       0.00000000    
   1.53664494       0.00000000    
   1.53865492       0.00000000    
   1.54066491       0.00000000    
   1.54267490       0.00000000    
   1.54468501       0.00000000    
   1.54669499       0.00000000    
   1.54870498      0.417205423    
   1.55071497       0.00000000    
   1.55272496       0.00000000    
   1.55473495       0.00000000    
   1.55674493       0.00000000    
   1.55875492       0.00000000    
   1.56076491       0.00000000    
   1.56277490       0.00000000    
   1.56478500       0.00000000    
   1.56679499       0.00000000    
   1.56880498       0.00000000    
   1.57081497       0.00000000    
   1.57282495       0.00000000    
   1.57483494       0.00000000    
   1.57684493       0.00000000    
   1.57885492       0.00000000    
   1.58086491      0.400413990    
   1.58287489       0.00000000    
   1.58488500       0.00000000    
   1.58689499       0.00000000    
   1.58890498       0.00000000    
   1.59091496       0.00000000    
   1.59292495       0.00000000    
   1.59493494       0.00000000    
   1.59694493       0.00000000    
   1.59895492       0.00000000    
   1.60096490       0.00000000    
   1.60297489       0.00000000    
   1.60498500       0.00000000    
   1.60699499       0.00000000    
   1.60900497       0.00000000    
   1.61101496       0.00000000    
   1.61302495      0.384616226    
   1.61503494       0.00000000    
   1.61704493       0.00000000    
   1.61905491       0.00000000    
   1.62106490       0.00000000    
   1.62307501       0.00000000    
   1.62508500       0.00000000    
   1.62709498       0.00000000    
   1.62910497       0.00000000    
   1.63111496       0.00000000    
   1.63312495       0.00000000    
   1.63513494       0.00000000    
   1.63714492       0.00000000    
   1.63915491       0.00000000    
   1.64116490       0.00000000    
   1.64317501       0.00000000    
   1.64518499      0.369735301    
   1.64719498       0.00000000    
   1.64920497       0.00000000    
   1.65121496       0.00000000    
   1.65322495       0.00000000    
   1.65523493       0.00000000    
   1.65724492       0.00000000    
   1.65925491       0.00000000    
   1.66126490       0.00000000    
   1.66327500       0.00000000    
   1.66528499       0.00000000    
   1.66729498       0.00000000    
   1.66930497       0.00000000    
   1.67131495       0.00000000    
   1.67332494       0.00000000    
   1.67533493       0.00000000    
   1.67734492      0.355701536    
   1.67935491       0.00000000    
   1.68136489       0.00000000    
   1.68337500       0.00000000    
   1.68538499       0.00000000    
   1.68739498       0.00000000    
   1.68940496       0.00000000    
   1.69141495       0.00000000    
   1.69342494       0.00000000    
   1.69543493       0.00000000    
   1.69744492       0.00000000    
   1.69945490       0.00000000    
   1.70146489       0.00000000    
   1.70347500       0.00000000    
   1.70548499       0.00000000    
   1.70749497       0.00000000    
   1.70950496      0.342451930    
   1.71151495       0.00000000    
   1.71352494       0.00000000    
   1.71553493       0.00000000    
   1.71754491       0.00000000    
   1.71955490       0.00000000    
   1.72156489       0.00000000    
   1.72357500       0.00000000    
   1.72558498       0.00000000    
   1.72759497       0.00000000    
   1.72960496       0.00000000    
   1.73161495       0.00000000    
   1.73362494       0.00000000    
   1.73563492       0.00000000    
   1.73764491       0.00000000    
   1.73965490       0.00000000    
   1.74166501      0.329929024    
   1.74367499       0.00000000    
   1.74568498       0.00000000    
   1.74769497       0.00000000    
   1.74970496       0.00000000    
   1.75171494       0.00000000    
   1.75372493       0.00000000    
   1.75573492       0.00000000    
   1.75774491       0.00000000    
   1.75975490       0.00000000    
   1.76176500       0.00000000    
   1.76377499       0.00000000    
   1.76578498       0.00000000    
   1.76779497       0.00000000    
   1.76980495       0.00000000    
   1.77181494       0.00000000    
   1.77382493      0.318080664    
   1.77583492       0.00000000    
   1.77784491       0.00000000    
   1.77985489       0.00000000    
   1.78186500       0.00000000    
   1.78387499       0.00000000    
   1.78588498       0.00000000    
   1.78789496       0.00000000    
   1.78990495       0.00000000    
   1.79191494       0.00000000    
   1.79392493       0.00000000    
   1.79593492       0.00000000    
   1.79794490       0.00000000    
   1.79995489       0.00000000    
   1.80196500       0.00000000    
   1.80397499       0.00000000    
   1.80598497      0.306859344    
   1.80799496       0.00000000    
   1.81000495       0.00000000    
   1.81201494       0.00000000    
   1.81402493       0.00000000    
   1.81603491       0.00000000    
   1.81804490       0.00000000    
   1.82005489       0.00000000    
   1.82206500       0.00000000    
   1.82407498       0.00000000    
   1.82608497       0.00000000    
   1.82809496       0.00000000    
   1.83010495       0.00000000    
   1.83211493       0.00000000    
   1.83412492       0.00000000    
   1.83613491       0.00000000    
   1.83814490      0.296221465    
   1.84015489       0.00000000    
   1.84216499       0.00000000    
   1.84417498       0.00000000    
   1.84618497       0.00000000    
   1.84819496       0.00000000    
   1.85020494       0.00000000    
   1.85221493       0.00000000    
   1.85422492       0.00000000    
   1.85623491       0.00000000    
   1.85824490       0.00000000    
   1.86025488       0.00000000    
   1.86226499       0.00000000    
   1.86427498       0.00000000    
   1.86628497       0.00000000    
   1.86829495       0.00000000    
   1.87030494      0.286127299    
   1.87231493       0.00000000    
   1.87432492       0.00000000    
   1.87633491       0.00000000    
   1.87834489       0.00000000    
   1.88035500       0.00000000    
   1.88236499       0.00000000    
   1.88437498       0.00000000    
   1.88638496       0.00000000    
   1.88839495       0.00000000    
   1.89040494       0.00000000    
   1.89241493       0.00000000    
   1.89442492       0.00000000    
   1.89643490       0.00000000    
   1.89844489       0.00000000    
   1.90045500       0.00000000    
   1.90246499      0.276540518    
   1.90447497       0.00000000    
   1.90648496       0.00000000    
   1.90849495       0.00000000    
   1.91050494       0.00000000    
   1.91251493       0.00000000    
   1.91452491       0.00000000    
   1.91653490       0.00000000    
   1.91854489       0.00000000    
   1.92055500       0.00000000    
   1.92256498       0.00000000    
   1.92457497       0.00000000    
   1.92658496       0.00000000    
   1.92859495       0.00000000    
   1.93060493       0.00000000    
   1.93261492       0.00000000    
   1.93462491      0.267427534    
   1.93663490       0.00000000    
   1.93864489       0.00000000    
   1.94065499       0.00000000    
   1.94266498       0.00000000    
   1.94467497       0.00000000    
   1.94668496       0.00000000    
   1.94869494       0.00000000    
   1.95070493       0.00000000    
   1.95271492       0.00000000    
   1.95472491       0.00000000    
   1.95673490       0.00000000    
   1.95874488       0.00000000    
   1.96075499       0.00000000    
   1.96276498       0.00000000    
   1.96477497       0.00000000    
   1.96678495      0.258757740    
   1.96879494       0.00000000    
   1.97080493       0.00000000    
   1.97281492       0.00000000    
   1.97482491       0.00000000    
   1.97683489       0.00000000    
   1.97884488       0.00000000    
   1.98085499       0.00000000    
   1.98286498       0.00000000    
   1.98487496       0.00000000    
   1.98688495       0.00000000    
   1.98889494       0.00000000    
   1.99090493       0.00000000    
   1.99291492       0.00000000    
   1.99492490       0.00000000    
   1.99693489       0.00000000    
   1.99894500       0.00000000    
   2.00095487      0.250000000    
   2.00296497       0.00000000    
   2.00497484       0.00000000    
   2.00698495       0.00000000    
   2.00899506       0.00000000    
