################################################################################
# Neural network connection values (weights and biases).
################################################################################
# Col  Name       Description
################################################################################
# 1    connection Neural network connection value.
# 2    t          Connection type (a = weight, b = bias).
# 3    index      Index enumerating weights.
# 4    l_s        Starting point layer (end point layer for biases).
# 5    n_s        Starting point neuron in starting layer (end point neuron for biases).
# 6    l_e        End point layer.
# 7    n_e        End point neuron in end layer.
################################################################################
#                      1 2         3     4     5     6     7
#             connection t     index   l_s   n_s   l_e   n_e
############################################################
  9.0116732891805940E-01 a         1     0     1     1     1
 -1.1736443080949943E+01 a         2     0     1     1     2
  4.7782909972714602E+00 a         3     0     1     1     3
 -1.6486467744057570E+01 a         4     0     1     1     4
  2.5517947355401267E+00 a         5     0     1     1     5
  7.5613196838080166E+00 a         6     0     1     1     6
 -5.2735387439434467E+00 a         7     0     1     1     7
 -1.3099628496328726E+00 a         8     0     1     1     8
 -3.9366172424412516E+00 a         9     0     1     1     9
  9.9343389364644494E+00 a        10     0     1     1    10
  4.4332316180783042E+00 a        11     0     1     1    11
 -2.5438528239007785E+00 a        12     0     1     1    12
  3.3651363726162984E+00 a        13     0     1     1    13
 -1.8743788901202421E+01 a        14     0     1     1    14
  1.2660717076864756E+00 a        15     0     1     1    15
  6.9344391626981299E+00 a        16     0     1     1    16
  9.9271453634646367E-01 a        17     0     1     1    17
  8.3378775962055751E-01 a        18     0     1     1    18
 -1.0054313212806036E+01 a        19     0     1     1    19
  2.9137466501856366E+00 a        20     0     1     1    20
  3.9156118787100094E+00 a        21     0     1     1    21
  1.4453209732768086E+00 a        22     0     1     1    22
  4.9395049090092460E+00 a        23     0     1     1    23
  7.1616478263566545E+00 a        24     0     1     1    24
 -2.0785361194499488E+00 a        25     0     1     1    25
 -5.5563646059695380E+00 a        26     0     2     1     1
  6.3052528852204013E+00 a        27     0     2     1     2
  1.2276813405445519E+00 a        28     0     2     1     3
  4.5927684218225373E+00 a        29     0     2     1     4
 -9.9636547962023503E+00 a        30     0     2     1     5
 -7.9720784716114874E+00 a        31     0     2     1     6
 -9.3800597004211976E+00 a        32     0     2     1     7
 -1.2974743747360975E+01 a        33     0     2     1     8
 -7.5685308708520944E+00 a        34     0     2     1     9
 -2.0473719527191154E+01 a        35     0     2     1    10
  1.2810275003788683E+00 a        36     0     2     1    11
 -1.3996858530780987E+01 a        37     0     2     1    12
  2.0452006770295579E+01 a        38     0     2     1    13
  3.3278189080710931E+01 a        39     0     2     1    14
 -8.7559571987586970E+00 a        40     0     2     1    15
 -1.6649303036508119E+01 a        41     0     2     1    16
  9.4291997215602361E+00 a        42     0     2     1    17
  3.0645774295181543E+00 a        43     0     2     1    18
  1.3972689132860287E+01 a        44     0     2     1    19
 -1.2792075819655517E+01 a        45     0     2     1    20
 -7.0404829281982337E+00 a        46     0     2     1    21
  8.4906769039619547E+00 a        47     0     2     1    22
 -5.0576287155803286E+00 a        48     0     2     1    23
  3.4449007890626180E+00 a        49     0     2     1    24
 -1.4433722222711976E+01 a        50     0     2     1    25
  5.5745117070622632E+00 a        51     0     3     1     1
  2.1110893323758461E+01 a        52     0     3     1     2
 -2.9181045843220592E+00 a        53     0     3     1     3
  2.7302622904608992E+01 a        54     0     3     1     4
 -6.4196950144197640E+00 a        55     0     3     1     5
 -1.3779127053314754E+01 a        56     0     3     1     6
  1.7619519578434950E+01 a        57     0     3     1     7
  3.0171267761141429E+00 a        58     0     3     1     8
  1.3089247751376728E+01 a        59     0     3     1     9
  4.9098444473434455E+00 a        60     0     3     1    10
 -9.2321311233135148E+00 a        61     0     3     1    11
  8.4863939897719245E+00 a        62     0     3     1    12
 -6.3608133353035425E+00 a        63     0     3     1    13
  1.2625188939315054E+01 a        64     0     3     1    14
 -1.0887903296290999E+01 a        65     0     3     1    15
  3.1825292046547187E+00 a        66     0     3     1    16
 -2.3124909985361373E+00 a        67     0     3     1    17
 -3.6961144392702403E+00 a        68     0     3     1    18
  9.9708018127934448E+00 a        69     0     3     1    19
  6.0659295422780115E+00 a        70     0     3     1    20
  5.7821659347271908E+00 a        71     0     3     1    21
 -5.2904618598028774E-01 a        72     0     3     1    22
 -4.2960300565103866E+00 a        73     0     3     1    23
 -1.0669695952484931E+01 a        74     0     3     1    24
  8.9951325431464735E+00 a        75     0     3     1    25
  5.8704772101141955E+00 a        76     0     4     1     1
 -5.3357864951468965E+00 a        77     0     4     1     2
 -8.3571563249982255E+00 a        78     0     4     1     3
 -9.5044290813351946E+00 a        79     0     4     1     4
  9.0634018962605278E+00 a        80     0     4     1     5
  1.6091282669332138E+01 a        81     0     4     1     6
  1.2837403314759710E+01 a        82     0     4     1     7
  2.2595068074483965E+01 a        83     0     4     1     8
  1.4245171067617420E+01 a        84     0     4     1     9
  2.0657640701056902E+01 a        85     0     4     1    10
 -2.0770546208399496E+00 a        86     0     4     1    11
  3.1858112326013561E+01 a        87     0     4     1    12
 -4.5984833893681198E+01 a        88     0     4     1    13
 -3.9876865041360261E+01 a        89     0     4     1    14
  2.8273492829877195E+01 a        90     0     4     1    15
  1.9498496964672270E+01 a        91     0     4     1    16
 -1.4670339622478080E+01 a        92     0     4     1    17
 -5.0253672658801243E+00 a        93     0     4     1    18
 -1.5689786389605226E+01 a        94     0     4     1    19
  1.6143408534827898E+01 a        95     0     4     1    20
  1.2342097544556569E+01 a        96     0     4     1    21
 -1.8083667183700260E+01 a        97     0     4     1    22
 -8.1270378319134695E-01 a        98     0     4     1    23
 -1.1311024378100273E+01 a        99     0     4     1    24
  1.9185115903488789E+01 a       100     0     4     1    25
 -8.7329886002981052E+00 a       101     0     5     1     1
 -1.9458903609202164E+01 a       102     0     5     1     2
  1.3287342266018859E+01 a       103     0     5     1     3
 -2.0041104135301229E+01 a       104     0     5     1     4
 -4.9016665094005341E-01 a       105     0     5     1     5
  1.2950973095446230E+01 a       106     0     5     1     6
 -1.5033173545064226E+01 a       107     0     5     1     7
  8.5555941711561836E+00 a       108     0     5     1     8
 -1.5624954338469198E+01 a       109     0     5     1     9
 -1.9018752275720217E+01 a       110     0     5     1    10
  1.0402934601553584E+01 a       111     0     5     1    11
 -9.0660351446106890E+00 a       112     0     5     1    12
  2.0926854636746430E+01 a       113     0     5     1    13
 -2.2921859734875678E+00 a       114     0     5     1    14
  1.2364996443458242E+01 a       115     0     5     1    15
 -8.1279758926743568E+00 a       116     0     5     1    16
 -2.4958787979436647E+00 a       117     0     5     1    17
  8.8114114437666604E+00 a       118     0     5     1    18
 -5.6523318493944483E+00 a       119     0     5     1    19
 -1.4391418640388325E+01 a       120     0     5     1    20
 -2.0961054767210044E+01 a       121     0     5     1    21
 -1.3373490765046299E+01 a       122     0     5     1    22
 -1.9829236616849644E+00 a       123     0     5     1    23
  1.6913279938854455E+01 a       124     0     5     1    24
 -1.0057883845328178E+01 a       125     0     5     1    25
 -7.5584617218912031E-01 a       126     0     6     1     1
 -6.1765366996612183E+00 a       127     0     6     1     2
  3.1911777516471407E+00 a       128     0     6     1     3
  2.2135908044509740E+01 a       129     0     6     1     4
  1.1558272793395496E+01 a       130     0     6     1     5
 -1.2651835352268403E+01 a       131     0     6     1     6
 -7.4913724391202541E+00 a       132     0     6     1     7
 -1.1463032274748221E+01 a       133     0     6     1     8
 -1.6595348585644658E+01 a       134     0     6     1     9
  4.0055015354764834E+00 a       135     0     6     1    10
 -1.8457857460516418E+00 a       136     0     6     1    11
 -2.9743565073387021E+01 a       137     0     6     1    12
  3.8735620777794701E+01 a       138     0     6     1    13
  1.5905487831813591E+01 a       139     0     6     1    14
 -3.6202906401689859E+01 a       140     0     6     1    15
 -1.3238310708214213E+01 a       141     0     6     1    16
  1.1679657861105355E+01 a       142     0     6     1    17
 -5.0726066163875458E+00 a       143     0     6     1    18
  5.5489407993845754E+00 a       144     0     6     1    19
 -1.5109960506750667E+01 a       145     0     6     1    20
 -8.9129462724409496E+00 a       146     0     6     1    21
  2.5332314914287721E+01 a       147     0     6     1    22
  1.0168748370822662E+01 a       148     0     6     1    23
  5.9385720006465670E+00 a       149     0     6     1    24
 -2.2068846541801928E+00 a       150     0     6     1    25
  5.3157594934864996E+00 a       151     0     7     1     1
  1.5289102021096868E+01 a       152     0     7     1     2
 -1.1509405396069663E+01 a       153     0     7     1     3
  1.3160266740455853E+01 a       154     0     7     1     4
  2.8950798764804784E+00 a       155     0     7     1     5
 -1.0453954416192552E+01 a       156     0     7     1     6
  6.9152558506245798E+00 a       157     0     7     1     7
 -2.7046289229293855E+01 a       158     0     7     1     8
  1.6267513068549373E+01 a       159     0     7     1     9
  1.4044659656370735E+01 a       160     0     7     1    10
 -1.1288553972846152E+01 a       161     0     7     1    11
  3.6012362130841411E+00 a       162     0     7     1    12
 -1.9733577720596358E+01 a       163     0     7     1    13
  8.8989441804899772E-01 a       164     0     7     1    14
  8.5090589861211718E-01 a       165     0     7     1    15
  5.8238425732348196E+00 a       166     0     7     1    16
  5.3226915483790931E+00 a       167     0     7     1    17
  1.0194977448590923E+00 a       168     0     7     1    18
 -2.0398576166058318E+00 a       169     0     7     1    19
  1.4077979975496890E+01 a       170     0     7     1    20
  2.5335812201874681E+01 a       171     0     7     1    21
  1.7047227632162400E+01 a       172     0     7     1    22
 -6.3476354717086192E-01 a       173     0     7     1    23
 -1.0803414987693326E+01 a       174     0     7     1    24
  5.2338495629043926E+00 a       175     0     7     1    25
  1.0845965816961426E+01 a       176     0     8     1     1
  2.3913931551024074E+01 a       177     0     8     1     2
 -1.4334391335734923E+01 a       178     0     8     1     3
 -1.1102586624372272E+01 a       179     0     8     1     4
 -3.7982918054192498E+00 a       180     0     8     1     5
  9.1909261103121125E+00 a       181     0     8     1     6
  3.5500499047982395E+00 a       182     0     8     1     7
 -3.6650867219535019E+00 a       183     0     8     1     8
  1.5689065552469842E+01 a       184     0     8     1     9
 -2.1698462384566447E+01 a       185     0     8     1    10
  4.8620368639558729E+00 a       186     0     8     1    11
  1.2557618170013882E+01 a       187     0     8     1    12
 -2.2033857230048540E+01 a       188     0     8     1    13
  1.1495193389917388E+01 a       189     0     8     1    14
 -2.8412022301684403E+00 a       190     0     8     1    15
  1.5661407371268401E+01 a       191     0     8     1    16
 -9.7662237257691231E+00 a       192     0     8     1    17
 -3.3206840089986369E+00 a       193     0     8     1    18
 -3.9295298941807295E+00 a       194     0     8     1    19
  7.5099834454375625E+00 a       195     0     8     1    20
 -2.0234647542370979E+01 a       196     0     8     1    21
 -9.4720228631026515E+00 a       197     0     8     1    22
  3.4113851911530895E+00 a       198     0     8     1    23
 -1.2655641594354163E+01 a       199     0     8     1    24
  9.6615222692782456E+00 a       200     0     8     1    25
 -2.1487946084767029E+00 a       201     0     9     1     1
 -3.6609603505448556E+00 a       202     0     9     1     2
  7.2835341479525475E+00 a       203     0     9     1     3
  2.6223877910132396E+00 a       204     0     9     1     4
 -1.2132115002876917E+01 a       205     0     9     1     5
  2.0146132093844384E+00 a       206     0     9     1     6
 -1.5021592004611735E+00 a       207     0     9     1     7
  1.0493218164505391E+01 a       208     0     9     1     8
 -5.0727307365015406E+00 a       209     0     9     1     9
 -3.4745861124646509E+00 a       210     0     9     1    10
  8.3559585436518020E+00 a       211     0     9     1    11
 -4.3849754068990310E-01 a       212     0     9     1    12
  1.3431460164411439E+01 a       213     0     9     1    13
 -5.5504204178729202E+00 a       214     0     9     1    14
  5.6604086826028039E+00 a       215     0     9     1    15
 -7.0289628163360209E+00 a       216     0     9     1    16
 -3.2889588033030308E+00 a       217     0     9     1    17
  2.6434437910941853E+00 a       218     0     9     1    18
 -8.0273048180751372E-02 a       219     0     9     1    19
 -2.9769787233984593E+00 a       220     0     9     1    20
 -5.5625684776192763E+00 a       221     0     9     1    21
 -1.2207851864865953E+01 a       222     0     9     1    22
 -1.1243188027388051E+00 a       223     0     9     1    23
  1.7054649125479961E+00 a       224     0     9     1    24
  1.6098854375228244E+00 a       225     0     9     1    25
 -3.9983276719977914E+00 a       226     0    10     1     1
 -2.7075161962234420E+00 a       227     0    10     1     2
  8.5223526940293386E+00 a       228     0    10     1     3
 -5.6739033050199001E+00 a       229     0    10     1     4
 -7.6830051898284157E+00 a       230     0    10     1     5
  5.8771914327733776E-01 a       231     0    10     1     6
  1.9645470523393569E+00 a       232     0    10     1     7
 -1.4398727338932935E-01 a       233     0    10     1     8
 -2.4034857965442393E+00 a       234     0    10     1     9
  4.4701441313722796E+00 a       235     0    10     1    10
  4.1643981204748863E+00 a       236     0    10     1    11
  7.0330168966174229E+00 a       237     0    10     1    12
  5.7631948514491853E+00 a       238     0    10     1    13
 -3.4821008522857277E+00 a       239     0    10     1    14
  1.2463185071223146E+01 a       240     0    10     1    15
 -1.0566504197905153E+00 a       241     0    10     1    16
  3.4812579091682214E+00 a       242     0    10     1    17
  2.8930155585397208E+00 a       243     0    10     1    18
  3.0992307393573633E+00 a       244     0    10     1    19
 -8.3491800458538861E-03 a       245     0    10     1    20
  1.4210394787964042E+01 a       246     0    10     1    21
 -5.6109700935374063E+00 a       247     0    10     1    22
 -4.0653566109847299E+00 a       248     0    10     1    23
  4.9089383519516092E+00 a       249     0    10     1    24
 -1.0794697687076587E+01 a       250     0    10     1    25
 -1.4486930733175385E+00 a       251     0    11     1     1
  2.1031774589701455E+00 a       252     0    11     1     2
 -3.8980188712028183E+00 a       253     0    11     1     3
 -1.5078284352129563E+00 a       254     0    11     1     4
  5.0657161956097099E+00 a       255     0    11     1     5
 -2.3818572086231005E-01 a       256     0    11     1     6
 -2.9639377252820864E-01 a       257     0    11     1     7
 -2.1734411550299484E+00 a       258     0    11     1     8
  2.8797101259609188E+00 a       259     0    11     1     9
  1.7383513756642821E+00 a       260     0    11     1    10
 -5.0312207329795573E+00 a       261     0    11     1    11
 -4.5430748108812763E-01 a       262     0    11     1    12
 -8.5556685664604810E+00 a       263     0    11     1    13
  5.9528310522205201E+00 a       264     0    11     1    14
  1.7251074898797101E+00 a       265     0    11     1    15
 -1.1574032959392049E+00 a       266     0    11     1    16
  1.1099207957164963E+00 a       267     0    11     1    17
  3.4021645776068277E+00 a       268     0    11     1    18
 -3.2450454411407059E-01 a       269     0    11     1    19
  3.3870586086538568E+00 a       270     0    11     1    20
  5.9888222768636696E+00 a       271     0    11     1    21
  2.5407991743092389E+00 a       272     0    11     1    22
 -1.4279746667790845E+00 a       273     0    11     1    23
 -2.6331654550689176E+00 a       274     0    11     1    24
 -1.4896635569142820E+00 a       275     0    11     1    25
  7.9284829291800496E-01 a       276     0    12     1     1
 -4.5600878005956957E+00 a       277     0    12     1     2
 -3.9302623657415579E+00 a       278     0    12     1     3
  2.5625779734821275E-01 a       279     0    12     1     4
  1.1320595101780077E+01 a       280     0    12     1     5
  6.5688415435457048E-01 a       281     0    12     1     6
  3.6848914288704022E+00 a       282     0    12     1     7
  3.4643830076089461E+00 a       283     0    12     1     8
 -1.5676266222632620E-01 a       284     0    12     1     9
  3.1875171825407209E+00 a       285     0    12     1    10
 -6.2398541115456165E+00 a       286     0    12     1    11
 -2.8000431931950898E+00 a       287     0    12     1    12
  2.3216590137576779E-01 a       288     0    12     1    13
 -2.8791144961874000E+00 a       289     0    12     1    14
 -2.2304022261930245E+00 a       290     0    12     1    15
  2.1856533798230421E-01 a       291     0    12     1    16
  1.1662551400247061E+00 a       292     0    12     1    17
  2.6132466471443538E+00 a       293     0    12     1    18
  1.0427869929309295E+00 a       294     0    12     1    19
  1.5927036393408776E+00 a       295     0    12     1    20
 -2.2074244586412917E+00 a       296     0    12     1    21
  6.6546068676582184E+00 a       297     0    12     1    22
  1.8711972772889722E+00 a       298     0    12     1    23
  1.9181591232744934E+00 a       299     0    12     1    24
  3.6074126258544874E+00 a       300     0    12     1    25
 -1.4583462390730160E+00 a       301     0    13     1     1
 -1.1696621586141893E+00 a       302     0    13     1     2
  6.2153950204099373E-01 a       303     0    13     1     3
  3.9139104754578402E+00 a       304     0    13     1     4
 -8.7876595648175504E-01 a       305     0    13     1     5
  8.4859800308239397E-01 a       306     0    13     1     6
  8.6203991012111003E-01 a       307     0    13     1     7
  1.6180941125671773E+00 a       308     0    13     1     8
 -1.8960459491746227E+00 a       309     0    13     1     9
  9.7751811299759905E-02 a       310     0    13     1    10
  5.9596046235296622E+00 a       311     0    13     1    11
  2.8524614065621168E-01 a       312     0    13     1    12
  3.7279115198132242E+00 a       313     0    13     1    13
 -3.1462461681936444E+00 a       314     0    13     1    14
  1.8389552241678111E+00 a       315     0    13     1    15
  2.6572237857347814E+00 a       316     0    13     1    16
  1.5506131310152516E+00 a       317     0    13     1    17
 -1.5945523640717432E+00 a       318     0    13     1    18
  9.5713919397631186E-01 a       319     0    13     1    19
 -3.2084158120859074E-01 a       320     0    13     1    20
 -5.0502462632898295E+00 a       321     0    13     1    21
 -2.2482014985680174E+00 a       322     0    13     1    22
 -5.5246509810323463E-01 a       323     0    13     1    23
 -5.1158495059326581E-01 a       324     0    13     1    24
  2.4465159291089988E-01 a       325     0    13     1    25
  4.4396253540195829E-01 a       326     0    14     1     1
 -6.9165690492375043E-01 a       327     0    14     1     2
  2.2270392057434423E+00 a       328     0    14     1     3
  1.7552743789135887E+00 a       329     0    14     1     4
 -3.4018414990648971E+00 a       330     0    14     1     5
  4.5780700697728988E-01 a       331     0    14     1     6
 -1.5380621093442453E+00 a       332     0    14     1     7
 -1.4847076828753096E+00 a       333     0    14     1     8
 -1.6908545294048876E+00 a       334     0    14     1     9
  3.9238735376374245E-01 a       335     0    14     1    10
  3.0133338374434788E+00 a       336     0    14     1    11
  2.4211210144973669E-01 a       337     0    14     1    12
  3.0760985063744752E+00 a       338     0    14     1    13
 -1.1192802929219077E+00 a       339     0    14     1    14
  1.6055528252863824E+00 a       340     0    14     1    15
  1.3462235239354687E+00 a       341     0    14     1    16
  1.1091904693489465E+00 a       342     0    14     1    17
 -5.7752345346054614E+00 a       343     0    14     1    18
 -1.1482176649077285E+00 a       344     0    14     1    19
  8.4043707840801507E-01 a       345     0    14     1    20
  1.7124864496788144E+00 a       346     0    14     1    21
 -3.6314217174361696E+00 a       347     0    14     1    22
 -1.1005227407920524E+00 a       348     0    14     1    23
 -1.2234548682780715E-02 a       349     0    14     1    24
  1.1399823488709551E+00 a       350     0    14     1    25
 -1.1030907713953482E+00 a       351     0    15     1     1
 -1.5162763654941693E+00 a       352     0    15     1     2
 -4.7370658063021515E-01 a       353     0    15     1     3
 -2.8528110301786924E+00 a       354     0    15     1     4
  5.5677960381592695E-01 a       355     0    15     1     5
  5.9203216894369959E-01 a       356     0    15     1     6
 -1.0955675790463626E+00 a       357     0    15     1     7
  1.0764237638782395E+00 a       358     0    15     1     8
 -1.3502180047750159E+00 a       359     0    15     1     9
  8.6838428069735546E-02 a       360     0    15     1    10
 -2.2384306769554683E+00 a       361     0    15     1    11
  7.3191254077399581E-01 a       362     0    15     1    12
 -9.4324183653592342E-01 a       363     0    15     1    13
  1.0238511664596543E+00 a       364     0    15     1    14
 -2.1124844023900060E+00 a       365     0    15     1    15
 -1.9018921315406025E+00 a       366     0    15     1    16
 -1.5465815213106946E+00 a       367     0    15     1    17
 -1.1721730566954185E-01 a       368     0    15     1    18
 -1.1899512259368943E+00 a       369     0    15     1    19
 -1.1808758042214855E-01 a       370     0    15     1    20
  1.1751328181371996E+00 a       371     0    15     1    21
  1.0396168359965379E+00 a       372     0    15     1    22
 -7.4530093934406194E-01 a       373     0    15     1    23
  3.5793020947639326E-01 a       374     0    15     1    24
 -1.8048234809785826E-01 a       375     0    15     1    25
  9.4676990590423282E-01 a       376     0    16     1     1
 -6.3899241563961640E-01 a       377     0    16     1     2
 -3.0912147779827115E-01 a       378     0    16     1     3
 -2.3256797827791962E+00 a       379     0    16     1     4
  3.0077016247647772E+00 a       380     0    16     1     5
  1.5105754145754940E-01 a       381     0    16     1     6
  1.4085507983329637E-01 a       382     0    16     1     7
  1.0905916377664009E+00 a       383     0    16     1     8
 -8.5474586825467846E-01 a       384     0    16     1     9
  5.8372218314498570E-01 a       385     0    16     1    10
 -1.8382559470099058E+00 a       386     0    16     1    11
 -1.1286621610916561E+00 a       387     0    16     1    12
  8.2232915715729979E-03 a       388     0    16     1    13
 -2.0069383996434156E+00 a       389     0    16     1    14
  8.6879730901572375E-02 a       390     0    16     1    15
  4.7686861745301168E-01 a       391     0    16     1    16
  5.1328261455413260E-01 a       392     0    16     1    17
 -5.3364252295615355E-01 a       393     0    16     1    18
 -4.3383347765270051E-02 a       394     0    16     1    19
  8.5019621119546127E-02 a       395     0    16     1    20
 -2.0932618480551682E-01 a       396     0    16     1    21
  3.2157100529141802E+00 a       397     0    16     1    22
 -8.7099960848776803E-02 a       398     0    16     1    23
  6.1907097345348816E-01 a       399     0    16     1    24
 -1.4858283888586818E+00 a       400     0    16     1    25
 -3.1138104101379902E+00 a       401     0    17     1     1
  6.9339137256528649E-01 a       402     0    17     1     2
  7.7883974514057863E+00 a       403     0    17     1     3
  1.0041143042161065E+00 a       404     0    17     1     4
 -2.4374412700221417E+00 a       405     0    17     1     5
 -5.3882265745937179E+00 a       406     0    17     1     6
  2.6608227235710359E-02 a       407     0    17     1     7
 -6.8563744895226515E+00 a       408     0    17     1     8
 -1.0298168830681956E+01 a       409     0    17     1     9
 -1.7243105975813584E+00 a       410     0    17     1    10
  1.8250510620170755E+00 a       411     0    17     1    11
 -9.2722065132416613E+00 a       412     0    17     1    12
 -7.2525539012258644E+00 a       413     0    17     1    13
 -4.0087829675491200E+00 a       414     0    17     1    14
  5.1127986914170949E+00 a       415     0    17     1    15
 -2.9198362524974213E+00 a       416     0    17     1    16
 -1.7034262337521480E+00 a       417     0    17     1    17
  1.4310147424273975E-01 a       418     0    17     1    18
 -2.3071119685050530E+00 a       419     0    17     1    19
 -2.4122785867057108E+00 a       420     0    17     1    20
 -3.0610174077074076E-01 a       421     0    17     1    21
  3.6172729910275703E-01 a       422     0    17     1    22
 -8.9975555221154835E+00 a       423     0    17     1    23
 -1.2325478055633360E+01 a       424     0    17     1    24
  1.0056621880168791E+01 a       425     0    17     1    25
  1.8117713221758995E+00 a       426     0    18     1     1
 -2.7926951385921370E+00 a       427     0    18     1     2
  7.6015591620105418E+00 a       428     0    18     1     3
 -3.2226282536219131E-01 a       429     0    18     1     4
 -5.0879691878718818E+00 a       430     0    18     1     5
  4.4749291719381157E+00 a       431     0    18     1     6
  2.2430154600054930E+00 a       432     0    18     1     7
  4.3137587099844685E+00 a       433     0    18     1     8
  7.2207142436120773E+00 a       434     0    18     1     9
 -1.5560086760733911E+00 a       435     0    18     1    10
 -2.6108245321369177E+00 a       436     0    18     1    11
  4.4764761656105767E+00 a       437     0    18     1    12
  3.4356200746822241E+00 a       438     0    18     1    13
 -1.7725717785896504E+00 a       439     0    18     1    14
 -2.4521344126985181E+00 a       440     0    18     1    15
  1.1683607321585553E-01 a       441     0    18     1    16
 -3.5743527936592240E-01 a       442     0    18     1    17
  3.6599799164119657E+00 a       443     0    18     1    18
  1.1864950400037257E+00 a       444     0    18     1    19
 -4.7753302391332220E-01 a       445     0    18     1    20
 -4.1977769324992558E+00 a       446     0    18     1    21
  1.3827952774209114E+00 a       447     0    18     1    22
  4.7927027911096793E+00 a       448     0    18     1    23
  8.4090218950354547E+00 a       449     0    18     1    24
 -6.9797370530936025E+00 a       450     0    18     1    25
 -1.0546528739936962E+01 a       451     0    19     1     1
  1.1424838567925839E+00 a       452     0    19     1     2
 -1.4820287679356341E+01 a       453     0    19     1     3
 -1.2247393688165779E+01 a       454     0    19     1     4
 -3.0863040171620026E+00 a       455     0    19     1     5
  6.8178241489139193E+00 a       456     0    19     1     6
 -1.5692906340456915E+01 a       457     0    19     1     7
  1.2839142389574161E+00 a       458     0    19     1     8
  6.6335950279275036E+00 a       459     0    19     1     9
 -2.2289005957587257E+01 a       460     0    19     1    10
  5.7432463659300721E+00 a       461     0    19     1    11
 -7.8929907565146245E+00 a       462     0    19     1    12
 -1.5444558628927648E+01 a       463     0    19     1    13
  7.9908175122081648E-01 a       464     0    19     1    14
  1.1475218465406581E+01 a       465     0    19     1    15
  5.0236695420770264E-02 a       466     0    19     1    16
  7.1501346437998432E+00 a       467     0    19     1    17
  5.6267481852445611E-01 a       468     0    19     1    18
  1.1839272643295642E+01 a       469     0    19     1    19
  1.5206543189812322E+01 a       470     0    19     1    20
 -7.0903855676146712E+00 a       471     0    19     1    21
 -1.6508312202683094E+01 a       472     0    19     1    22
  9.8326951166430785E+00 a       473     0    19     1    23
  9.9277035121956547E-01 a       474     0    19     1    24
 -1.7453119129288681E+00 a       475     0    19     1    25
  6.7112090741772690E+00 a       476     0    20     1     1
 -1.9337492430174146E+00 a       477     0    20     1     2
  1.8063373096038823E+01 a       478     0    20     1     3
  1.9565129531887384E+00 a       479     0    20     1     4
  3.8082702294645263E+00 a       480     0    20     1     5
 -2.1109164323464000E+00 a       481     0    20     1     6
  1.2682747758686146E+01 a       482     0    20     1     7
 -5.7289111485948814E+00 a       483     0    20     1     8
 -3.6587420171036129E+00 a       484     0    20     1     9
  7.2660982377499961E+00 a       485     0    20     1    10
 -8.7567296572216620E+00 a       486     0    20     1    11
 -9.7678286652949922E+00 a       487     0    20     1    12
  7.2788045756882562E+00 a       488     0    20     1    13
  2.2876256626235536E+00 a       489     0    20     1    14
 -9.2610277526270419E+00 a       490     0    20     1    15
 -1.2216555481163782E+00 a       491     0    20     1    16
 -4.7731285588831085E+00 a       492     0    20     1    17
  9.8510999573945646E-01 a       493     0    20     1    18
 -1.2940378351942780E+01 a       494     0    20     1    19
 -3.8384529300369756E+00 a       495     0    20     1    20
  6.2010728167828750E+00 a       496     0    20     1    21
  1.0394822987185824E+01 a       497     0    20     1    22
 -4.2244807005614760E-01 a       498     0    20     1    23
  2.7548286418295866E+00 a       499     0    20     1    24
 -1.8834271066007926E+00 a       500     0    20     1    25
  1.3011812037237507E+00 a       501     0    21     1     1
  7.7797139081069028E-02 a       502     0    21     1     2
 -3.8515140736735609E+00 a       503     0    21     1     3
 -1.0113665380239583E+00 a       504     0    21     1     4
 -1.4431220779086180E+00 a       505     0    21     1     5
  3.2775904170486876E+00 a       506     0    21     1     6
  1.9487432654276887E-01 a       507     0    21     1     7
  5.0747613223653190E+00 a       508     0    21     1     8
  9.7061929533327140E-01 a       509     0    21     1     9
  6.4199081131116129E+00 a       510     0    21     1    10
  2.5146576359365136E-01 a       511     0    21     1    11
  1.8246757840866465E-01 a       512     0    21     1    12
  2.3545936527038718E+00 a       513     0    21     1    13
 -1.1219677427811794E+00 a       514     0    21     1    14
 -3.2622288918472213E+00 a       515     0    21     1    15
  6.0513354206312919E-01 a       516     0    21     1    16
 -2.3054793027769258E+00 a       517     0    21     1    17
 -2.5450024128165988E-01 a       518     0    21     1    18
  1.1475131236877576E+00 a       519     0    21     1    19
  1.1970201758797483E+00 a       520     0    21     1    20
  9.8816725870881572E-01 a       521     0    21     1    21
  1.9695103148755647E-01 a       522     0    21     1    22
  4.7765822466009045E+00 a       523     0    21     1    23
  9.4861764027338893E+00 a       524     0    21     1    24
 -3.3409927870381386E+00 a       525     0    21     1    25
  4.8671708887389031E-01 a       526     0    22     1     1
 -2.9426202313183163E+00 a       527     0    22     1     2
 -7.3505742574714361E+00 a       528     0    22     1     3
  6.5272779373589573E+00 a       529     0    22     1     4
  5.3320215766820622E+00 a       530     0    22     1     5
 -6.6927426990917800E+00 a       531     0    22     1     6
 -1.7765710338674938E+00 a       532     0    22     1     7
 -2.6193824971034494E+00 a       533     0    22     1     8
 -3.2385716387400523E+00 a       534     0    22     1     9
  6.3922790493793276E+00 a       535     0    22     1    10
  2.6295765313971255E+00 a       536     0    22     1    11
  6.6697464154739077E+00 a       537     0    22     1    12
  6.4571041269132345E-01 a       538     0    22     1    13
  3.7717603219743445E+00 a       539     0    22     1    14
  1.7234939334092294E+00 a       540     0    22     1    15
 -1.5049469301906200E+00 a       541     0    22     1    16
 -7.9021839006598493E-01 a       542     0    22     1    17
  1.1051135087282058E+00 a       543     0    22     1    18
 -6.2595356188508189E-01 a       544     0    22     1    19
 -7.6209835727769226E+00 a       545     0    22     1    20
 -4.0788169140092254E+00 a       546     0    22     1    21
  3.1045039721688386E+00 a       547     0    22     1    22
 -2.5002229598148724E+00 a       548     0    22     1    23
 -8.0488029962943219E+00 a       549     0    22     1    24
  4.1030732268400172E+00 a       550     0    22     1    25
 -3.7521369642135693E-01 a       551     0    23     1     1
  4.7114359075017187E-01 a       552     0    23     1     2
  2.6482059436099910E+00 a       553     0    23     1     3
 -3.1356477597764423E+00 a       554     0    23     1     4
  1.3753938728471756E+01 a       555     0    23     1     5
  1.8794382141288100E+00 a       556     0    23     1     6
 -2.7923144411634575E+00 a       557     0    23     1     7
  1.8078747360733200E+01 a       558     0    23     1     8
 -1.5082430814554904E+00 a       559     0    23     1     9
 -8.8525607728322164E+00 a       560     0    23     1    10
 -1.5092820280117512E+00 a       561     0    23     1    11
  7.3094540850159584E+00 a       562     0    23     1    12
 -1.1317670237222920E+01 a       563     0    23     1    13
  4.5243452573429321E+00 a       564     0    23     1    14
 -8.1172430350245595E+00 a       565     0    23     1    15
  1.4627659643570869E+01 a       566     0    23     1    16
  3.4914998595623298E-01 a       567     0    23     1    17
 -1.1639262215579379E+01 a       568     0    23     1    18
  1.2613772183949290E+00 a       569     0    23     1    19
 -4.8746884498909928E+00 a       570     0    23     1    20
 -1.7550172272489341E+01 a       571     0    23     1    21
  5.5681591132881527E+00 a       572     0    23     1    22
  4.8365558873650514E+00 a       573     0    23     1    23
  3.0284419136973378E-01 a       574     0    23     1    24
 -8.3521661987797091E-01 a       575     0    23     1    25
 -1.6718374370130647E+01 a       576     0    24     1     1
 -1.6495318219164936E+01 a       577     0    24     1     2
 -1.0619494076103251E+01 a       578     0    24     1     3
 -2.0389352480006759E+00 a       579     0    24     1     4
 -2.7917421107863476E+01 a       580     0    24     1     5
 -1.7435354249809158E+01 a       581     0    24     1     6
 -5.2403818026193072E+00 a       582     0    24     1     7
 -9.3812775026690503E+00 a       583     0    24     1     8
 -7.2375248214043095E+00 a       584     0    24     1     9
  3.1002626300839424E+01 a       585     0    24     1    10
 -1.5300715848109913E+01 a       586     0    24     1    11
 -8.9987159909943362E+00 a       587     0    24     1    12
  1.4702261016582265E+00 a       588     0    24     1    13
 -2.3894572170079382E+01 a       589     0    24     1    14
  9.3824968170512832E+00 a       590     0    24     1    15
 -8.8279534033213345E+00 a       591     0    24     1    16
  1.2289033575397436E+01 a       592     0    24     1    17
  4.8551768691671091E+00 a       593     0    24     1    18
  1.3104915551514406E+01 a       594     0    24     1    19
  1.5114686477856571E+01 a       595     0    24     1    20
  6.1731828266154443E+00 a       596     0    24     1    21
 -6.1586608642337293E+00 a       597     0    24     1    22
 -1.4780003351522085E+01 a       598     0    24     1    23
 -7.8301873030505007E+00 a       599     0    24     1    24
 -1.5207300736329261E+01 a       600     0    24     1    25
  1.3870070039462028E+01 a       601     0    25     1     1
  1.5731575402088978E+00 a       602     0    25     1     2
  2.6449310891715598E+01 a       603     0    25     1     3
  6.8320815457554662E-01 a       604     0    25     1     4
 -2.2773929017959946E+00 a       605     0    25     1     5
  6.3669450006605652E+00 a       606     0    25     1     6
  1.0484597365615553E+01 a       607     0    25     1     7
 -4.7820579268713059E-01 a       608     0    25     1     8
 -1.2067071037710824E+00 a       609     0    25     1     9
 -7.4396351241331145E+00 a       610     0    25     1    10
  5.6357674679453877E+00 a       611     0    25     1    11
 -9.8353229433182783E+00 a       612     0    25     1    12
  3.2905108013310800E+00 a       613     0    25     1    13
  2.7982086081121520E+00 a       614     0    25     1    14
  9.9038718839462037E-01 a       615     0    25     1    15
  4.9918498863101064E+00 a       616     0    25     1    16
 -2.3961255158880053E+00 a       617     0    25     1    17
  1.5756767192536254E+01 a       618     0    25     1    18
 -9.3470347803278617E+00 a       619     0    25     1    19
  3.1973389018389846E+00 a       620     0    25     1    20
 -4.7438934128752779E+00 a       621     0    25     1    21
  4.7837985223189792E+00 a       622     0    25     1    22
  1.1419178230805864E+01 a       623     0    25     1    23
  1.0745668758449101E+01 a       624     0    25     1    24
  1.8879018853509454E+01 a       625     0    25     1    25
  6.4553009327804105E+00 a       626     0    26     1     1
  4.2290084144062083E+00 a       627     0    26     1     2
  5.2529038260909502E+00 a       628     0    26     1     3
 -1.1348350320839595E+01 a       629     0    26     1     4
 -7.2101378118955619E+00 a       630     0    26     1     5
  9.3989986262071952E+00 a       631     0    26     1     6
  1.4652104182066571E+01 a       632     0    26     1     7
  5.2152546011043741E+00 a       633     0    26     1     8
 -2.3958104478983402E-01 a       634     0    26     1     9
  4.3825920063824692E-01 a       635     0    26     1    10
 -1.7211632480063592E+00 a       636     0    26     1    11
 -4.8902316780874049E+00 a       637     0    26     1    12
 -3.0611165190240310E+00 a       638     0    26     1    13
 -2.4211955589576868E+00 a       639     0    26     1    14
 -5.1931104174901055E+00 a       640     0    26     1    15
  1.2203004282151115E+00 a       641     0    26     1    16
 -1.2299398582775740E+00 a       642     0    26     1    17
 -5.8793047528097535E+00 a       643     0    26     1    18
  1.4642852065824039E+00 a       644     0    26     1    19
  4.5147759646061472E+00 a       645     0    26     1    20
  4.3367355579089290E-01 a       646     0    26     1    21
  1.5954348384012549E+00 a       647     0    26     1    22
 -5.9788867657237876E+00 a       648     0    26     1    23
  3.6625002725504103E+00 a       649     0    26     1    24
 -3.2825778288688223E+00 a       650     0    26     1    25
 -2.5697577514110224E+00 a       651     0    27     1     1
  1.4660735056816077E+00 a       652     0    27     1     2
  2.0356365825423037E+01 a       653     0    27     1     3
  6.6096634900146691E+00 a       654     0    27     1     4
  8.5202125202351979E+00 a       655     0    27     1     5
 -1.0930164884816509E+01 a       656     0    27     1     6
 -1.5119029655667365E+01 a       657     0    27     1     7
  1.6348985054924846E+01 a       658     0    27     1     8
 -1.1422983944922198E+01 a       659     0    27     1     9
  7.7593911621109282E+00 a       660     0    27     1    10
  8.7848267053395599E+00 a       661     0    27     1    11
  8.2825874266119701E+00 a       662     0    27     1    12
  7.2567303217233958E-01 a       663     0    27     1    13
  8.8659555042365348E+00 a       664     0    27     1    14
 -1.3389587936377328E+01 a       665     0    27     1    15
 -2.3107749576300328E+01 a       666     0    27     1    16
 -1.2852397151519547E+01 a       667     0    27     1    17
  3.5653069027605611E+00 a       668     0    27     1    18
  4.0258976648209627E-01 a       669     0    27     1    19
 -1.4787562412641005E+01 a       670     0    27     1    20
  2.2064551182999562E+01 a       671     0    27     1    21
  5.5497438695664556E+00 a       672     0    27     1    22
 -2.2359956470009674E+00 a       673     0    27     1    23
  9.0327630703226411E+00 a       674     0    27     1    24
 -1.2824808861642886E+01 a       675     0    27     1    25
 -6.4660538390219777E+00 a       676     0    28     1     1
  6.2051113907152597E+00 a       677     0    28     1     2
 -3.3219274659284487E+01 a       678     0    28     1     3
  3.7427096847937529E+00 a       679     0    28     1     4
 -1.6105728369051439E-01 a       680     0    28     1     5
  5.5722463103574327E-01 a       681     0    28     1     6
 -5.5854492938440474E+00 a       682     0    28     1     7
 -3.5632671702230976E+00 a       683     0    28     1     8
  1.5569041796590167E+01 a       684     0    28     1     9
 -4.5543165725370365E+00 a       685     0    28     1    10
  5.6366306265534751E+00 a       686     0    28     1    11
  2.1444329791648070E+01 a       687     0    28     1    12
  1.8274619023816043E+00 a       688     0    28     1    13
 -9.7478839249540243E+00 a       689     0    28     1    14
  7.8850266010776320E+00 a       690     0    28     1    15
  6.2836678869300693E+00 a       691     0    28     1    16
  7.0240637283593585E+00 a       692     0    28     1    17
 -5.8795208676747501E+00 a       693     0    28     1    18
  2.4144768343534047E+00 a       694     0    28     1    19
 -3.9464555367961740E+00 a       695     0    28     1    20
 -7.1942469622518308E+00 a       696     0    28     1    21
 -6.3499780622360777E+00 a       697     0    28     1    22
 -6.8881855010388993E+00 a       698     0    28     1    23
 -1.3422979021459788E+01 a       699     0    28     1    24
  1.2164333901875310E+00 a       700     0    28     1    25
  5.3917872196385010E+00 a       701     0    29     1     1
  9.7710023370440835E-01 a       702     0    29     1     2
  9.7202048682444830E-01 a       703     0    29     1     3
  1.0959019993502275E+00 a       704     0    29     1     4
 -2.3299344191417526E+00 a       705     0    29     1     5
 -2.7557251423794429E+00 a       706     0    29     1     6
  8.8557156673250486E+00 a       707     0    29     1     7
 -9.5018716939904948E+00 a       708     0    29     1     8
 -5.2589455016392350E-01 a       709     0    29     1     9
 -5.4230799377042453E+00 a       710     0    29     1    10
  2.3356515937867508E+00 a       711     0    29     1    11
 -3.3035470164523315E+00 a       712     0    29     1    12
  7.2628552524486638E+00 a       713     0    29     1    13
 -4.5293129367000870E-03 a       714     0    29     1    14
 -6.3882752127432019E-01 a       715     0    29     1    15
 -2.8861079996687851E+00 a       716     0    29     1    16
  1.6417234880264044E+00 a       717     0    29     1    17
  4.5711180392616111E+00 a       718     0    29     1    18
 -3.7945009868913879E+00 a       719     0    29     1    19
 -4.0466321398869765E+00 a       720     0    29     1    20
  3.9838467034321674E+00 a       721     0    29     1    21
  4.1282470172262000E+00 a       722     0    29     1    22
  1.2079822100233491E-01 a       723     0    29     1    23
  3.1258515850225126E+00 a       724     0    29     1    24
  3.0720928751465824E+00 a       725     0    29     1    25
 -3.0191290009783165E+00 a       726     0    30     1     1
 -2.0946005969118477E+00 a       727     0    30     1     2
 -1.0697092091915579E+00 a       728     0    30     1     3
 -1.3647160475021771E+00 a       729     0    30     1     4
  4.8059388243161116E+00 a       730     0    30     1     5
  1.5153587383349403E+00 a       731     0    30     1     6
 -8.9301637221065846E+00 a       732     0    30     1     7
 -4.8801618663265871E-02 a       733     0    30     1     8
  2.0050868405967151E-01 a       734     0    30     1     9
 -3.7281159012412468E+00 a       735     0    30     1    10
 -4.2572911355171037E+00 a       736     0    30     1    11
  2.6243809229853854E+00 a       737     0    30     1    12
  1.7056013485190045E+00 a       738     0    30     1    13
  1.5320442701892407E+00 a       739     0    30     1    14
  8.8192139403943282E-01 a       740     0    30     1    15
  3.2310932447811496E+00 a       741     0    30     1    16
 -5.4087222688711609E+00 a       742     0    30     1    17
 -5.6917667047020981E-01 a       743     0    30     1    18
 -7.6434805190789701E-01 a       744     0    30     1    19
 -9.2209740653621552E-01 a       745     0    30     1    20
 -4.3384236754956067E+00 a       746     0    30     1    21
 -2.8510833163772622E+00 a       747     0    30     1    22
  6.5302572277746682E+00 a       748     0    30     1    23
  8.3587080466519437E-01 a       749     0    30     1    24
 -1.5049472363602374E+00 a       750     0    30     1    25
  9.7908925676700576E-01 b       751     1     1
 -1.6169520028474178E+00 b       752     1     2
 -2.9298339460946432E-01 b       753     1     3
  2.7868218775572917E-01 b       754     1     4
  4.0185142394210333E-01 b       755     1     5
  8.5432391453930626E-02 b       756     1     6
  9.1006281234396680E-01 b       757     1     7
  1.2202132639221632E+00 b       758     1     8
 -1.1126944091699149E+00 b       759     1     9
 -9.9638225484286502E-01 b       760     1    10
  9.9621640464407191E-01 b       761     1    11
  4.5228992401156681E-01 b       762     1    12
 -6.7789482675590063E-01 b       763     1    13
 -1.5355778875108739E-01 b       764     1    14
  9.1527840884376854E-01 b       765     1    15
  3.1380387684540872E-01 b       766     1    16
 -3.1077429716211746E-01 b       767     1    17
 -2.2906793029730485E-01 b       768     1    18
 -1.5312599050986089E-01 b       769     1    19
 -5.9996285560470808E-01 b       770     1    20
 -5.3691296508555009E-01 b       771     1    21
 -1.6541479649696259E-01 b       772     1    22
 -8.6206411705570196E-01 b       773     1    23
  3.1841389605269738E-01 b       774     1    24
  6.2496861378809186E-02 b       775     1    25
  1.2055120240046271E+00 a       776     1     1     2     1
 -1.8218870213045715E+00 a       777     1     1     2     2
  7.1648721346162181E-01 a       778     1     1     2     3
  1.3439682418720422E+00 a       779     1     1     2     4
  3.9229845297894554E-03 a       780     1     1     2     5
 -2.6558801883313715E-01 a       781     1     1     2     6
 -4.5461517691037551E-01 a       782     1     1     2     7
 -6.0821101732437688E-01 a       783     1     1     2     8
  4.2229548483602358E-02 a       784     1     1     2     9
  2.6455025096307985E+00 a       785     1     1     2    10
  6.4386969257768711E-01 a       786     1     1     2    11
  9.6189670343118605E-01 a       787     1     1     2    12
  7.1374515537615690E-01 a       788     1     1     2    13
 -5.7204048264150664E-01 a       789     1     1     2    14
 -4.8043048989139275E-01 a       790     1     1     2    15
  1.8041278072411799E+00 a       791     1     1     2    16
  1.6382222905756048E+00 a       792     1     1     2    17
  1.2285392119988525E+00 a       793     1     1     2    18
  1.2133049769076345E+00 a       794     1     1     2    19
 -8.4649328672092894E-01 a       795     1     1     2    20
  2.7712134029001068E-01 a       796     1     1     2    21
 -1.9913679132438353E-01 a       797     1     1     2    22
 -6.0701238720490480E-01 a       798     1     1     2    23
  1.5518274429793699E-01 a       799     1     1     2    24
  1.0120714187970228E+00 a       800     1     1     2    25
 -2.8566877146641206E-01 a       801     1     2     2     1
  4.6098250260288531E-01 a       802     1     2     2     2
  8.2967542038487185E-01 a       803     1     2     2     3
  4.9322461908486165E-01 a       804     1     2     2     4
  4.3716547526187199E-01 a       805     1     2     2     5
 -1.0017944299047599E+00 a       806     1     2     2     6
 -2.9297278944517829E-01 a       807     1     2     2     7
 -1.0434038773281771E+00 a       808     1     2     2     8
 -4.5097831046869119E-01 a       809     1     2     2     9
  2.4382530313135276E-01 a       810     1     2     2    10
 -9.2958870587209685E-01 a       811     1     2     2    11
  3.2864474953616674E-01 a       812     1     2     2    12
  8.9251249640852315E-01 a       813     1     2     2    13
 -1.2107680338669744E+00 a       814     1     2     2    14
 -1.4376529338296182E+00 a       815     1     2     2    15
  1.3515151301436246E+00 a       816     1     2     2    16
 -2.0339826761724331E-01 a       817     1     2     2    17
 -7.4174184425337131E-02 a       818     1     2     2    18
 -1.6619081752272511E+00 a       819     1     2     2    19
  3.7385794865692895E-01 a       820     1     2     2    20
  2.0727245656309143E-01 a       821     1     2     2    21
 -8.8949964676784243E-01 a       822     1     2     2    22
 -9.7084183103118102E-02 a       823     1     2     2    23
 -9.1866616146179370E-01 a       824     1     2     2    24
 -6.4424379273817578E-01 a       825     1     2     2    25
 -8.3637383002801757E-01 a       826     1     3     2     1
 -1.8724522776377478E-01 a       827     1     3     2     2
 -1.8813516483384218E-01 a       828     1     3     2     3
 -1.2245565707557302E+00 a       829     1     3     2     4
  6.3336870316756966E-01 a       830     1     3     2     5
 -1.7346949888483338E+00 a       831     1     3     2     6
  6.8893235351744653E-01 a       832     1     3     2     7
 -4.3978379902394743E-01 a       833     1     3     2     8
 -6.2571116865880894E-01 a       834     1     3     2     9
 -2.3355792261927241E-01 a       835     1     3     2    10
 -2.3798762741288834E-01 a       836     1     3     2    11
 -9.7443419892301236E-02 a       837     1     3     2    12
 -2.6813419403588556E-01 a       838     1     3     2    13
 -2.3370263466871738E-01 a       839     1     3     2    14
 -5.8105222434799109E-01 a       840     1     3     2    15
 -1.8525834578406066E+00 a       841     1     3     2    16
  3.7572106606047456E-01 a       842     1     3     2    17
  8.1818843655219931E-01 a       843     1     3     2    18
  8.7780596300551816E-01 a       844     1     3     2    19
  2.8345466931040109E-01 a       845     1     3     2    20
  1.3387957445847698E+00 a       846     1     3     2    21
  3.6370659014515541E-02 a       847     1     3     2    22
 -4.5363699776597577E-01 a       848     1     3     2    23
  4.5792554451272177E-01 a       849     1     3     2    24
 -1.2329608414846420E+00 a       850     1     3     2    25
 -1.2852944782485554E+00 a       851     1     4     2     1
  2.1797868277213653E-01 a       852     1     4     2     2
 -6.2275791580737339E-01 a       853     1     4     2     3
 -1.2991462871452319E+00 a       854     1     4     2     4
 -1.1927991592954924E-01 a       855     1     4     2     5
  5.4989343237046538E-02 a       856     1     4     2     6
  1.1501646306446549E+00 a       857     1     4     2     7
  6.4516258426715956E-01 a       858     1     4     2     8
  7.3030623260582661E-01 a       859     1     4     2     9
  1.0344567491454295E+00 a       860     1     4     2    10
 -7.8951550166708862E-01 a       861     1     4     2    11
 -7.4910429564094183E-01 a       862     1     4     2    12
 -2.9442965173085850E-01 a       863     1     4     2    13
 -3.6568984126714188E-01 a       864     1     4     2    14
  1.3911629795558946E+00 a       865     1     4     2    15
 -1.5858360519044561E+00 a       866     1     4     2    16
 -1.7694501777963880E+00 a       867     1     4     2    17
 -8.8757088996074873E-01 a       868     1     4     2    18
  8.5696684535794465E-01 a       869     1     4     2    19
 -4.4751347722716545E-01 a       870     1     4     2    20
  5.3903410722020129E-01 a       871     1     4     2    21
  8.8773144492379730E-01 a       872     1     4     2    22
  9.8270992889966699E-02 a       873     1     4     2    23
  4.4483818478683207E-01 a       874     1     4     2    24
  5.6529375089014663E-02 a       875     1     4     2    25
 -6.7170581985024536E-01 a       876     1     5     2     1
 -7.1255809940292225E-01 a       877     1     5     2     2
 -3.4490816443754607E-01 a       878     1     5     2     3
 -1.5157696877274567E+00 a       879     1     5     2     4
  9.7720095483195601E-01 a       880     1     5     2     5
 -1.3189590560888897E+00 a       881     1     5     2     6
 -1.8860864791632086E+00 a       882     1     5     2     7
 -6.0228835293175709E-01 a       883     1     5     2     8
 -7.4648474220370853E-01 a       884     1     5     2     9
 -6.8745920912970560E-01 a       885     1     5     2    10
 -6.1500943212964876E-01 a       886     1     5     2    11
 -3.0988789043331084E+00 a       887     1     5     2    12
 -8.6031500935776190E-02 a       888     1     5     2    13
 -3.6861108620994781E-01 a       889     1     5     2    14
 -8.4562845142790122E-01 a       890     1     5     2    15
  1.1400761363725803E-01 a       891     1     5     2    16
 -2.4033410263943473E-02 a       892     1     5     2    17
 -7.5005578051719243E-02 a       893     1     5     2    18
 -5.9965626701805153E-01 a       894     1     5     2    19
  1.3987848826050719E-01 a       895     1     5     2    20
  5.0151962409547235E-01 a       896     1     5     2    21
 -4.7721975350284002E-01 a       897     1     5     2    22
  1.0944724878036376E+00 a       898     1     5     2    23
  1.8581692701491753E-01 a       899     1     5     2    24
 -9.1034440535469585E-01 a       900     1     5     2    25
  1.6399908219517458E+00 a       901     1     6     2     1
  1.9222266365814161E-01 a       902     1     6     2     2
  3.0117992767082633E+00 a       903     1     6     2     3
  8.4932780421236653E-01 a       904     1     6     2     4
  2.3795745695917869E-01 a       905     1     6     2     5
  6.8762185496187977E-01 a       906     1     6     2     6
  9.1105210203126519E-01 a       907     1     6     2     7
 -4.8741250187287005E-01 a       908     1     6     2     8
 -3.0231782580419758E-01 a       909     1     6     2     9
  2.5961773358960238E-01 a       910     1     6     2    10
  1.8982239843596571E+00 a       911     1     6     2    11
  5.9341770818594175E-01 a       912     1     6     2    12
  7.1317085186978568E-01 a       913     1     6     2    13
  1.6530110320831524E+00 a       914     1     6     2    14
 -1.1159201205415161E+00 a       915     1     6     2    15
  2.8127542049439844E+00 a       916     1     6     2    16
  4.7627651307610874E-01 a       917     1     6     2    17
 -7.7593293913556305E-01 a       918     1     6     2    18
 -2.8353631371674115E-01 a       919     1     6     2    19
  2.7614097903788864E-02 a       920     1     6     2    20
 -1.2453501882082423E+00 a       921     1     6     2    21
 -1.4645611415311830E+00 a       922     1     6     2    22
  9.1340135977672554E-01 a       923     1     6     2    23
  2.1752846865627076E-02 a       924     1     6     2    24
  5.3199787324632419E-01 a       925     1     6     2    25
  2.1776389429140630E-01 a       926     1     7     2     1
 -6.2702843806329830E-02 a       927     1     7     2     2
 -4.0425250438836252E-01 a       928     1     7     2     3
  2.1178783878861593E+00 a       929     1     7     2     4
  3.4766864142060933E-01 a       930     1     7     2     5
  2.5878481593421681E+00 a       931     1     7     2     6
 -1.7371032769060133E+00 a       932     1     7     2     7
  3.3828972071282698E-01 a       933     1     7     2     8
  1.4988386954710664E+00 a       934     1     7     2     9
  4.7671462292464334E-01 a       935     1     7     2    10
 -4.9267908653401488E-03 a       936     1     7     2    11
  4.4360628895612791E-01 a       937     1     7     2    12
 -4.2928788603662632E-01 a       938     1     7     2    13
  7.6899327529333272E-01 a       939     1     7     2    14
  2.7181430875651431E+00 a       940     1     7     2    15
  1.3918202656263248E+00 a       941     1     7     2    16
 -1.0277251514698025E+00 a       942     1     7     2    17
  6.9278268159412393E-01 a       943     1     7     2    18
  1.0453034553995828E+00 a       944     1     7     2    19
  8.1081156720081524E-02 a       945     1     7     2    20
  1.2789013831176285E-01 a       946     1     7     2    21
  7.2494445695754783E-01 a       947     1     7     2    22
 -7.4284934946112269E-01 a       948     1     7     2    23
 -3.7560617215469910E-01 a       949     1     7     2    24
  1.0256119246353779E+00 a       950     1     7     2    25
 -2.0220078265437254E+00 a       951     1     8     2     1
  2.0921651777877254E-01 a       952     1     8     2     2
 -1.7969728982603980E-01 a       953     1     8     2     3
  1.0160249116941343E-01 a       954     1     8     2     4
 -1.3126597636725281E+00 a       955     1     8     2     5
 -1.8102295983472554E+00 a       956     1     8     2     6
 -4.8171979120112979E-01 a       957     1     8     2     7
 -7.4863111480455491E-01 a       958     1     8     2     8
 -5.3894028392303428E-01 a       959     1     8     2     9
 -1.9823421254936163E-01 a       960     1     8     2    10
 -9.7564741942764110E-01 a       961     1     8     2    11
 -3.4289307844506292E+00 a       962     1     8     2    12
 -3.0422635994765681E+00 a       963     1     8     2    13
  9.5783026895912771E-01 a       964     1     8     2    14
 -3.6818638676755422E-01 a       965     1     8     2    15
  1.2144511838049526E-01 a       966     1     8     2    16
 -5.9014897615525301E+00 a       967     1     8     2    17
 -9.5132989668581180E-01 a       968     1     8     2    18
 -3.6513470375867679E-01 a       969     1     8     2    19
  2.8040641481509043E-01 a       970     1     8     2    20
 -5.4446451744654367E-01 a       971     1     8     2    21
 -3.6428347668229830E+00 a       972     1     8     2    22
  1.3958193838056174E+00 a       973     1     8     2    23
 -6.8639620786520994E-01 a       974     1     8     2    24
 -2.6353477943641285E-01 a       975     1     8     2    25
 -1.5105102195426007E-01 a       976     1     9     2     1
  7.4125121137673597E-02 a       977     1     9     2     2
 -8.4029229866341693E-01 a       978     1     9     2     3
  2.3320183348206815E+00 a       979     1     9     2     4
  2.3237771287891296E-01 a       980     1     9     2     5
  3.5763640300898120E-01 a       981     1     9     2     6
 -1.0950883908124467E+00 a       982     1     9     2     7
  9.0774906820410756E-02 a       983     1     9     2     8
 -1.2680559103487152E+00 a       984     1     9     2     9
  4.0867814937481606E-01 a       985     1     9     2    10
  1.7867110049369792E+00 a       986     1     9     2    11
 -2.4322742531346186E-01 a       987     1     9     2    12
  1.3499849687817960E+00 a       988     1     9     2    13
  4.9569701627497589E-02 a       989     1     9     2    14
 -1.7847787533944877E+00 a       990     1     9     2    15
  3.1273816166244619E+00 a       991     1     9     2    16
 -4.3481852954745950E+00 a       992     1     9     2    17
 -1.3205970746945663E+00 a       993     1     9     2    18
 -8.2620217824834608E-01 a       994     1     9     2    19
  3.2604456963750422E-01 a       995     1     9     2    20
 -2.8589968772586278E+00 a       996     1     9     2    21
 -3.0466832128738512E+00 a       997     1     9     2    22
  1.6111725763591678E+00 a       998     1     9     2    23
  6.4057153564289604E-01 a       999     1     9     2    24
  9.6186971847327818E-01 a      1000     1     9     2    25
 -1.4559338131303295E-01 a      1001     1    10     2     1
 -3.3784804900142967E-01 a      1002     1    10     2     2
 -2.1290066891049597E+00 a      1003     1    10     2     3
  4.8004941143037444E-01 a      1004     1    10     2     4
  6.7946489100439683E-02 a      1005     1    10     2     5
  8.4994895672258097E-01 a      1006     1    10     2     6
  2.1706165729079355E-01 a      1007     1    10     2     7
 -9.9903585176813703E-01 a      1008     1    10     2     8
  4.4559859814505401E-02 a      1009     1    10     2     9
  4.9996631232532002E-01 a      1010     1    10     2    10
  9.7132993334895401E-01 a      1011     1    10     2    11
  1.9813081824830956E+00 a      1012     1    10     2    12
 -9.1217883122719479E-01 a      1013     1    10     2    13
  6.0588010915364487E-01 a      1014     1    10     2    14
 -1.0935651010432895E-01 a      1015     1    10     2    15
 -7.4331797156366441E-01 a      1016     1    10     2    16
 -2.8219993107665484E+00 a      1017     1    10     2    17
  2.0062963791698196E-01 a      1018     1    10     2    18
  8.4892268990871911E-01 a      1019     1    10     2    19
  1.0958281830925840E-01 a      1020     1    10     2    20
  3.3948066793208315E-01 a      1021     1    10     2    21
  7.7003944790308931E-01 a      1022     1    10     2    22
 -1.6599588728219061E+00 a      1023     1    10     2    23
  4.4382756207742063E-01 a      1024     1    10     2    24
  3.0007982320205318E-01 a      1025     1    10     2    25
  5.9078649151529672E-01 a      1026     1    11     2     1
 -1.3119980545599017E+00 a      1027     1    11     2     2
 -1.5012719423734447E-01 a      1028     1    11     2     3
  7.9189393106657213E-01 a      1029     1    11     2     4
  1.6485337642256120E-01 a      1030     1    11     2     5
 -2.6752405733370530E+00 a      1031     1    11     2     6
  1.1862943131225241E+00 a      1032     1    11     2     7
 -9.0034911586992483E-01 a      1033     1    11     2     8
 -1.8536153519730716E+00 a      1034     1    11     2     9
  1.2564317645845957E-01 a      1035     1    11     2    10
  1.8827284567662933E-01 a      1036     1    11     2    11
 -8.9298882622414433E-01 a      1037     1    11     2    12
 -1.6751287960001406E+00 a      1038     1    11     2    13
  9.7190977138014178E-01 a      1039     1    11     2    14
 -1.6595054264481337E+00 a      1040     1    11     2    15
  6.8247289698436775E-01 a      1041     1    11     2    16
  2.4469054351430047E-01 a      1042     1    11     2    17
  2.4506073507045942E-01 a      1043     1    11     2    18
 -1.7042946356847882E-01 a      1044     1    11     2    19
 -1.7092404570830161E-01 a      1045     1    11     2    20
  8.5343503197276160E-01 a      1046     1    11     2    21
  2.1657597346476543E-01 a      1047     1    11     2    22
 -5.5172000340067473E-01 a      1048     1    11     2    23
 -7.9138470344012113E-02 a      1049     1    11     2    24
 -1.0684377227537865E+00 a      1050     1    11     2    25
  5.4482478824391067E-01 a      1051     1    12     2     1
  1.8478044705015193E+00 a      1052     1    12     2     2
 -2.4538086997671735E+00 a      1053     1    12     2     3
 -1.0998622139044477E-02 a      1054     1    12     2     4
  5.0140661370078066E-01 a      1055     1    12     2     5
 -5.0776844095943052E-01 a      1056     1    12     2     6
 -9.6936377461268097E-01 a      1057     1    12     2     7
 -1.4998147989143187E-01 a      1058     1    12     2     8
 -4.3205859324008017E-01 a      1059     1    12     2     9
  6.9865453334099015E-01 a      1060     1    12     2    10
 -4.9934179834765946E-01 a      1061     1    12     2    11
  1.4764042173123411E+00 a      1062     1    12     2    12
 -5.6002458774014703E-03 a      1063     1    12     2    13
  9.5964348527477827E-01 a      1064     1    12     2    14
 -8.7282901651074896E-01 a      1065     1    12     2    15
 -3.0178306980794706E-01 a      1066     1    12     2    16
 -1.7256225706645578E+00 a      1067     1    12     2    17
  1.5560456715311027E-01 a      1068     1    12     2    18
  4.4538011912393671E-01 a      1069     1    12     2    19
  8.8956161641911713E-01 a      1070     1    12     2    20
 -2.2343277580631118E+00 a      1071     1    12     2    21
 -1.8888056742104324E+00 a      1072     1    12     2    22
  3.9402747207243560E-01 a      1073     1    12     2    23
 -2.7060568280576552E-01 a      1074     1    12     2    24
  6.4894411952673903E-01 a      1075     1    12     2    25
 -1.4232801466669938E+00 a      1076     1    13     2     1
 -1.9597324235757285E+00 a      1077     1    13     2     2
  6.3518681629451357E-01 a      1078     1    13     2     3
  1.2592464226452055E-01 a      1079     1    13     2     4
 -5.7597673223516155E-01 a      1080     1    13     2     5
 -1.0162254781454054E+00 a      1081     1    13     2     6
  1.5385878324074436E+00 a      1082     1    13     2     7
 -2.0728474082717279E+00 a      1083     1    13     2     8
 -2.7823872115764742E-01 a      1084     1    13     2     9
  1.0599019610093985E+00 a      1085     1    13     2    10
 -1.4652913216819530E+00 a      1086     1    13     2    11
 -2.4274661257552571E-01 a      1087     1    13     2    12
  1.9565348500583080E+00 a      1088     1    13     2    13
 -3.5849259002060307E-01 a      1089     1    13     2    14
  3.3884812754925275E-01 a      1090     1    13     2    15
  6.5764020955607516E-02 a      1091     1    13     2    16
  1.2719820058590086E+00 a      1092     1    13     2    17
  9.7160143499650342E-01 a      1093     1    13     2    18
 -5.3580983829500206E-01 a      1094     1    13     2    19
 -9.8412407938273549E-01 a      1095     1    13     2    20
  1.5471080429136348E+00 a      1096     1    13     2    21
  3.9844139934839490E-01 a      1097     1    13     2    22
 -6.1766736945220235E-01 a      1098     1    13     2    23
 -9.3530056889261609E-02 a      1099     1    13     2    24
 -1.5577426720008396E+00 a      1100     1    13     2    25
 -2.2529220822316383E+00 a      1101     1    14     2     1
  3.1082684099927937E-01 a      1102     1    14     2     2
 -1.8650410298699125E+00 a      1103     1    14     2     3
 -2.9304510819409313E-01 a      1104     1    14     2     4
 -2.8654549515633732E-01 a      1105     1    14     2     5
 -1.5047935230711766E+00 a      1106     1    14     2     6
  1.9359334086733200E+00 a      1107     1    14     2     7
 -6.7950251035643228E-01 a      1108     1    14     2     8
  1.8021244222908930E-01 a      1109     1    14     2     9
  4.6995406550353322E-02 a      1110     1    14     2    10
  1.3950571203940569E+00 a      1111     1    14     2    11
  1.2030810891215149E+00 a      1112     1    14     2    12
  8.6262649244164102E-01 a      1113     1    14     2    13
  1.4131932177347942E-01 a      1114     1    14     2    14
 -4.4131960724501917E-01 a      1115     1    14     2    15
 -6.2868796955033268E-01 a      1116     1    14     2    16
 -1.8301791743895932E+00 a      1117     1    14     2    17
  2.6857862609564753E-01 a      1118     1    14     2    18
 -3.6337133149220757E-01 a      1119     1    14     2    19
  3.3110851074818115E-01 a      1120     1    14     2    20
 -3.5430815333726662E-01 a      1121     1    14     2    21
 -3.4191209673731460E-01 a      1122     1    14     2    22
 -1.1746259633336436E+00 a      1123     1    14     2    23
 -5.6655265841934743E-01 a      1124     1    14     2    24
  5.6951067211251771E-01 a      1125     1    14     2    25
  1.1820297797067636E+00 a      1126     1    15     2     1
 -1.1621572364960062E+00 a      1127     1    15     2     2
  2.7738760606265933E-01 a      1128     1    15     2     3
  1.5703725471124514E+00 a      1129     1    15     2     4
  4.8032060694285172E-01 a      1130     1    15     2     5
 -7.8721461555674455E-01 a      1131     1    15     2     6
  3.2199109598683939E-02 a      1132     1    15     2     7
 -7.0028237970772927E-02 a      1133     1    15     2     8
  8.9579377993986453E-01 a      1134     1    15     2     9
  1.1212973891601294E+00 a      1135     1    15     2    10
  1.3596634147634319E+00 a      1136     1    15     2    11
  1.9732994615819539E+00 a      1137     1    15     2    12
  1.2826379711679514E+00 a      1138     1    15     2    13
 -9.4022110211039378E-01 a      1139     1    15     2    14
 -1.2079954260107495E+00 a      1140     1    15     2    15
 -2.3295442410315964E-01 a      1141     1    15     2    16
  1.5715508912425789E+00 a      1142     1    15     2    17
  1.4455235244252604E+00 a      1143     1    15     2    18
 -7.7488321468815036E-01 a      1144     1    15     2    19
 -2.0094883706581187E-01 a      1145     1    15     2    20
 -1.2620764676400245E-01 a      1146     1    15     2    21
 -1.7387341627890643E-01 a      1147     1    15     2    22
 -2.5716197945891421E+00 a      1148     1    15     2    23
  5.8553501547422615E-01 a      1149     1    15     2    24
 -3.3764799732082329E-01 a      1150     1    15     2    25
  1.0090878080089047E+00 a      1151     1    16     2     1
  2.1831436979447254E+00 a      1152     1    16     2     2
 -2.0837532638698208E+00 a      1153     1    16     2     3
  5.6443579292722490E-01 a      1154     1    16     2     4
 -4.0031097158682433E-01 a      1155     1    16     2     5
 -1.7011735532024774E+00 a      1156     1    16     2     6
 -2.5137226280906816E-01 a      1157     1    16     2     7
  1.6432908459192919E+00 a      1158     1    16     2     8
 -2.2167885562471676E-01 a      1159     1    16     2     9
 -2.7461333548736394E-01 a      1160     1    16     2    10
  1.1890553786664550E-01 a      1161     1    16     2    11
  1.0989414987795179E+00 a      1162     1    16     2    12
  1.3511526419018235E-01 a      1163     1    16     2    13
  6.4411331521254583E-02 a      1164     1    16     2    14
  1.9270585969629086E+00 a      1165     1    16     2    15
 -1.1233065716811435E+00 a      1166     1    16     2    16
 -1.3189517425898776E+00 a      1167     1    16     2    17
 -6.2965990915164294E-01 a      1168     1    16     2    18
 -5.6636283662107012E-01 a      1169     1    16     2    19
  1.3737024256976165E+00 a      1170     1    16     2    20
  2.4417218321378370E-01 a      1171     1    16     2    21
 -4.0037041309721050E-01 a      1172     1    16     2    22
 -4.2887402959060944E-01 a      1173     1    16     2    23
 -4.7734469853480017E-02 a      1174     1    16     2    24
  1.0179447270629134E+00 a      1175     1    16     2    25
  8.1102508883488356E-01 a      1176     1    17     2     1
 -1.9520821249588858E+00 a      1177     1    17     2     2
  1.9629873563881057E+00 a      1178     1    17     2     3
  6.6400991017066563E-02 a      1179     1    17     2     4
  8.6637863179136920E-01 a      1180     1    17     2     5
 -2.4347634364959767E-01 a      1181     1    17     2     6
 -5.6848201130410658E-01 a      1182     1    17     2     7
 -1.8980549880329969E+00 a      1183     1    17     2     8
  1.0645280550949896E+00 a      1184     1    17     2     9
 -4.0251198497683993E-01 a      1185     1    17     2    10
  1.0075031427652898E+00 a      1186     1    17     2    11
  1.2550419853715724E+00 a      1187     1    17     2    12
 -1.4082376857141361E+00 a      1188     1    17     2    13
 -3.7090741788880588E-01 a      1189     1    17     2    14
 -1.6425580330512792E+00 a      1190     1    17     2    15
 -6.2830705522102082E-01 a      1191     1    17     2    16
  2.3703520591595613E+00 a      1192     1    17     2    17
  6.9408396304396991E-01 a      1193     1    17     2    18
 -1.3678835382702442E-01 a      1194     1    17     2    19
 -7.9202901765741218E-01 a      1195     1    17     2    20
 -8.4967274991828401E-01 a      1196     1    17     2    21
 -5.7351933565888247E-01 a      1197     1    17     2    22
  1.6267467881532280E-01 a      1198     1    17     2    23
 -4.0474345531182127E-01 a      1199     1    17     2    24
 -1.4023282397021475E-01 a      1200     1    17     2    25
  5.9506665113659785E-01 a      1201     1    18     2     1
 -6.0491181092550739E-01 a      1202     1    18     2     2
  2.1481317395133863E+00 a      1203     1    18     2     3
 -2.4581376062390142E-01 a      1204     1    18     2     4
  3.6839281189463252E-01 a      1205     1    18     2     5
  1.0709650661430983E+00 a      1206     1    18     2     6
 -1.0317949953324235E+00 a      1207     1    18     2     7
  4.6239044965172948E-01 a      1208     1    18     2     8
  1.8798422325743541E-01 a      1209     1    18     2     9
  2.6975506255393261E-01 a      1210     1    18     2    10
  9.2828946562551351E-01 a      1211     1    18     2    11
 -1.0159313198641342E+00 a      1212     1    18     2    12
  2.7609647661873199E-01 a      1213     1    18     2    13
  4.2176765955748563E-01 a      1214     1    18     2    14
 -1.0629469476212393E-01 a      1215     1    18     2    15
  5.7497091758679075E-01 a      1216     1    18     2    16
  1.9047706170093746E+00 a      1217     1    18     2    17
 -1.8524577974932196E-01 a      1218     1    18     2    18
  7.8597222619420282E-01 a      1219     1    18     2    19
 -1.5500893825285175E-01 a      1220     1    18     2    20
 -1.1774335896310563E-01 a      1221     1    18     2    21
 -7.7649413619571794E-01 a      1222     1    18     2    22
  1.1474432907007026E+00 a      1223     1    18     2    23
  8.4396965364847687E-01 a      1224     1    18     2    24
  1.0267498904775072E+00 a      1225     1    18     2    25
 -1.1456171546514955E+00 a      1226     1    19     2     1
 -2.8002081236091375E-01 a      1227     1    19     2     2
  1.0061851874326022E+00 a      1228     1    19     2     3
 -1.3683927236726132E+00 a      1229     1    19     2     4
  4.1498010657221451E-01 a      1230     1    19     2     5
  1.1434508429535956E-01 a      1231     1    19     2     6
  7.9010989192735570E-01 a      1232     1    19     2     7
  1.5170754483551225E+00 a      1233     1    19     2     8
 -7.0433985933586060E-02 a      1234     1    19     2     9
 -7.4106014916097218E-01 a      1235     1    19     2    10
 -2.1486919356226897E-01 a      1236     1    19     2    11
  1.1487513200862187E+00 a      1237     1    19     2    12
 -6.4141285434593576E-01 a      1238     1    19     2    13
  7.9145718173990118E-02 a      1239     1    19     2    14
  2.9917340058483771E-01 a      1240     1    19     2    15
  1.9593543688873763E-01 a      1241     1    19     2    16
 -1.6189748646901198E-01 a      1242     1    19     2    17
 -5.4008013101274510E-01 a      1243     1    19     2    18
 -6.0673854985257869E-01 a      1244     1    19     2    19
 -4.7353889870218668E-01 a      1245     1    19     2    20
 -6.6961145976429437E-01 a      1246     1    19     2    21
  1.1327960342152910E+00 a      1247     1    19     2    22
  9.3617238784539521E-04 a      1248     1    19     2    23
  3.3327345323715241E-01 a      1249     1    19     2    24
 -6.5171352083765521E-01 a      1250     1    19     2    25
  3.5845576553588371E-01 a      1251     1    20     2     1
  7.0475061592626131E-01 a      1252     1    20     2     2
 -6.5777496937703517E-01 a      1253     1    20     2     3
 -2.0049425718063135E-01 a      1254     1    20     2     4
  1.2140751655169327E-01 a      1255     1    20     2     5
 -2.6827380055457941E+00 a      1256     1    20     2     6
 -1.4241190290845812E-01 a      1257     1    20     2     7
 -3.0796253141833180E-01 a      1258     1    20     2     8
  8.7952064971837541E-03 a      1259     1    20     2     9
 -5.8572009995287144E-01 a      1260     1    20     2    10
  2.0055064040294859E+00 a      1261     1    20     2    11
 -6.0092838295400748E+00 a      1262     1    20     2    12
  2.4229767137853244E+00 a      1263     1    20     2    13
  1.9579457799386517E+00 a      1264     1    20     2    14
 -7.1918212267969817E-01 a      1265     1    20     2    15
  1.8176279040016710E+00 a      1266     1    20     2    16
 -6.9761104097752560E-02 a      1267     1    20     2    17
 -5.0684912433291551E-01 a      1268     1    20     2    18
 -1.6079969709203618E-01 a      1269     1    20     2    19
  1.3562232348279923E-01 a      1270     1    20     2    20
 -1.2705006422719785E+00 a      1271     1    20     2    21
 -8.2625947014883871E-01 a      1272     1    20     2    22
  1.1664459545312476E+00 a      1273     1    20     2    23
  1.7167724056056782E-01 a      1274     1    20     2    24
  9.9338080841375609E-01 a      1275     1    20     2    25
  1.5424219936840615E+00 a      1276     1    21     2     1
 -3.6096171876748795E-01 a      1277     1    21     2     2
 -1.8035552167614819E+00 a      1278     1    21     2     3
 -1.6647638271098220E+00 a      1279     1    21     2     4
  1.2021472180128747E+00 a      1280     1    21     2     5
 -9.9119329434834549E-02 a      1281     1    21     2     6
  1.1942752831398533E+00 a      1282     1    21     2     7
  1.5867231371913240E+00 a      1283     1    21     2     8
 -1.7040394587316907E+00 a      1284     1    21     2     9
 -8.4104757331431523E-02 a      1285     1    21     2    10
 -1.8212716007579501E+00 a      1286     1    21     2    11
 -5.3777563168894007E+00 a      1287     1    21     2    12
 -2.8873243423744777E-01 a      1288     1    21     2    13
  3.4200773121337341E-01 a      1289     1    21     2    14
  9.4954838875984982E-01 a      1290     1    21     2    15
 -3.2389248904673001E-01 a      1291     1    21     2    16
  1.3914444027740089E+00 a      1292     1    21     2    17
  7.2220305923109174E-01 a      1293     1    21     2    18
 -3.4679988393694128E-01 a      1294     1    21     2    19
 -2.8287927071249042E-02 a      1295     1    21     2    20
  8.3041638384038785E-01 a      1296     1    21     2    21
  7.3932535701238544E-01 a      1297     1    21     2    22
  2.0620814751139762E+00 a      1298     1    21     2    23
  6.3488594324847980E-01 a      1299     1    21     2    24
 -1.0418382160116040E+00 a      1300     1    21     2    25
  4.0947272823654274E-01 a      1301     1    22     2     1
 -3.0728571227488755E-01 a      1302     1    22     2     2
 -1.2893604039025754E+00 a      1303     1    22     2     3
 -1.6569179530993644E-01 a      1304     1    22     2     4
  1.4948515142022073E-01 a      1305     1    22     2     5
 -9.1458953880038807E-01 a      1306     1    22     2     6
  1.5031531527175479E+00 a      1307     1    22     2     7
 -1.6198551571498978E+00 a      1308     1    22     2     8
 -2.7100758112141415E-01 a      1309     1    22     2     9
  1.0466615859078343E+00 a      1310     1    22     2    10
  4.1955463447873065E-01 a      1311     1    22     2    11
 -8.5055663234163348E-01 a      1312     1    22     2    12
 -5.9829314804728473E-01 a      1313     1    22     2    13
 -1.1046020506419260E-01 a      1314     1    22     2    14
 -5.5506508738974822E-02 a      1315     1    22     2    15
 -1.5456917487865676E+00 a      1316     1    22     2    16
 -8.6053902391023407E-01 a      1317     1    22     2    17
  2.8856681447074595E-01 a      1318     1    22     2    18
 -3.1821292681852442E-01 a      1319     1    22     2    19
 -2.5512833317748251E-01 a      1320     1    22     2    20
  6.4190313728564996E-01 a      1321     1    22     2    21
 -6.5926023549537860E-02 a      1322     1    22     2    22
 -7.9043334755239270E-01 a      1323     1    22     2    23
 -4.4141056191992795E-01 a      1324     1    22     2    24
 -1.1868280003462148E+00 a      1325     1    22     2    25
  7.2041692771239929E-01 a      1326     1    23     2     1
  1.4381804287325222E+00 a      1327     1    23     2     2
  1.5904955712835254E+00 a      1328     1    23     2     3
  1.5069836381878515E-01 a      1329     1    23     2     4
 -2.8220879079637622E+00 a      1330     1    23     2     5
 -1.6377651406000591E+00 a      1331     1    23     2     6
 -6.7383073259269011E-01 a      1332     1    23     2     7
 -8.2262280673058774E-01 a      1333     1    23     2     8
  4.1457174318117601E-01 a      1334     1    23     2     9
  6.6966661763686097E-01 a      1335     1    23     2    10
  4.9993377269793726E-01 a      1336     1    23     2    11
  1.1683420744245423E+00 a      1337     1    23     2    12
 -8.2971271549862491E-01 a      1338     1    23     2    13
  2.6104205814697128E+00 a      1339     1    23     2    14
 -7.2205881296366448E-01 a      1340     1    23     2    15
  6.5161694792735281E-01 a      1341     1    23     2    16
 -2.1587595516106384E+00 a      1342     1    23     2    17
 -1.4602447208777298E+00 a      1343     1    23     2    18
 -5.2511845081100672E-01 a      1344     1    23     2    19
  8.8607990616348387E-01 a      1345     1    23     2    20
 -3.6253615152368676E-02 a      1346     1    23     2    21
  7.8789539268533160E-01 a      1347     1    23     2    22
 -1.1961699523325087E+00 a      1348     1    23     2    23
 -8.2653898780335866E-01 a      1349     1    23     2    24
 -1.4393606833569061E-01 a      1350     1    23     2    25
 -1.0639893808367202E+00 a      1351     1    24     2     1
  1.0615897818274935E+00 a      1352     1    24     2     2
  7.9130010469211143E-01 a      1353     1    24     2     3
  9.3964913517902748E-01 a      1354     1    24     2     4
  6.9792278339524072E-01 a      1355     1    24     2     5
  2.6278633119519096E-01 a      1356     1    24     2     6
 -5.7060959732421823E-01 a      1357     1    24     2     7
 -1.3096994538818292E+00 a      1358     1    24     2     8
  2.5763103432049822E-01 a      1359     1    24     2     9
 -1.0738275856379844E+00 a      1360     1    24     2    10
  8.2374049897376234E-01 a      1361     1    24     2    11
  2.9456719373973836E+00 a      1362     1    24     2    12
 -1.4759169498215582E-01 a      1363     1    24     2    13
 -1.5358518811150270E+00 a      1364     1    24     2    14
 -7.8522464703131079E-01 a      1365     1    24     2    15
 -1.9232724676707252E-01 a      1366     1    24     2    16
  2.7614717650184206E-01 a      1367     1    24     2    17
  1.8197571050411257E-01 a      1368     1    24     2    18
 -1.3730866165088425E+00 a      1369     1    24     2    19
  4.0259928611951440E-01 a      1370     1    24     2    20
  9.0297985556977836E-02 a      1371     1    24     2    21
  3.4866120661961993E-02 a      1372     1    24     2    22
 -7.9329866245789427E-01 a      1373     1    24     2    23
 -1.1359100804927302E+00 a      1374     1    24     2    24
  3.8733821880199926E-01 a      1375     1    24     2    25
  1.8461896540942173E+00 a      1376     1    25     2     1
 -7.7728200170016504E-01 a      1377     1    25     2     2
  6.7363032077535145E-01 a      1378     1    25     2     3
 -3.7902760650093043E-01 a      1379     1    25     2     4
 -3.2703959486666395E-01 a      1380     1    25     2     5
  3.2652652831578260E-01 a      1381     1    25     2     6
 -1.5003542879253975E+00 a      1382     1    25     2     7
 -8.6859258843631537E-01 a      1383     1    25     2     8
  8.8096180409110436E-02 a      1384     1    25     2     9
 -5.7932840306010669E-01 a      1385     1    25     2    10
  6.6898338338274754E-01 a      1386     1    25     2    11
  6.8258940539283119E-01 a      1387     1    25     2    12
 -6.6068311123346091E-01 a      1388     1    25     2    13
 -2.8497241521104642E-02 a      1389     1    25     2    14
 -1.0283968717939009E+00 a      1390     1    25     2    15
 -1.1225376330902211E-02 a      1391     1    25     2    16
 -4.2967849207817532E-01 a      1392     1    25     2    17
  1.0454262108261521E-01 a      1393     1    25     2    18
 -2.0116909471876707E+00 a      1394     1    25     2    19
 -3.0133423478502341E-01 a      1395     1    25     2    20
 -1.4092340926383351E-01 a      1396     1    25     2    21
 -2.9888782876673153E-01 a      1397     1    25     2    22
 -1.0704550579136254E+00 a      1398     1    25     2    23
 -2.0673290895938334E-01 a      1399     1    25     2    24
  6.6649225473275042E-01 a      1400     1    25     2    25
  4.0376569642052651E-01 b      1401     2     1
 -7.2384422697070328E-01 b      1402     2     2
  1.3582561763570318E+00 b      1403     2     3
 -4.5209116290880863E-01 b      1404     2     4
 -2.4389922838640978E+00 b      1405     2     5
 -1.7939584286254500E+00 b      1406     2     6
  2.5765331556705395E+00 b      1407     2     7
 -3.8278093374339903E+00 b      1408     2     8
 -2.4727924992388122E+00 b      1409     2     9
 -2.3173419072506394E+00 b      1410     2    10
  7.0823414396245177E-01 b      1411     2    11
  1.9489622198678916E-01 b      1412     2    12
  6.4091694094412555E+00 b      1413     2    13
  3.5819335447843652E-02 b      1414     2    14
 -2.9253939523778940E+00 b      1415     2    15
  9.7089701465993314E-02 b      1416     2    16
  2.2525499707257310E+00 b      1417     2    17
 -2.5670756887237447E+00 b      1418     2    18
 -1.3821734609847760E+00 b      1419     2    19
  8.5603020540768418E-02 b      1420     2    20
 -1.6793067768988370E+00 b      1421     2    21
  3.6114261457941828E+00 b      1422     2    22
  1.4125668861570426E+00 b      1423     2    23
  7.4765159323578878E-01 b      1424     2    24
 -9.2110789400692272E-01 b      1425     2    25
 -1.2132820005659579E+00 a      1426     2     1     3     1
  1.0523730284182020E+00 a      1427     2     2     3     1
 -5.7081515421959916E-01 a      1428     2     3     3     1
 -3.7099403522951522E+00 a      1429     2     4     3     1
 -3.7851474370946026E+00 a      1430     2     5     3     1
  7.0077019829778875E-01 a      1431     2     6     3     1
  1.0595257477907407E+00 a      1432     2     7     3     1
  2.1637622589283891E+00 a      1433     2     8     3     1
 -3.5236680453947811E+00 a      1434     2     9     3     1
 -2.2803129837347766E+00 a      1435     2    10     3     1
 -1.8819322176099884E+00 a      1436     2    11     3     1
 -2.1726675685584071E-01 a      1437     2    12     3     1
 -1.3246049929331691E+00 a      1438     2    13     3     1
  1.5131754619655646E+00 a      1439     2    14     3     1
 -1.2142646599991198E+00 a      1440     2    15     3     1
  1.5512139298440910E+00 a      1441     2    16     3     1
 -2.1184673112567598E+00 a      1442     2    17     3     1
 -2.9041699504830629E+00 a      1443     2    18     3     1
 -2.2934659966504531E+00 a      1444     2    19     3     1
  2.6384101853411472E+00 a      1445     2    20     3     1
 -2.2752686773369710E+00 a      1446     2    21     3     1
 -2.5996399161902022E+00 a      1447     2    22     3     1
  1.0983191941027093E+00 a      1448     2    23     3     1
 -1.4620939490496354E+00 a      1449     2    24     3     1
 -2.3187952158670311E+00 a      1450     2    25     3     1
  3.1361701384023610E+00 b      1451     3     1
