################################################################################
# Neural network connection values (weights and biases).
################################################################################
# Col  Name       Description
################################################################################
# 1    connection Neural network connection value.
# 2    t          Connection type (a = weight, b = bias).
# 3    index      Index enumerating weights.
# 4    l_s        Starting point layer (end point layer for biases).
# 5    n_s        Starting point neuron in starting layer (end point neuron for biases).
# 6    l_e        End point layer.
# 7    n_e        End point neuron in end layer.
################################################################################
#                      1 2         3     4     5     6     7
#             connection t     index   l_s   n_s   l_e   n_e
############################################################
 -5.3635858095047553E+00 a         1     0     1     1     1
  1.3441005979509107E+01 a         2     0     1     1     2
  2.2276685558767415E+00 a         3     0     1     1     3
 -1.7916455715873038E+01 a         4     0     1     1     4
  1.1059533904557046E+00 a         5     0     1     1     5
  1.3750341731979658E+01 a         6     0     1     1     6
 -2.2885860800062073E+01 a         7     0     1     1     7
  6.5420981165931460E+00 a         8     0     1     1     8
  5.1487774921415846E-02 a         9     0     1     1     9
  4.9510952398612629E+00 a        10     0     1     1    10
 -6.0435296509025447E+00 a        11     0     1     1    11
 -4.6704570482316967E+00 a        12     0     1     1    12
  3.6951629269619772E+00 a        13     0     1     1    13
 -3.1023840971824130E+00 a        14     0     1     1    14
  3.9973850461434584E+00 a        15     0     1     1    15
 -5.8646084040037616E-01 a        16     0     1     1    16
  2.6962717614467828E+00 a        17     0     1     1    17
 -7.6413452121324541E+00 a        18     0     1     1    18
 -1.0603927553385135E+00 a        19     0     1     1    19
  2.6685417898377199E+01 a        20     0     1     1    20
  9.4976655743302025E+00 a        21     0     1     1    21
  1.5175199727683101E+01 a        22     0     1     1    22
 -6.7256483694253832E+00 a        23     0     1     1    23
 -7.6470743968117576E+00 a        24     0     1     1    24
 -1.3145876468614007E+01 a        25     0     1     1    25
 -2.8538538184060989E+00 a        26     0     2     1     1
 -1.3423877794139491E+01 a        27     0     2     1     2
  7.3072775296299906E+00 a        28     0     2     1     3
  1.6803938602922447E+01 a        29     0     2     1     4
  5.4398340727554952E+00 a        30     0     2     1     5
 -3.1765842356668261E-01 a        31     0     2     1     6
  2.0848786483216330E+01 a        32     0     2     1     7
 -1.2165897975839208E+00 a        33     0     2     1     8
  5.3417326949303154E+00 a        34     0     2     1     9
 -3.9566885093863419E-01 a        35     0     2     1    10
 -1.5100301551684656E-01 a        36     0     2     1    11
 -6.8447917201654107E+00 a        37     0     2     1    12
 -9.3002996623845169E-01 a        38     0     2     1    13
 -8.7134875699264587E+00 a        39     0     2     1    14
 -3.0228199335216771E-01 a        40     0     2     1    15
 -5.1799237276145922E+00 a        41     0     2     1    16
  1.6018986685096934E+00 a        42     0     2     1    17
  6.6649889044652788E+00 a        43     0     2     1    18
  3.9212830592959458E+00 a        44     0     2     1    19
 -3.7572739544423769E+01 a        45     0     2     1    20
 -1.0725963372724053E+01 a        46     0     2     1    21
 -1.2085627259181415E+01 a        47     0     2     1    22
  4.6701393101239685E-01 a        48     0     2     1    23
  1.7838978089985074E+00 a        49     0     2     1    24
 -1.5838368912388352E+00 a        50     0     2     1    25
  1.6300207520678487E+00 a        51     0     3     1     1
 -1.9170723303245737E+01 a        52     0     3     1     2
 -7.6223653776121187E+00 a        53     0     3     1     3
  2.5265073832062683E+01 a        54     0     3     1     4
  3.2426236789385214E+00 a        55     0     3     1     5
 -2.0283938543529491E+01 a        56     0     3     1     6
  2.5031592314962776E+01 a        57     0     3     1     7
 -1.4351584066631505E+01 a        58     0     3     1     8
 -5.7766266684683263E+00 a        59     0     3     1     9
 -8.3809541122310378E+00 a        60     0     3     1    10
  1.3439679470310848E+01 a        61     0     3     1    11
  1.6741525367515347E+01 a        62     0     3     1    12
 -4.7324152354517830E+00 a        63     0     3     1    13
  7.3505382214973833E+00 a        64     0     3     1    14
 -9.3307885497504230E+00 a        65     0     3     1    15
 -1.5505961147643050E+00 a        66     0     3     1    16
 -1.5998416871682966E+01 a        67     0     3     1    17
  1.9447499216172854E+01 a        68     0     3     1    18
  4.6157210085146505E-01 a        69     0     3     1    19
 -3.0050212165762240E+01 a        70     0     3     1    20
 -9.3291039096926500E+00 a        71     0     3     1    21
 -1.7318133704878704E+01 a        72     0     3     1    22
  1.0261439795850638E+01 a        73     0     3     1    23
  8.7998556251026958E+00 a        74     0     3     1    24
  2.0790231387775492E+01 a        75     0     3     1    25
  9.9067886768836360E+00 a        76     0     4     1     1
  1.7661784007641209E+01 a        77     0     4     1     2
 -1.0741581297715470E+01 a        78     0     4     1     3
 -2.6635469704498885E+01 a        79     0     4     1     4
 -5.9882416453413692E+00 a        80     0     4     1     5
 -7.7208254335967270E+00 a        81     0     4     1     6
 -2.2228317245544467E+01 a        82     0     4     1     7
  8.3079820821444752E+00 a        83     0     4     1     8
 -1.0730984776307759E+01 a        84     0     4     1     9
  7.1203857976631951E-02 a        85     0     4     1    10
  5.5619163328151142E+00 a        86     0     4     1    11
  8.3851978714022923E+00 a        87     0     4     1    12
 -2.3818023310162877E+00 a        88     0     4     1    13
  1.9609687166908845E+01 a        89     0     4     1    14
  4.3426033349605220E+00 a        90     0     4     1    15
  1.3962380441510001E+01 a        91     0     4     1    16
  1.5532029482513376E+00 a        92     0     4     1    17
 -1.8044875990172464E+01 a        93     0     4     1    18
 -1.4783563880222156E+01 a        94     0     4     1    19
  5.6042872631586597E+01 a        95     0     4     1    20
  1.7843650207238273E+01 a        96     0     4     1    21
  2.1448293315341619E+01 a        97     0     4     1    22
 -5.1193386362062254E+00 a        98     0     4     1    23
 -4.5246228090015066E+00 a        99     0     4     1    24
  5.0769287984565779E+00 a       100     0     4     1    25
  2.7202051251252612E+00 a       101     0     5     1     1
  1.5668732637435289E+01 a       102     0     5     1     2
  1.3680102430680443E+00 a       103     0     5     1     3
 -1.3531806282954181E+01 a       104     0     5     1     4
 -1.1697751570512320E+01 a       105     0     5     1     5
  9.0790034105350266E+00 a       106     0     5     1     6
 -7.1188945867883557E+00 a       107     0     5     1     7
  5.7820456089917087E+00 a       108     0     5     1     8
  1.6962765705500278E+01 a       109     0     5     1     9
  2.6391100581477529E+00 a       110     0     5     1    10
 -1.6620301739229181E+01 a       111     0     5     1    11
 -3.1696804555504045E+01 a       112     0     5     1    12
  2.9134542253233979E+00 a       113     0     5     1    13
 -1.7444496733340891E+01 a       114     0     5     1    14
  6.6479635098067851E+00 a       115     0     5     1    15
  3.3541086561963258E+00 a       116     0     5     1    16
  3.0796205631093359E+00 a       117     0     5     1    17
 -2.0457103460084873E+01 a       118     0     5     1    18
  9.1232455271407993E+00 a       119     0     5     1    19
  1.4940523793477459E+01 a       120     0     5     1    20
 -6.9282579483460642E+00 a       121     0     5     1    21
 -1.0759636749776991E+01 a       122     0     5     1    22
  1.9452376118310508E+00 a       123     0     5     1    23
  1.1237269739623576E+01 a       124     0     5     1    24
 -1.2264172095798770E+01 a       125     0     5     1    25
 -9.3635684574211275E-01 a       126     0     6     1     1
 -1.2319608206875461E+01 a       127     0     6     1     2
  6.0137792716027247E+00 a       128     0     6     1     3
  9.3177463056986820E+00 a       129     0     6     1     4
 -6.7636307596455367E+00 a       130     0     6     1     5
  1.3987179091999243E+01 a       131     0     6     1     6
 -8.7321083320332660E-01 a       132     0     6     1     7
 -1.1258574763129880E+01 a       133     0     6     1     8
  9.8310823731796546E+00 a       134     0     6     1     9
  5.1587796308899438E+00 a       135     0     6     1    10
 -1.4730275482732623E+01 a       136     0     6     1    11
  1.9126594972882289E+00 a       137     0     6     1    12
  8.6754852097056414E+00 a       138     0     6     1    13
 -7.3274156423680123E+00 a       139     0     6     1    14
 -2.5383080697126461E+00 a       140     0     6     1    15
 -1.5301346693892311E+01 a       141     0     6     1    16
  8.0238538284342606E+00 a       142     0     6     1    17
  1.8470969905351971E+01 a       143     0     6     1    18
  1.8799670882479248E+01 a       144     0     6     1    19
 -4.4320702889313914E+01 a       145     0     6     1    20
 -8.4361597471003673E+00 a       146     0     6     1    21
  7.8203257724723896E-01 a       147     0     6     1    22
  9.8322992565594944E+00 a       148     0     6     1    23
  8.6003229221403599E-01 a       149     0     6     1    24
  8.8508586052645977E-01 a       150     0     6     1    25
 -3.6718607035187323E-01 a       151     0     7     1     1
 -1.4870887785611558E+01 a       152     0     7     1     2
  1.2893231344070013E+01 a       153     0     7     1     3
  2.0013771301217698E+01 a       154     0     7     1     4
  2.2506487072953377E+01 a       155     0     7     1     5
  3.1497613998465726E+00 a       156     0     7     1     6
  7.2583249267200356E-01 a       157     0     7     1     7
  4.6540811911534545E+00 a       158     0     7     1     8
 -2.1387155889489243E+01 a       159     0     7     1     9
  2.1502846953425894E+00 a       160     0     7     1    10
  2.2009915808705273E+01 a       161     0     7     1    11
  3.0831082019567962E+01 a       162     0     7     1    12
 -1.4584426136935620E+00 a       163     0     7     1    13
  1.1891904107591813E+01 a       164     0     7     1    14
 -8.4872240868923292E+00 a       165     0     7     1    15
 -4.1635313883466454E+00 a       166     0     7     1    16
  1.1124340399687862E+01 a       167     0     7     1    17
  2.4207521280588288E+01 a       168     0     7     1    18
 -1.7527365521111811E+01 a       169     0     7     1    19
 -2.9329035921924862E+00 a       170     0     7     1    20
  1.5150865034948463E+01 a       171     0     7     1    21
  5.7901608974762677E+00 a       172     0     7     1    22
 -1.6641768041655130E+01 a       173     0     7     1    23
 -2.1644594740252018E+01 a       174     0     7     1    24
 -4.2190173831365430E+00 a       175     0     7     1    25
 -1.2900946224881693E+01 a       176     0     8     1     1
  1.4872989282237663E+01 a       177     0     8     1     2
  2.8293119162294174E+00 a       178     0     8     1     3
  2.5690378006015018E+00 a       179     0     8     1     4
  1.6324352983572780E+01 a       180     0     8     1     5
 -1.0755845923425527E+01 a       181     0     8     1     6
  1.6830310361032819E+01 a       182     0     8     1     7
  1.3133278090689609E+01 a       183     0     8     1     8
  5.3768113829898101E-01 a       184     0     8     1     9
 -1.0479063637023250E+01 a       185     0     8     1    10
  1.0365220553063233E+01 a       186     0     8     1    11
  1.0507699975097633E+00 a       187     0     8     1    12
 -1.2165194529135977E+01 a       188     0     8     1    13
  3.3144956386340079E+00 a       189     0     8     1    14
 -9.4314598577274511E-01 a       190     0     8     1    15
  1.0980014523315182E+01 a       191     0     8     1    16
 -4.7663876192094969E+00 a       192     0     8     1    17
 -1.3955672818018016E+01 a       193     0     8     1    18
 -1.7035606713444821E+01 a       194     0     8     1    19
  2.0314911759832018E+01 a       195     0     8     1    20
  3.7073339601392101E+00 a       196     0     8     1    21
 -1.2545770181001478E+01 a       197     0     8     1    22
 -1.2456550613358690E+01 a       198     0     8     1    23
 -2.5634330114430148E+00 a       199     0     8     1    24
 -1.0340090358030750E+01 a       200     0     8     1    25
  4.8965713840371015E+00 a       201     0     9     1     1
 -1.1176970329660898E+01 a       202     0     9     1     2
 -4.3673484849575805E+00 a       203     0     9     1     3
  1.6334048722621632E+00 a       204     0     9     1     4
 -1.2057630884370388E+01 a       205     0     9     1     5
  5.4479169075632843E+00 a       206     0     9     1     6
 -7.0695203580395862E+00 a       207     0     9     1     7
 -1.3343556597395294E+00 a       208     0     9     1     8
 -2.1287391987917736E+00 a       209     0     9     1     9
  9.2721044626781381E+00 a       210     0     9     1    10
 -6.7577460557580871E+00 a       211     0     9     1    11
  1.7156583239022036E+00 a       212     0     9     1    12
  6.4731414290110738E+00 a       213     0     9     1    13
  3.4383191004013369E+00 a       214     0     9     1    14
  2.8537367583633029E+00 a       215     0     9     1    15
 -2.9893387070270254E+00 a       216     0     9     1    16
  2.8311413176244624E+00 a       217     0     9     1    17
  1.4511259790673916E+00 a       218     0     9     1    18
  3.5350116089429391E+00 a       219     0     9     1    19
 -7.4456083832035098E+00 a       220     0     9     1    20
 -4.5360493415445848E+00 a       221     0     9     1    21
  1.1139649183586251E+01 a       222     0     9     1    22
  7.1972608021688647E+00 a       223     0     9     1    23
  3.5157922325363202E+00 a       224     0     9     1    24
  4.0058811899638469E+00 a       225     0     9     1    25
  4.8993812666650367E+00 a       226     0    10     1     1
  1.3551122490545939E+01 a       227     0    10     1     2
 -1.5585273088206778E+01 a       228     0    10     1     3
 -5.9402710133587044E+00 a       229     0    10     1     4
 -1.2757459611178081E+01 a       230     0    10     1     5
 -4.8005151313223688E+00 a       231     0    10     1     6
 -3.6695755823733052E+00 a       232     0    10     1     7
 -9.9220702003797498E+00 a       233     0    10     1     8
  6.5679892625018361E+00 a       234     0    10     1     9
 -4.5769734639981324E-01 a       235     0    10     1    10
 -1.1138629950803599E+01 a       236     0    10     1    11
 -1.2456028309812602E+01 a       237     0    10     1    12
  2.9287874514123722E+00 a       238     0    10     1    13
 -3.8201158688159560E+00 a       239     0    10     1    14
  1.0012079683557204E+01 a       240     0    10     1    15
  7.2079350981450374E-01 a       241     0    10     1    16
  2.0371280697091447E+00 a       242     0    10     1    17
 -1.4634712213247909E+01 a       243     0    10     1    18
  1.3119867381918473E+01 a       244     0    10     1    19
  2.5626751192296044E+00 a       245     0    10     1    20
 -7.4644050401153246E+00 a       246     0    10     1    21
  1.0833803342748367E+00 a       247     0    10     1    22
  1.1461383835235587E+01 a       248     0    10     1    23
  1.1940722433908345E+01 a       249     0    10     1    24
  8.4567067718806683E+00 a       250     0    10     1    25
 -2.8721584790353888E-01 a       251     0    11     1     1
  1.8450009905005909E+00 a       252     0    11     1     2
 -1.4691013475002546E+00 a       253     0    11     1     3
  3.1942663815265881E-01 a       254     0    11     1     4
  6.3566684239477755E+00 a       255     0    11     1     5
 -3.6616438661294488E+00 a       256     0    11     1     6
  8.1074754184572022E+00 a       257     0    11     1     7
  2.5377976412605219E-01 a       258     0    11     1     8
  6.6358075239501813E-01 a       259     0    11     1     9
 -3.6258610060354592E+00 a       260     0    11     1    10
  5.0007951676871762E+00 a       261     0    11     1    11
  6.6867938421599249E-01 a       262     0    11     1    12
 -3.0576804902512350E-01 a       263     0    11     1    13
 -5.0299950145338652E+00 a       264     0    11     1    14
  5.9498367090040560E-01 a       265     0    11     1    15
  1.9581672517636906E+00 a       266     0    11     1    16
  1.9561710974155024E+00 a       267     0    11     1    17
  2.1547509571001133E+00 a       268     0    11     1    18
  1.1495124849298970E+00 a       269     0    11     1    19
  6.0891730712099719E+00 a       270     0    11     1    20
  4.0750370739778878E+00 a       271     0    11     1    21
  9.5004806566834174E-02 a       272     0    11     1    22
 -4.8740567295374504E+00 a       273     0    11     1    23
  2.4540230484461398E+00 a       274     0    11     1    24
  4.0817809777617264E-01 a       275     0    11     1    25
  5.7626254413893685E+00 a       276     0    12     1     1
 -7.9104584336912049E+00 a       277     0    12     1     2
  7.2433640325605655E+00 a       278     0    12     1     3
 -3.4247233848251475E+00 a       279     0    12     1     4
  1.6568437178243314E-01 a       280     0    12     1     5
  2.8211184423803335E+00 a       281     0    12     1     6
 -4.8711785648578937E-01 a       282     0    12     1     7
  3.9706092598717763E-01 a       283     0    12     1     8
  6.3110602929350368E-01 a       284     0    12     1     9
 -2.2207424347918949E+00 a       285     0    12     1    10
  8.4490262824762787E+00 a       286     0    12     1    11
 -3.1730915674919098E+00 a       287     0    12     1    12
 -1.2829708757339466E+00 a       288     0    12     1    13
 -1.3676915659017599E+00 a       289     0    12     1    14
 -6.0541631429119267E+00 a       290     0    12     1    15
 -4.4061402660826310E-01 a       291     0    12     1    16
 -5.6393410720295059E+00 a       292     0    12     1    17
  8.2581125683879115E+00 a       293     0    12     1    18
 -3.6279695924703054E-01 a       294     0    12     1    19
 -2.9440773552060633E+00 a       295     0    12     1    20
  1.0635784042255285E+00 a       296     0    12     1    21
 -2.9299639896642291E+00 a       297     0    12     1    22
 -3.3349054266919396E+00 a       298     0    12     1    23
  1.0666290492209551E+00 a       299     0    12     1    24
 -5.8507788451627025E+00 a       300     0    12     1    25
 -4.8706461087229475E-01 a       301     0    13     1     1
 -9.2274546880355757E-01 a       302     0    13     1     2
  2.9905930549574236E+00 a       303     0    13     1     3
 -6.6140338932095832E-01 a       304     0    13     1     4
 -3.8939558838119703E+00 a       305     0    13     1     5
  2.3205357369234632E+00 a       306     0    13     1     6
 -3.0260685419325566E+00 a       307     0    13     1     7
  4.5915746334865870E-01 a       308     0    13     1     8
  2.4485639776795214E+00 a       309     0    13     1     9
  2.8212846332943808E+00 a       310     0    13     1    10
  1.8649470653192129E-01 a       311     0    13     1    11
 -2.3105198391917897E-01 a       312     0    13     1    12
  7.5065088897797327E-01 a       313     0    13     1    13
  3.0788198036868351E+00 a       314     0    13     1    14
 -5.7861364010232652E-01 a       315     0    13     1    15
 -1.0487340189346575E+00 a       316     0    13     1    16
 -1.4576587486045216E+00 a       317     0    13     1    17
 -1.9871870222881993E+00 a       318     0    13     1    18
  4.4515713666192247E-01 a       319     0    13     1    19
 -2.3329680475121704E+00 a       320     0    13     1    20
 -1.4450913955403435E+00 a       321     0    13     1    21
 -2.2617637088713676E+00 a       322     0    13     1    22
  1.3199215544606275E+00 a       323     0    13     1    23
 -2.9245503078106667E+00 a       324     0    13     1    24
 -7.4917359022344743E-01 a       325     0    13     1    25
  3.8087260755128971E-01 a       326     0    14     1     1
  4.2375294668239665E+00 a       327     0    14     1     2
 -9.7802304837339573E+00 a       328     0    14     1     3
  3.4431144995946450E-01 a       329     0    14     1     4
  2.3240876717823272E-01 a       330     0    14     1     5
 -2.0033660554744395E+00 a       331     0    14     1     6
  5.5949119111144063E-01 a       332     0    14     1     7
 -4.7794376055477983E+00 a       333     0    14     1     8
  7.3727984848146710E-01 a       334     0    14     1     9
  2.6769323316453736E-01 a       335     0    14     1    10
 -2.4557312697372269E+00 a       336     0    14     1    11
 -2.6502173954249280E+00 a       337     0    14     1    12
 -5.3630230485025310E-01 a       338     0    14     1    13
 -1.6742104261159889E+00 a       339     0    14     1    14
  7.3229208427084691E+00 a       340     0    14     1    15
 -9.9243630659901783E-01 a       341     0    14     1    16
  1.5610643124453207E+00 a       342     0    14     1    17
 -6.8210139129867713E+00 a       343     0    14     1    18
 -7.2087724201345002E-02 a       344     0    14     1    19
  6.1863137887957509E-01 a       345     0    14     1    20
 -3.3693175135817053E+00 a       346     0    14     1    21
  2.8852931413755925E+00 a       347     0    14     1    22
  1.3861393317173976E-01 a       348     0    14     1    23
  1.0784546846446288E+00 a       349     0    14     1    24
  4.0042985527924220E+00 a       350     0    14     1    25
 -1.7836751397640755E+00 a       351     0    15     1     1
 -1.6940678461981803E-01 a       352     0    15     1     2
 -1.8499361588303664E+00 a       353     0    15     1     3
 -6.7570184137852429E-01 a       354     0    15     1     4
 -4.8968055408615235E-02 a       355     0    15     1     5
 -2.1987049497773943E+00 a       356     0    15     1     6
 -2.2048639867045541E+00 a       357     0    15     1     7
 -1.4872011945391592E+00 a       358     0    15     1     8
  5.2764607775606587E-01 a       359     0    15     1     9
 -7.4995790708756938E-01 a       360     0    15     1    10
 -3.3613350365283956E-01 a       361     0    15     1    11
 -8.3016096171265630E-01 a       362     0    15     1    12
  3.5302166692389281E-01 a       363     0    15     1    13
 -1.2689425355893214E+00 a       364     0    15     1    14
 -3.7409602701669969E-01 a       365     0    15     1    15
 -2.7450111270310065E+00 a       366     0    15     1    16
 -2.0505564042108109E-02 a       367     0    15     1    17
  6.5775004655865654E-01 a       368     0    15     1    18
 -1.9790027771460814E-01 a       369     0    15     1    19
  7.4081320734423428E-01 a       370     0    15     1    20
 -5.7594231690916164E-01 a       371     0    15     1    21
  1.1371650419905337E+00 a       372     0    15     1    22
 -8.5606556820519597E-01 a       373     0    15     1    23
  1.8147477713370985E+00 a       374     0    15     1    24
  1.0968963268565775E+00 a       375     0    15     1    25
 -9.8607838806841686E-01 a       376     0    16     1     1
 -5.0802995678827378E-01 a       377     0    16     1     2
 -4.9156595907067437E+00 a       378     0    16     1     3
 -2.2898097247311455E-01 a       379     0    16     1     4
 -8.5886262179463813E-01 a       380     0    16     1     5
  5.4430502033007655E-01 a       381     0    16     1     6
 -7.7330523118035710E-01 a       382     0    16     1     7
 -8.1711514783879313E-01 a       383     0    16     1     8
  2.1596711816613362E-01 a       384     0    16     1     9
 -8.5708574635960266E-02 a       385     0    16     1    10
  6.9490452443371897E-01 a       386     0    16     1    11
  3.3611037657873943E-01 a       387     0    16     1    12
  7.4180743836901153E-01 a       388     0    16     1    13
 -2.5189512217965548E-01 a       389     0    16     1    14
 -1.3360945709127995E+01 a       390     0    16     1    15
 -1.1520553374168496E-01 a       391     0    16     1    16
 -6.4377408859436647E-01 a       392     0    16     1    17
  3.5165817104801489E-01 a       393     0    16     1    18
 -2.1627094890505236E-01 a       394     0    16     1    19
 -6.7951324748866815E-01 a       395     0    16     1    20
  8.5525806787264913E-01 a       396     0    16     1    21
 -8.1395642593527429E-01 a       397     0    16     1    22
  9.5580520721190276E-02 a       398     0    16     1    23
  1.1725371760992735E+00 a       399     0    16     1    24
  1.9752437474995857E-01 a       400     0    16     1    25
  1.7576389264645416E+00 a       401     0    17     1     1
 -4.6982201640287680E-01 a       402     0    17     1     2
 -4.9482873076818290E-01 a       403     0    17     1     3
  3.8151174484762729E+00 a       404     0    17     1     4
  7.3325061320041096E-01 a       405     0    17     1     5
 -8.1315414514915374E-01 a       406     0    17     1     6
  2.3602958863641565E+00 a       407     0    17     1     7
 -2.0943709705747979E+00 a       408     0    17     1     8
  2.3277943210578154E+00 a       409     0    17     1     9
 -3.3629209973004309E-01 a       410     0    17     1    10
  7.4724645679608359E-01 a       411     0    17     1    11
 -2.2685632749930829E+00 a       412     0    17     1    12
 -7.5604239829768355E-02 a       413     0    17     1    13
 -5.1420828373201051E+00 a       414     0    17     1    14
 -2.0524064069814046E-01 a       415     0    17     1    15
 -4.8611403673516262E-01 a       416     0    17     1    16
  3.1471107333127044E+00 a       417     0    17     1    17
  1.2117348249364397E+00 a       418     0    17     1    18
 -1.2274649733786103E+00 a       419     0    17     1    19
 -2.9229972266415127E+00 a       420     0    17     1    20
 -7.6274230055345715E-01 a       421     0    17     1    21
 -4.0270047727777536E+00 a       422     0    17     1    22
  6.6791012231898228E-01 a       423     0    17     1    23
 -1.1507862416811120E-01 a       424     0    17     1    24
  4.7835469815464537E-01 a       425     0    17     1    25
 -3.8440296872199591E+00 a       426     0    18     1     1
  1.3147776899276538E+01 a       427     0    18     1     2
  9.2769249395620612E+00 a       428     0    18     1     3
  2.3691100220991537E+01 a       429     0    18     1     4
  7.5128290722489224E+00 a       430     0    18     1     5
  1.2066250269497418E+01 a       431     0    18     1     6
  3.0587483043408015E+00 a       432     0    18     1     7
  2.7692921211829353E+00 a       433     0    18     1     8
  5.0886143303502642E+00 a       434     0    18     1     9
 -3.2814197778876428E+00 a       435     0    18     1    10
 -3.0815538691793933E+00 a       436     0    18     1    11
  1.5462031521982563E+01 a       437     0    18     1    12
 -2.9727443764111974E+00 a       438     0    18     1    13
  3.2114818723219800E+00 a       439     0    18     1    14
 -1.0276458620648583E+00 a       440     0    18     1    15
 -2.8677505320058221E+00 a       441     0    18     1    16
  1.2246387255342290E+01 a       442     0    18     1    17
 -7.1007080747730023E-01 a       443     0    18     1    18
 -2.5748709082870582E+00 a       444     0    18     1    19
  5.0531308082165669E+00 a       445     0    18     1    20
 -2.0937479326473403E+00 a       446     0    18     1    21
 -6.4639923073906083E+00 a       447     0    18     1    22
 -1.2158962037857567E+01 a       448     0    18     1    23
 -1.6776481530427068E+00 a       449     0    18     1    24
 -8.3951033790433662E+00 a       450     0    18     1    25
 -1.4759174030986892E+00 a       451     0    19     1     1
 -3.9420986536667119E-01 a       452     0    19     1     2
  2.4464102206188745E+00 a       453     0    19     1     3
 -3.5776112607887907E+00 a       454     0    19     1     4
  1.1910331885548533E+00 a       455     0    19     1     5
  1.8232368153903661E-01 a       456     0    19     1     6
 -8.1125572090580056E-01 a       457     0    19     1     7
  2.6563731773548040E+00 a       458     0    19     1     8
 -1.0023064255344192E+00 a       459     0    19     1     9
  4.8442571733896428E-01 a       460     0    19     1    10
 -8.1989298141327394E-01 a       461     0    19     1    11
  3.6168372466402796E+00 a       462     0    19     1    12
  1.5710955016596644E+00 a       463     0    19     1    13
  3.5367634836668866E+00 a       464     0    19     1    14
 -2.1173500130796898E+00 a       465     0    19     1    15
  3.5436684090868481E-01 a       466     0    19     1    16
 -1.3883866024586865E+01 a       467     0    19     1    17
 -9.0072667198459855E-01 a       468     0    19     1    18
 -1.1879738181967603E+00 a       469     0    19     1    19
 -8.8924529669302710E-01 a       470     0    19     1    20
  2.5448032354275236E+00 a       471     0    19     1    21
  5.4563056886255508E+00 a       472     0    19     1    22
 -2.8102344718204857E+00 a       473     0    19     1    23
 -5.0506878550758381E-02 a       474     0    19     1    24
 -3.1183611789572590E+00 a       475     0    19     1    25
  1.2019587068372941E+00 a       476     0    20     1     1
 -8.1658905075950674E+00 a       477     0    20     1     2
 -8.5579764793709039E+00 a       478     0    20     1     3
 -2.5804178227230299E+01 a       479     0    20     1     4
 -1.9481575676397110E+01 a       480     0    20     1     5
 -1.4049022992514447E+01 a       481     0    20     1     6
 -1.1466726632273847E+00 a       482     0    20     1     7
 -4.7939854131558661E+00 a       483     0    20     1     8
 -1.8029644502899767E+01 a       484     0    20     1     9
  5.0120575311073061E+00 a       485     0    20     1    10
  9.0722859924941108E+00 a       486     0    20     1    11
 -1.5643346767975205E+01 a       487     0    20     1    12
  6.0208873566277821E-01 a       488     0    20     1    13
 -3.5129343306927772E+00 a       489     0    20     1    14
 -4.6760620655441532E-01 a       490     0    20     1    15
  4.9194345233256529E+00 a       491     0    20     1    16
  1.7930496577658206E+00 a       492     0    20     1    17
 -6.7923355344110510E+00 a       493     0    20     1    18
  8.0537936216512005E+00 a       494     0    20     1    19
  9.5555341576504027E-01 a       495     0    20     1    20
 -4.4524028973808756E+00 a       496     0    20     1    21
  8.6378238166550751E+00 a       497     0    20     1    22
  2.5779750104601760E+01 a       498     0    20     1    23
 -4.8502289680710930E-01 a       499     0    20     1    24
  1.3324206576780970E+01 a       500     0    20     1    25
 -2.1705067925893207E+01 a       501     0    21     1     1
  5.6674654533364368E+00 a       502     0    21     1     2
 -4.9902997981116917E+00 a       503     0    21     1     3
  1.3154599250425633E+01 a       504     0    21     1     4
 -1.2037496800454301E+01 a       505     0    21     1     5
 -4.8802189013725670E+00 a       506     0    21     1     6
  2.2511803010278960E+01 a       507     0    21     1     7
 -2.4025290172556883E+00 a       508     0    21     1     8
 -2.0381311606959387E+00 a       509     0    21     1     9
 -4.3273695620810360E+00 a       510     0    21     1    10
 -1.8081583195861206E+00 a       511     0    21     1    11
  3.0911131255274431E+00 a       512     0    21     1    12
  5.3721113961703669E-02 a       513     0    21     1    13
  7.9093095518610523E+00 a       514     0    21     1    14
 -6.1141789989411697E+00 a       515     0    21     1    15
 -7.3307328024908636E-01 a       516     0    21     1    16
 -1.6631653988418112E+01 a       517     0    21     1    17
 -1.3400388816332601E+01 a       518     0    21     1    18
 -1.9237160952366349E+01 a       519     0    21     1    19
 -1.6906911632141799E+01 a       520     0    21     1    20
 -1.2857415393697760E+01 a       521     0    21     1    21
 -8.9416004000701701E+00 a       522     0    21     1    22
  9.6775851316828980E+00 a       523     0    21     1    23
  8.7124572263756441E+00 a       524     0    21     1    24
 -2.8883497783684342E-01 a       525     0    21     1    25
  1.5618114858599933E+01 a       526     0    22     1     1
  5.3811417081892863E+00 a       527     0    22     1     2
  6.3031943438558702E-01 a       528     0    22     1     3
 -1.0907629429184293E+01 a       529     0    22     1     4
 -3.0701440986632185E+00 a       530     0    22     1     5
  4.1551587880094907E+00 a       531     0    22     1     6
 -1.7918886022340821E+01 a       532     0    22     1     7
 -6.8476527633819524E+00 a       533     0    22     1     8
 -1.1840428740455968E+00 a       534     0    22     1     9
 -2.6909191227705156E+00 a       535     0    22     1    10
  4.2077298002848718E+00 a       536     0    22     1    11
 -5.2721003172237841E+00 a       537     0    22     1    12
  1.0740980006906375E+00 a       538     0    22     1    13
 -4.3415097627485295E+00 a       539     0    22     1    14
 -1.6181319065585125E+00 a       540     0    22     1    15
 -1.7415893614548881E+00 a       541     0    22     1    16
  8.0788353268260220E+00 a       542     0    22     1    17
  9.8582110383853223E+00 a       543     0    22     1    18
  6.0718614448239556E+00 a       544     0    22     1    19
  1.0656328651353210E+01 a       545     0    22     1    20
  4.6284708776535535E+00 a       546     0    22     1    21
  2.5766379637637677E+00 a       547     0    22     1    22
  3.3692640897142381E+00 a       548     0    22     1    23
 -9.6297259983811934E+00 a       549     0    22     1    24
  3.5978954295547125E+00 a       550     0    22     1    25
  5.5274609308296032E+00 a       551     0    23     1     1
 -1.4652836060701924E+01 a       552     0    23     1     2
  1.4646977144804373E+01 a       553     0    23     1     3
 -1.8580774745666609E+01 a       554     0    23     1     4
  1.4185014416889283E+01 a       555     0    23     1     5
  1.3692015032141547E+00 a       556     0    23     1     6
 -1.9805677136406683E+01 a       557     0    23     1     7
  1.6228080798269158E+01 a       558     0    23     1     8
  1.5888769463303216E+01 a       559     0    23     1     9
 -2.0585198143889687E+00 a       560     0    23     1    10
 -1.7855242917916669E+01 a       561     0    23     1    11
  6.7683463849779884E+00 a       562     0    23     1    12
 -5.2499535953085541E+00 a       563     0    23     1    13
 -9.6337914221135375E+00 a       564     0    23     1    14
  1.0000938567352240E+01 a       565     0    23     1    15
 -1.0354333233155613E+00 a       566     0    23     1    16
 -2.9835239713779185E+01 a       567     0    23     1    17
  1.0834841881735349E+01 a       568     0    23     1    18
  2.7923723655838227E+01 a       569     0    23     1    19
  1.3498347803308521E+01 a       570     0    23     1    20
  7.0905775145591852E+00 a       571     0    23     1    21
  1.8247908748170786E+01 a       572     0    23     1    22
 -1.9728333596598496E+01 a       573     0    23     1    23
 -3.9566364550672426E+00 a       574     0    23     1    24
 -5.2396099559894109E+00 a       575     0    23     1    25
 -3.7806477574888619E-01 a       576     0    24     1     1
 -6.7471187946737796E+00 a       577     0    24     1     2
 -1.3764862050293026E+01 a       578     0    24     1     3
  5.8760031624058753E+00 a       579     0    24     1     4
  1.9984192163721610E+00 a       580     0    24     1     5
  2.6902815717644706E+00 a       581     0    24     1     6
  9.0837967339946530E+00 a       582     0    24     1     7
 -9.0327949748864729E+00 a       583     0    24     1     8
 -9.3172279020449972E-02 a       584     0    24     1     9
  3.7089793802733979E+00 a       585     0    24     1    10
  1.0019366759922795E+01 a       586     0    24     1    11
 -9.5756458582305637E+00 a       587     0    24     1    12
  6.7639471086955680E+00 a       588     0    24     1    13
 -7.8477441764949585E-01 a       589     0    24     1    14
 -2.9045888722045068E+00 a       590     0    24     1    15
 -4.6742237683673765E-01 a       591     0    24     1    16
  6.0664295888896405E+00 a       592     0    24     1    17
  3.7581329375821935E+00 a       593     0    24     1    18
 -2.8636888960093891E+01 a       594     0    24     1    19
 -1.2680744262683012E+01 a       595     0    24     1    20
  3.5916464754879107E-01 a       596     0    24     1    21
 -5.5576140060585422E+00 a       597     0    24     1    22
 -4.4518422288879043E+00 a       598     0    24     1    23
  7.6144035537734043E+00 a       599     0    24     1    24
 -2.4091343524740916E+00 a       600     0    24     1    25
  1.9461792637526230E+00 a       601     0    25     1     1
 -6.3237571494177285E+00 a       602     0    25     1     2
  7.7625092025642308E+00 a       603     0    25     1     3
 -6.9960294207015181E+00 a       604     0    25     1     4
  8.5032875735883451E+00 a       605     0    25     1     5
 -3.6071552680042300E+00 a       606     0    25     1     6
 -3.5427888018219984E+00 a       607     0    25     1     7
  1.0636309266920419E+01 a       608     0    25     1     8
 -2.6832874917148568E+00 a       609     0    25     1     9
  1.3069047219159431E+01 a       610     0    25     1    10
 -6.1202317255815100E+00 a       611     0    25     1    11
  5.7281954376975026E+00 a       612     0    25     1    12
 -1.0167471817270342E+00 a       613     0    25     1    13
 -1.4459847065997666E+00 a       614     0    25     1    14
 -1.4764333260977625E+00 a       615     0    25     1    15
  3.3446874475648114E+00 a       616     0    25     1    16
  6.2101677418613823E+00 a       617     0    25     1    17
  1.7125366042052665E+00 a       618     0    25     1    18
  6.9693561915542963E+00 a       619     0    25     1    19
  8.6852685215452645E+00 a       620     0    25     1    20
  1.0225991080254936E+01 a       621     0    25     1    21
  5.4042888626859229E+00 a       622     0    25     1    22
 -1.9564076600103479E+00 a       623     0    25     1    23
 -4.3192679427072331E+00 a       624     0    25     1    24
 -1.7779075919485039E+00 a       625     0    25     1    25
 -1.2567983775294223E+01 a       626     0    26     1     1
  1.8501106926047189E+01 a       627     0    26     1     2
 -4.7155990626089102E+00 a       628     0    26     1     3
  1.3915888244287315E+01 a       629     0    26     1     4
 -8.0118760513872234E-01 a       630     0    26     1     5
  2.0376022400110996E+00 a       631     0    26     1     6
  3.5338629900001417E-01 a       632     0    26     1     7
 -3.3579344633094204E+00 a       633     0    26     1     8
 -6.7367950349870098E-01 a       634     0    26     1     9
 -3.3891745558262438E+00 a       635     0    26     1    10
 -1.2711916107524177E+00 a       636     0    26     1    11
  3.8295242260363742E+00 a       637     0    26     1    12
  2.2936562223205348E+00 a       638     0    26     1    13
  1.1517233008786187E+01 a       639     0    26     1    14
 -3.4282266918670206E+00 a       640     0    26     1    15
 -7.1383999437414425E-01 a       641     0    26     1    16
  8.4471465445658911E+00 a       642     0    26     1    17
 -6.2643054866743064E+00 a       643     0    26     1    18
 -1.3495765402882801E+01 a       644     0    26     1    19
 -5.6755689822948847E+00 a       645     0    26     1    20
 -3.5922680009121968E+00 a       646     0    26     1    21
 -1.4621496430361162E+01 a       647     0    26     1    22
  7.4225743410366078E+00 a       648     0    26     1    23
  1.9529148793700797E+00 a       649     0    26     1    24
  7.6901868741677299E+00 a       650     0    26     1    25
  1.8574660424586167E+00 a       651     0    27     1     1
 -1.9086037744701059E+00 a       652     0    27     1     2
  4.8776702595679273E+00 a       653     0    27     1     3
 -7.2995402332601567E-01 a       654     0    27     1     4
  1.9903152897381584E+00 a       655     0    27     1     5
  1.0746877788907204E-01 a       656     0    27     1     6
  1.5356282415882276E+00 a       657     0    27     1     7
 -1.7341029895421919E-01 a       658     0    27     1     8
 -8.5107547901315894E-01 a       659     0    27     1     9
  6.7699249132878314E-01 a       660     0    27     1    10
  8.6846835089077468E-01 a       661     0    27     1    11
  1.3522213299014771E+00 a       662     0    27     1    12
 -1.4211308912195033E+00 a       663     0    27     1    13
 -3.8195628904138046E-01 a       664     0    27     1    14
  3.1004781424651595E-01 a       665     0    27     1    15
  1.4100948161704621E-01 a       666     0    27     1    16
 -5.2759208885319441E-03 a       667     0    27     1    17
  1.7545481412708557E+00 a       668     0    27     1    18
  7.6276177825262370E-01 a       669     0    27     1    19
  5.5165687846242095E-01 a       670     0    27     1    20
 -4.9063809272961114E+00 a       671     0    27     1    21
  1.3948600317982784E+00 a       672     0    27     1    22
  1.2512174335345014E+00 a       673     0    27     1    23
 -1.4786087639864527E+00 a       674     0    27     1    24
 -1.5978842323235649E+00 a       675     0    27     1    25
 -2.1844442809835662E+00 b       676     1     1
 -3.0471626124573348E-01 b       677     1     2
 -1.6417106012101079E+00 b       678     1     3
 -9.1111318192151430E-02 b       679     1     4
  6.7010965185645066E-01 b       680     1     5
 -6.7286286008287488E-01 b       681     1     6
 -9.9652699028287273E-01 b       682     1     7
  2.4836176102528704E-01 b       683     1     8
  1.3529502457374378E+00 b       684     1     9
  8.4982512137593713E-01 b       685     1    10
 -1.1124071874621462E+00 b       686     1    11
  8.4830238116476286E-01 b       687     1    12
  4.9245638745343856E-01 b       688     1    13
  4.0832501232480334E-01 b       689     1    14
 -2.6672701362092073E+00 b       690     1    15
  2.4306288610824334E+00 b       691     1    16
 -2.2601452091413767E+00 b       692     1    17
 -7.5534769157042125E-01 b       693     1    18
 -8.7702914823665112E-01 b       694     1    19
 -1.1399176278353109E+00 b       695     1    20
 -2.0290288126433058E+00 b       696     1    21
 -9.2761268674004016E-01 b       697     1    22
  6.7685036531773879E-01 b       698     1    23
  2.8544359430161453E-01 b       699     1    24
  4.2284218303849326E-02 b       700     1    25
  5.5902899952188951E+00 a       701     1     1     2     1
 -1.5432776201875127E+00 a       702     1     1     2     2
  5.8567803708496227E+00 a       703     1     1     2     3
  7.4373903540750117E+00 a       704     1     1     2     4
  4.4858217114887466E+00 a       705     1     1     2     5
  1.3673741707119056E+00 a       706     1     1     2     6
  5.8876067610002192E+00 a       707     1     1     2     7
  9.4635461905388745E+00 a       708     1     1     2     8
 -1.4952764525464555E+00 a       709     1     1     2     9
  1.0159879551190985E+00 a       710     1     1     2    10
  7.7043202645382864E+00 a       711     1     1     2    11
 -8.3686176294601761E-02 a       712     1     1     2    12
 -5.7129522952957972E+00 a       713     1     1     2    13
 -1.5301596135821235E+01 a       714     1     1     2    14
 -7.3613969726464634E-01 a       715     1     1     2    15
 -2.1864920454295520E+00 a       716     1     1     2    16
  1.8587082306380498E+00 a       717     1     1     2    17
  1.9430987719390593E+01 a       718     1     1     2    18
 -2.1717621708202697E+00 a       719     1     1     2    19
 -8.6214532474054515E+00 a       720     1     1     2    20
  1.2545362866292427E+00 a       721     1     1     2    21
 -4.8668406823671910E+00 a       722     1     1     2    22
 -3.4857868733474429E+00 a       723     1     1     2    23
  3.8504459997659031E+00 a       724     1     1     2    24
 -1.7363642970972850E+00 a       725     1     1     2    25
 -1.1848344695393458E+00 a       726     1     2     2     1
  1.9760825606896826E-01 a       727     1     2     2     2
 -2.8482640190950753E-01 a       728     1     2     2     3
 -6.8585482951132593E-01 a       729     1     2     2     4
 -1.8427934921330216E-01 a       730     1     2     2     5
 -3.9622981605374369E-01 a       731     1     2     2     6
  5.2145163652954540E-01 a       732     1     2     2     7
 -1.5986271558362367E-01 a       733     1     2     2     8
 -1.8823684217409567E-01 a       734     1     2     2     9
  3.7569609486023647E-01 a       735     1     2     2    10
 -1.7013200283540308E+00 a       736     1     2     2    11
 -4.8199671004409833E-01 a       737     1     2     2    12
 -6.6626845389421596E-01 a       738     1     2     2    13
 -9.2854871028050442E-02 a       739     1     2     2    14
  3.8150400296086784E-01 a       740     1     2     2    15
  1.0025045843178193E+00 a       741     1     2     2    16
  1.0044865591572778E+00 a       742     1     2     2    17
 -7.9282299630875164E-01 a       743     1     2     2    18
  8.1353739311550100E-01 a       744     1     2     2    19
 -1.7490755241732463E+00 a       745     1     2     2    20
 -6.4214007163808973E-01 a       746     1     2     2    21
  1.1871782396441977E+00 a       747     1     2     2    22
  6.4325478312902118E-01 a       748     1     2     2    23
  6.6671827930221039E-01 a       749     1     2     2    24
  7.3260535475288413E-01 a       750     1     2     2    25
 -1.2547997202685961E+00 a       751     1     3     2     1
  8.0375921574466291E-01 a       752     1     3     2     2
  1.8390719156010868E-01 a       753     1     3     2     3
 -7.5213976440290675E-01 a       754     1     3     2     4
 -9.0491377537695150E-01 a       755     1     3     2     5
  3.3510131176216622E+00 a       756     1     3     2     6
  1.4247906382713211E+00 a       757     1     3     2     7
 -1.1499989632308767E+00 a       758     1     3     2     8
  1.2012562737125145E+00 a       759     1     3     2     9
  4.7355660501341579E-01 a       760     1     3     2    10
  7.7070171734541768E+00 a       761     1     3     2    11
  1.4183876608095241E+00 a       762     1     3     2    12
  2.6020538723511359E+00 a       763     1     3     2    13
  9.0939227568449503E+00 a       764     1     3     2    14
 -8.2800097433664444E-01 a       765     1     3     2    15
 -3.6475248212485872E-01 a       766     1     3     2    16
 -2.5869757988859765E-01 a       767     1     3     2    17
 -7.1436024922739028E-01 a       768     1     3     2    18
  2.1474363776729324E+00 a       769     1     3     2    19
  1.0278058173520790E-01 a       770     1     3     2    20
 -4.8354600681589194E-01 a       771     1     3     2    21
  4.5476437585199925E+00 a       772     1     3     2    22
 -1.2617621060184969E-01 a       773     1     3     2    23
  6.0051395770094080E+00 a       774     1     3     2    24
  4.7248350853900933E-01 a       775     1     3     2    25
  1.0964885692461597E+00 a       776     1     4     2     1
 -9.5838119970500779E-01 a       777     1     4     2     2
 -5.4298926768562121E-02 a       778     1     4     2     3
  9.5706178423638000E-01 a       779     1     4     2     4
 -1.3010902462192744E+00 a       780     1     4     2     5
  2.7110684496067711E-01 a       781     1     4     2     6
  7.1868590203374205E-01 a       782     1     4     2     7
  1.8198986431057806E+00 a       783     1     4     2     8
 -4.8100013273951597E-01 a       784     1     4     2     9
 -1.0937461000708426E+00 a       785     1     4     2    10
 -3.3303971297019563E-01 a       786     1     4     2    11
  1.1116334751921984E+00 a       787     1     4     2    12
  5.2295076900119593E-02 a       788     1     4     2    13
 -1.1470460493142631E-01 a       789     1     4     2    14
  6.8234894563143456E-01 a       790     1     4     2    15
  3.0157686094460529E-01 a       791     1     4     2    16
  2.3995110614425347E-01 a       792     1     4     2    17
  2.0646319383854700E-01 a       793     1     4     2    18
 -6.5250474002247572E-01 a       794     1     4     2    19
 -2.1147678276083766E+00 a       795     1     4     2    20
  8.5202984034641327E-01 a       796     1     4     2    21
  3.2415324647048185E+00 a       797     1     4     2    22
  8.6616665091018530E-01 a       798     1     4     2    23
  2.2610953835051184E+00 a       799     1     4     2    24
 -1.2366630392966798E+00 a       800     1     4     2    25
 -5.1415494381160478E+00 a       801     1     5     2     1
  6.0411254531858838E-01 a       802     1     5     2     2
 -2.3171012594864682E-01 a       803     1     5     2     3
  1.5691082404737777E-01 a       804     1     5     2     4
 -8.0680576209529786E-01 a       805     1     5     2     5
  6.3992043326502424E-01 a       806     1     5     2     6
  1.4291872013577762E+00 a       807     1     5     2     7
 -3.3710463737764135E-01 a       808     1     5     2     8
  1.5332153532482820E-01 a       809     1     5     2     9
  6.9015228948105101E-01 a       810     1     5     2    10
 -7.2362267786311152E-01 a       811     1     5     2    11
 -7.2817869705838933E-01 a       812     1     5     2    12
 -8.9320693167110987E-01 a       813     1     5     2    13
 -3.1173081729433938E+00 a       814     1     5     2    14
  1.1019149850977762E-01 a       815     1     5     2    15
  3.9103671018838371E-01 a       816     1     5     2    16
  1.7501667883426714E-01 a       817     1     5     2    17
 -1.7904462368537302E+00 a       818     1     5     2    18
  3.3530563169362732E-02 a       819     1     5     2    19
  3.8417940812242386E+00 a       820     1     5     2    20
 -4.0845683661622323E-01 a       821     1     5     2    21
  5.8306352438121822E-01 a       822     1     5     2    22
 -5.3746259620600290E-01 a       823     1     5     2    23
  2.4626542658432446E-01 a       824     1     5     2    24
 -8.0893427093962800E-02 a       825     1     5     2    25
 -8.9150440642298504E-02 a       826     1     6     2     1
 -8.5954132840829334E-01 a       827     1     6     2     2
  5.7246109652125554E-01 a       828     1     6     2     3
  2.5321226769626812E+00 a       829     1     6     2     4
  9.8214190429524817E-01 a       830     1     6     2     5
 -1.6291008466264986E-01 a       831     1     6     2     6
  6.5327520454657628E-01 a       832     1     6     2     7
 -7.9569089084113331E-01 a       833     1     6     2     8
 -6.9919158407361626E-01 a       834     1     6     2     9
  5.5644270963524867E-02 a       835     1     6     2    10
 -4.2263951363986985E-01 a       836     1     6     2    11
 -4.8114472639576231E-02 a       837     1     6     2    12
  7.9488851090941282E-02 a       838     1     6     2    13
  2.9755805706588645E+00 a       839     1     6     2    14
 -6.9715685861410026E-01 a       840     1     6     2    15
  3.0488408577332915E-01 a       841     1     6     2    16
  1.9402030996981148E+00 a       842     1     6     2    17
 -1.2428869214591525E+00 a       843     1     6     2    18
 -4.9368990769870985E-01 a       844     1     6     2    19
 -2.3643167418774777E-01 a       845     1     6     2    20
  8.1837436226788307E-01 a       846     1     6     2    21
 -1.1302470821672890E+00 a       847     1     6     2    22
  3.8396794804282897E-01 a       848     1     6     2    23
 -2.6520939763652440E+00 a       849     1     6     2    24
  1.1202297757440112E+00 a       850     1     6     2    25
 -3.0355235905782099E+00 a       851     1     7     2     1
  7.2037185544726934E-01 a       852     1     7     2     2
 -3.5123199324928661E-01 a       853     1     7     2     3
 -6.9843192329105590E-03 a       854     1     7     2     4
  3.5145767193336303E-01 a       855     1     7     2     5
  1.9502898549722076E+00 a       856     1     7     2     6
 -3.8884288810838470E+00 a       857     1     7     2     7
 -7.4277320703496164E-01 a       858     1     7     2     8
  8.3935342771038313E-01 a       859     1     7     2     9
 -9.0360799335676101E-01 a       860     1     7     2    10
 -1.4893772593776939E+00 a       861     1     7     2    11
 -9.9748516224673256E-01 a       862     1     7     2    12
  1.6340525294987579E-01 a       863     1     7     2    13
 -3.8972763057209099E-02 a       864     1     7     2    14
 -1.7298633986386549E+00 a       865     1     7     2    15
  1.6374612897803418E+00 a       866     1     7     2    16
 -4.8186737250896269E-02 a       867     1     7     2    17
  1.8003480154987494E-03 a       868     1     7     2    18
 -1.2759395733356531E+00 a       869     1     7     2    19
 -1.5929317069530655E+00 a       870     1     7     2    20
  2.4060263903696013E+00 a       871     1     7     2    21
  1.5976308927363871E+00 a       872     1     7     2    22
  1.5889735523526325E+00 a       873     1     7     2    23
 -1.3164383889540581E+00 a       874     1     7     2    24
  1.2981337736698251E+00 a       875     1     7     2    25
 -3.4404043613379104E-01 a       876     1     8     2     1
 -8.9593910807512422E-01 a       877     1     8     2     2
 -1.8103520801995893E-01 a       878     1     8     2     3
  1.9651942496933558E-01 a       879     1     8     2     4
 -1.7351494125928696E-01 a       880     1     8     2     5
 -1.9585984267788508E+00 a       881     1     8     2     6
  1.2172504588683928E+00 a       882     1     8     2     7
 -7.4283805384446377E-01 a       883     1     8     2     8
  5.1597666056841618E-01 a       884     1     8     2     9
 -5.0570226043456334E-01 a       885     1     8     2    10
 -2.4877084278928963E+00 a       886     1     8     2    11
 -6.1160894205058891E-01 a       887     1     8     2    12
 -2.3230579628919412E+00 a       888     1     8     2    13
 -1.2396575990075975E+00 a       889     1     8     2    14
  3.3390408858448650E-01 a       890     1     8     2    15
 -7.5275000653482449E-01 a       891     1     8     2    16
 -5.6816466927940712E-01 a       892     1     8     2    17
 -1.5341147565349238E+00 a       893     1     8     2    18
 -2.0895823694070992E-01 a       894     1     8     2    19
  9.6779029060408228E-01 a       895     1     8     2    20
  5.8846402666964015E-01 a       896     1     8     2    21
  4.3640961409398610E-01 a       897     1     8     2    22
  5.1618689276688112E-01 a       898     1     8     2    23
 -1.8160463448825248E+00 a       899     1     8     2    24
 -4.2737212795819163E-01 a       900     1     8     2    25
  1.2239063794558733E+00 a       901     1     9     2     1
  2.4863384793570648E-01 a       902     1     9     2     2
 -7.6010220555227048E-01 a       903     1     9     2     3
  1.0118109632409931E+00 a       904     1     9     2     4
 -7.2433471857305504E-02 a       905     1     9     2     5
 -3.4622680807509512E+00 a       906     1     9     2     6
  2.1722354726894841E+00 a       907     1     9     2     7
  5.6949488879298098E+00 a       908     1     9     2     8
 -9.5318661824198792E-02 a       909     1     9     2     9
  7.1168231289077388E-01 a       910     1     9     2    10
 -1.0326366142879713E+00 a       911     1     9     2    11
  1.1884525071273819E+00 a       912     1     9     2    12
 -1.1480168781658990E+00 a       913     1     9     2    13
  5.5208557149108917E-01 a       914     1     9     2    14
  1.4118212950504585E+00 a       915     1     9     2    15
 -1.1760732727937420E+00 a       916     1     9     2    16
 -5.0547096768301703E-01 a       917     1     9     2    17
  2.3355495645132942E+00 a       918     1     9     2    18
 -1.1336176044886850E+00 a       919     1     9     2    19
 -2.0376666834895429E+00 a       920     1     9     2    20
 -1.3402249839324472E+00 a       921     1     9     2    21
 -5.6835619437624505E+00 a       922     1     9     2    22
 -1.5849575829990032E+00 a       923     1     9     2    23
  1.9800018801898936E-01 a       924     1     9     2    24
 -7.4673210046272243E-01 a       925     1     9     2    25
  2.9068793744298911E+00 a       926     1    10     2     1
  6.2995470641977663E-02 a       927     1    10     2     2
  1.6928631123497417E-01 a       928     1    10     2     3
  1.9262770128101004E-02 a       929     1    10     2     4
 -7.6190323273498339E-01 a       930     1    10     2     5
 -4.9904680130737189E-01 a       931     1    10     2     6
  3.9282814973336305E-01 a       932     1    10     2     7
 -2.5609990626978831E+00 a       933     1    10     2     8
  1.4867639412815670E+00 a       934     1    10     2     9
  8.0138411137912827E-02 a       935     1    10     2    10
  2.5358639252235431E+00 a       936     1    10     2    11
 -7.9837794942834239E-01 a       937     1    10     2    12
  1.5523912163002243E+00 a       938     1    10     2    13
 -1.8166326787632179E+00 a       939     1    10     2    14
 -1.4558515580824085E+00 a       940     1    10     2    15
  1.9456265118511182E+00 a       941     1    10     2    16
 -4.1013204229796196E-01 a       942     1    10     2    17
  5.9666542048955240E-01 a       943     1    10     2    18
  9.4049171577403279E-01 a       944     1    10     2    19
 -5.6280468049649279E-01 a       945     1    10     2    20
 -6.0959242949043724E-01 a       946     1    10     2    21
 -2.4283874686370743E+00 a       947     1    10     2    22
  9.8804823791442598E-01 a       948     1    10     2    23
  1.1881370113277328E+00 a       949     1    10     2    24
  5.4383424675639469E-01 a       950     1    10     2    25
  1.9893702353074909E-02 a       951     1    11     2     1
 -9.3408302114860009E-01 a       952     1    11     2     2
 -9.3930533998591870E-01 a       953     1    11     2     3
  1.2883823817383699E+00 a       954     1    11     2     4
 -9.1983479574938742E-01 a       955     1    11     2     5
 -2.2942448724758444E+00 a       956     1    11     2     6
  6.8313448374199059E-01 a       957     1    11     2     7
 -3.1145998725096574E-01 a       958     1    11     2     8
  2.4442570314279025E-01 a       959     1    11     2     9
 -7.8676445833381092E-01 a       960     1    11     2    10
 -5.5763013380581388E+00 a       961     1    11     2    11
 -1.2861079818417331E+00 a       962     1    11     2    12
 -9.2944774417842013E-01 a       963     1    11     2    13
  6.2923205370116255E+00 a       964     1    11     2    14
 -6.9332410049755300E-01 a       965     1    11     2    15
 -1.1430874229598127E-01 a       966     1    11     2    16
  9.7238742216236973E-01 a       967     1    11     2    17
 -3.3037837880003811E+00 a       968     1    11     2    18
  2.5980839645632803E-01 a       969     1    11     2    19
 -2.7769357946581916E+00 a       970     1    11     2    20
 -3.4164597557454712E-01 a       971     1    11     2    21
  4.1661318865914403E+00 a       972     1    11     2    22
  1.5989974026769087E+00 a       973     1    11     2    23
  3.0599306221571814E+00 a       974     1    11     2    24
  3.9329654463378311E-01 a       975     1    11     2    25
 -6.6864025632242099E-02 a       976     1    12     2     1
 -1.0651613466118417E+00 a       977     1    12     2     2
  6.5732552344418016E-01 a       978     1    12     2     3
 -2.4942343777216738E-01 a       979     1    12     2     4
  9.5893399544796865E-01 a       980     1    12     2     5
  3.1493799228456463E+00 a       981     1    12     2     6
 -6.8688776193255652E-01 a       982     1    12     2     7
  4.5314431924344438E-03 a       983     1    12     2     8
  1.5903594411002026E-01 a       984     1    12     2     9
 -1.7535166737483587E-01 a       985     1    12     2    10
  4.9150884610256416E+00 a       986     1    12     2    11
 -4.0106857416956443E-01 a       987     1    12     2    12
 -1.2520204498219201E+00 a       988     1    12     2    13
 -3.0553216831366603E+00 a       989     1    12     2    14
  8.7884222775586374E-01 a       990     1    12     2    15
 -3.1098959841409495E+00 a       991     1    12     2    16
 -1.4543715376955288E-01 a       992     1    12     2    17
  2.4434428238361927E+00 a       993     1    12     2    18
  5.9851843309088681E-01 a       994     1    12     2    19
  5.0926240321666538E-01 a       995     1    12     2    20
  1.6380320958160430E+00 a       996     1    12     2    21
  4.0127609333074543E-01 a       997     1    12     2    22
  2.7042986158614518E-01 a       998     1    12     2    23
  4.6076727635607231E+00 a       999     1    12     2    24
 -5.7250202109118553E-01 a      1000     1    12     2    25
 -1.0328033243569896E+00 a      1001     1    13     2     1
  6.9838775115160701E-01 a      1002     1    13     2     2
 -1.2286155469974409E+00 a      1003     1    13     2     3
  1.4184731511482900E+00 a      1004     1    13     2     4
  2.5200206532198194E-01 a      1005     1    13     2     5
  1.5999062200014373E+00 a      1006     1    13     2     6
 -6.5605761907038296E-01 a      1007     1    13     2     7
 -2.9339760226199973E-01 a      1008     1    13     2     8
 -9.7535740270225335E-01 a      1009     1    13     2     9
 -3.3644699672703327E-01 a      1010     1    13     2    10
 -3.4295478788831901E+00 a      1011     1    13     2    11
 -1.6149589394459292E+00 a      1012     1    13     2    12
 -6.6783227087365638E-01 a      1013     1    13     2    13
 -8.1891824672412872E-01 a      1014     1    13     2    14
  4.7634786837531218E-01 a      1015     1    13     2    15
  8.2741458210390439E-01 a      1016     1    13     2    16
  6.4488518892848123E-01 a      1017     1    13     2    17
 -2.0247928504101229E+00 a      1018     1    13     2    18
  1.5825758641276173E+00 a      1019     1    13     2    19
 -7.6036650878709766E-01 a      1020     1    13     2    20
  1.1663969363089681E+00 a      1021     1    13     2    21
  2.2646830848104504E+00 a      1022     1    13     2    22
 -4.6258620848473875E-02 a      1023     1    13     2    23
 -1.0043625615344363E+00 a      1024     1    13     2    24
  6.7161085957437944E-02 a      1025     1    13     2    25
  1.9704496984401415E-01 a      1026     1    14     2     1
 -6.5209984072918292E-01 a      1027     1    14     2     2
  1.6635127084049231E-01 a      1028     1    14     2     3
  1.2474100104437723E-01 a      1029     1    14     2     4
 -9.8108008875299402E-01 a      1030     1    14     2     5
 -8.2476945397857038E-01 a      1031     1    14     2     6
 -8.6637019853672592E-01 a      1032     1    14     2     7
 -7.4138708662182518E-01 a      1033     1    14     2     8
 -5.1665359533844935E-01 a      1034     1    14     2     9
 -8.7594124526743855E-01 a      1035     1    14     2    10
 -2.4702676596046441E-02 a      1036     1    14     2    11
 -1.3012408314094562E-01 a      1037     1    14     2    12
 -4.4086113375917113E-02 a      1038     1    14     2    13
 -1.0579443710318046E+00 a      1039     1    14     2    14
  8.1350160008147682E-02 a      1040     1    14     2    15
  2.7149683368689937E-02 a      1041     1    14     2    16
  4.4019481916888947E-01 a      1042     1    14     2    17
 -3.3255538590276501E-01 a      1043     1    14     2    18
  1.5738263453801560E-01 a      1044     1    14     2    19
 -4.2189652378270026E-01 a      1045     1    14     2    20
  1.6026775772165021E+00 a      1046     1    14     2    21
  2.3282913245817425E+00 a      1047     1    14     2    22
  7.8448294631682958E-01 a      1048     1    14     2    23
  4.7832413268917917E-01 a      1049     1    14     2    24
  4.7165509959939167E-01 a      1050     1    14     2    25
 -3.2906545123692332E+00 a      1051     1    15     2     1
  7.8952068159384570E-01 a      1052     1    15     2     2
 -1.4916749205900461E+00 a      1053     1    15     2     3
  3.6876256294803458E+00 a      1054     1    15     2     4
 -6.1449882641432862E-01 a      1055     1    15     2     5
 -4.2433828877917898E+00 a      1056     1    15     2     6
  1.5879220078532343E+00 a      1057     1    15     2     7
  2.4268354541366239E+00 a      1058     1    15     2     8
  6.1911002866433338E-03 a      1059     1    15     2     9
 -3.6990730193318272E-01 a      1060     1    15     2    10
 -4.5584760334218384E+00 a      1061     1    15     2    11
 -2.0673805025145781E-01 a      1062     1    15     2    12
  1.0184714174293582E+01 a      1063     1    15     2    13
  1.7371148661583465E+01 a      1064     1    15     2    14
 -7.5663609012936772E-01 a      1065     1    15     2    15
 -1.7030983922339119E-01 a      1066     1    15     2    16
 -6.6741945340026226E-02 a      1067     1    15     2    17
 -6.4377127796654721E-01 a      1068     1    15     2    18
  3.2008607773641712E-01 a      1069     1    15     2    19
  2.7101057139606648E+00 a      1070     1    15     2    20
 -7.0885923001546480E-01 a      1071     1    15     2    21
  2.2120296953103900E+00 a      1072     1    15     2    22
  4.3582350510722351E-01 a      1073     1    15     2    23
 -3.3519044721095161E+00 a      1074     1    15     2    24
 -5.7380515726132963E-01 a      1075     1    15     2    25
  9.0680788611656098E+00 a      1076     1    16     2     1
  2.0731101784070618E+00 a      1077     1    16     2     2
  1.8044507788350739E+00 a      1078     1    16     2     3
  2.3292134434112255E-01 a      1079     1    16     2     4
  1.2864823840232746E+00 a      1080     1    16     2     5
  1.6864853579498136E+00 a      1081     1    16     2     6
  2.8106571041552249E+00 a      1082     1    16     2     7
  8.8353000382490998E-01 a      1083     1    16     2     8
  2.3344772426814626E+00 a      1084     1    16     2     9
  5.2075624088186538E+00 a      1085     1    16     2    10
  3.2171141104616705E+00 a      1086     1    16     2    11
 -1.6810782785737877E+00 a      1087     1    16     2    12
 -4.3978074446480570E-01 a      1088     1    16     2    13
  2.5674450531576318E+00 a      1089     1    16     2    14
  2.1399141662722077E+00 a      1090     1    16     2    15
 -2.4942115883054639E+00 a      1091     1    16     2    16
 -2.1706892598085950E+00 a      1092     1    16     2    17
  5.4359535570553748E+00 a      1093     1    16     2    18
 -1.9887206327303530E+00 a      1094     1    16     2    19
 -3.2433780354243873E+00 a      1095     1    16     2    20
 -5.4957002414145997E+00 a      1096     1    16     2    21
 -2.7391095154172089E+00 a      1097     1    16     2    22
 -2.8636425375178804E+00 a      1098     1    16     2    23
  4.9467919544497363E+00 a      1099     1    16     2    24
 -1.4480199393917002E+00 a      1100     1    16     2    25
  2.4354787735112247E+00 a      1101     1    17     2     1
  4.7471821253184693E-01 a      1102     1    17     2     2
 -1.6296634802577274E+00 a      1103     1    17     2     3
 -8.6151219532860477E+00 a      1104     1    17     2     4
 -1.5798596382067188E-02 a      1105     1    17     2     5
 -9.0345385255857895E+00 a      1106     1    17     2     6
  3.0296027908932333E+00 a      1107     1    17     2     7
 -1.8084294007883686E+00 a      1108     1    17     2     8
  2.4964754078849478E+00 a      1109     1    17     2     9
  3.6346854970588947E+00 a      1110     1    17     2    10
 -1.9375618985090066E+00 a      1111     1    17     2    11
 -3.7564143101065341E+00 a      1112     1    17     2    12
 -4.0117252824759477E+00 a      1113     1    17     2    13
 -3.9107775113939112E+00 a      1114     1    17     2    14
 -1.1851022037977375E+00 a      1115     1    17     2    15
  4.7011481885236506E-01 a      1116     1    17     2    16
  9.1179082206771311E-01 a      1117     1    17     2    17
 -5.7634792697457549E+00 a      1118     1    17     2    18
 -6.8907308721059735E-01 a      1119     1    17     2    19
 -4.7306254417842615E+00 a      1120     1    17     2    20
 -1.1516307801023591E+00 a      1121     1    17     2    21
  7.4793234891063882E+00 a      1122     1    17     2    22
  8.6876155021860568E-01 a      1123     1    17     2    23
 -3.4854952799468752E+00 a      1124     1    17     2    24
 -2.1701592061308124E+00 a      1125     1    17     2    25
 -1.2286310436428876E+00 a      1126     1    18     2     1
  1.7469866378734402E+00 a      1127     1    18     2     2
  6.2697526453854446E-01 a      1128     1    18     2     3
  4.9586413219892851E+00 a      1129     1    18     2     4
 -4.5531797582341110E-01 a      1130     1    18     2     5
 -1.0806586292849423E+00 a      1131     1    18     2     6
 -7.3753280942794586E-01 a      1132     1    18     2     7
 -1.5143334328280325E+00 a      1133     1    18     2     8
 -7.9021048889660173E-01 a      1134     1    18     2     9
  7.9090653143366407E-01 a      1135     1    18     2    10
  6.7006545764427701E+00 a      1136     1    18     2    11
 -3.7214990985869245E-01 a      1137     1    18     2    12
  9.7738975853772248E-01 a      1138     1    18     2    13
  4.1947674329742052E-01 a      1139     1    18     2    14
  3.5783747469920840E-01 a      1140     1    18     2    15
 -1.0010473969063445E+00 a      1141     1    18     2    16
 -2.4730279201366517E-01 a      1142     1    18     2    17
  1.3852842506315866E+00 a      1143     1    18     2    18
 -2.5641923665530769E-01 a      1144     1    18     2    19
 -2.3495459672607772E+00 a      1145     1    18     2    20
 -2.2418124371065981E-01 a      1146     1    18     2    21
 -6.1977055048596714E+00 a      1147     1    18     2    22
 -5.6987756590939331E-01 a      1148     1    18     2    23
  5.6605150513529354E+00 a      1149     1    18     2    24
  1.0334733495196735E-01 a      1150     1    18     2    25
 -1.5572132325886529E-01 a      1151     1    19     2     1
  5.6358962811368829E-01 a      1152     1    19     2     2
  7.7379021741101139E-01 a      1153     1    19     2     3
 -4.9732059146722851E-01 a      1154     1    19     2     4
 -1.8039372561560982E+00 a      1155     1    19     2     5
 -5.1361243961823573E-02 a      1156     1    19     2     6
 -1.0958721275583070E+00 a      1157     1    19     2     7
 -1.1055748958386694E-01 a      1158     1    19     2     8
  1.6380322143859000E-01 a      1159     1    19     2     9
  1.4713524079863458E+00 a      1160     1    19     2    10
  6.4310876304218403E-02 a      1161     1    19     2    11
 -7.9524108531002458E-01 a      1162     1    19     2    12
 -9.3562296184546268E-01 a      1163     1    19     2    13
 -1.0525174991128607E+00 a      1164     1    19     2    14
  3.3639408123522307E-01 a      1165     1    19     2    15
  5.9134436624740960E-01 a      1166     1    19     2    16
  1.8201579881442573E+00 a      1167     1    19     2    17
  6.5018945319041821E-01 a      1168     1    19     2    18
  1.5048788810922378E+00 a      1169     1    19     2    19
 -1.5644035427676641E+00 a      1170     1    19     2    20
 -1.2615046024632739E+00 a      1171     1    19     2    21
 -6.7817553476207837E-01 a      1172     1    19     2    22
 -2.7367946233685586E-01 a      1173     1    19     2    23
 -3.5928730136093860E+00 a      1174     1    19     2    24
  8.7078521602976433E-01 a      1175     1    19     2    25
 -9.0210206218006250E-01 a      1176     1    20     2     1
 -2.5825547757154577E-01 a      1177     1    20     2     2
  7.8294194026453157E-01 a      1178     1    20     2     3
 -5.3653397451997342E-01 a      1179     1    20     2     4
  7.9508889961306317E-01 a      1180     1    20     2     5
 -1.2677166204845360E+00 a      1181     1    20     2     6
 -1.2151783719025395E+00 a      1182     1    20     2     7
 -4.2949364006745183E+00 a      1183     1    20     2     8
 -3.9568528742684128E-01 a      1184     1    20     2     9
 -2.0723337348249657E+00 a      1185     1    20     2    10
  4.3634542335928089E-01 a      1186     1    20     2    11
  1.6406049521469559E+00 a      1187     1    20     2    12
  8.2599263744197471E-01 a      1188     1    20     2    13
 -1.7443792602270103E+00 a      1189     1    20     2    14
 -6.8799599813787671E-01 a      1190     1    20     2    15
 -5.5333280928147477E-01 a      1191     1    20     2    16
 -1.5263553688798142E+00 a      1192     1    20     2    17
  4.4185652287126564E-01 a      1193     1    20     2    18
 -8.4668952719672907E-01 a      1194     1    20     2    19
  4.9224929650998966E-01 a      1195     1    20     2    20
  1.1976381538084844E+00 a      1196     1    20     2    21
  3.0594036230723196E+00 a      1197     1    20     2    22
  5.2179402501806871E-01 a      1198     1    20     2    23
  2.5833005332593646E+00 a      1199     1    20     2    24
  6.5514921374380419E-01 a      1200     1    20     2    25
 -5.9805219126919995E-01 a      1201     1    21     2     1
 -4.8534662144575433E+00 a      1202     1    21     2     2
 -2.6312140761680443E+00 a      1203     1    21     2     3
 -4.7051461826092771E+00 a      1204     1    21     2     4
 -4.6467303227711920E-02 a      1205     1    21     2     5
  3.4168975398364885E+00 a      1206     1    21     2     6
  2.0848991035017304E+00 a      1207     1    21     2     7
 -1.9287437882200738E+00 a      1208     1    21     2     8
  1.9376799820525134E-02 a      1209     1    21     2     9
 -1.2938726108985316E-01 a      1210     1    21     2    10
 -7.1995546850334122E+00 a      1211     1    21     2    11
  3.5037134930593161E-01 a      1212     1    21     2    12
 -5.3594776180666335E+00 a      1213     1    21     2    13
  2.3645849143938986E+00 a      1214     1    21     2    14
  2.8924707011079742E+00 a      1215     1    21     2    15
  2.6821164996407423E+00 a      1216     1    21     2    16
 -2.8930072200795726E-01 a      1217     1    21     2    17
  1.6435609416446140E+00 a      1218     1    21     2    18
  3.8049472675063485E+00 a      1219     1    21     2    19
 -1.3473369208366865E+00 a      1220     1    21     2    20
  6.7283254540345616E-01 a      1221     1    21     2    21
 -2.4715886318407376E+00 a      1222     1    21     2    22
 -4.0801303938528372E-01 a      1223     1    21     2    23
  1.7905791610233996E+00 a      1224     1    21     2    24
  3.3666159534629081E-01 a      1225     1    21     2    25
 -3.5704050298992879E-01 a      1226     1    22     2     1
  1.6044454838151074E+00 a      1227     1    22     2     2
  1.8309285075388047E+00 a      1228     1    22     2     3
  1.4232610227772686E+00 a      1229     1    22     2     4
  1.3164579154922790E-01 a      1230     1    22     2     5
  2.0955227730085384E+00 a      1231     1    22     2     6
 -4.4100176280896952E-01 a      1232     1    22     2     7
  2.7918392306650208E-01 a      1233     1    22     2     8
 -1.7251920345183872E-01 a      1234     1    22     2     9
  6.1810168063050741E-01 a      1235     1    22     2    10
  8.9553734439644461E-01 a      1236     1    22     2    11
 -4.3955900813273836E-02 a      1237     1    22     2    12
  2.5316897392481125E-01 a      1238     1    22     2    13
  7.6455400394695983E-01 a      1239     1    22     2    14
  6.6460954818897500E-01 a      1240     1    22     2    15
 -1.6333784592809492E-01 a      1241     1    22     2    16
 -6.4247844490453798E-01 a      1242     1    22     2    17
  4.3252857629036184E-01 a      1243     1    22     2    18
  3.4615983350151602E-01 a      1244     1    22     2    19
  4.6910666783622518E-01 a      1245     1    22     2    20
 -3.1902333734857069E-01 a      1246     1    22     2    21
 -2.2775968859426015E+00 a      1247     1    22     2    22
 -8.4601122668415507E-01 a      1248     1    22     2    23
 -2.0319514746479554E+00 a      1249     1    22     2    24
  5.3619294076135793E-01 a      1250     1    22     2    25
 -2.1748498172877322E+00 a      1251     1    23     2     1
  1.3929942393168322E+00 a      1252     1    23     2     2
  4.3866329128445203E-01 a      1253     1    23     2     3
  2.4376637360147979E-01 a      1254     1    23     2     4
  1.8643802248573866E+00 a      1255     1    23     2     5
 -4.3206960754986046E-01 a      1256     1    23     2     6
  2.0877738063829070E+00 a      1257     1    23     2     7
 -1.1209327803475806E+00 a      1258     1    23     2     8
  7.9072858008584235E-01 a      1259     1    23     2     9
  6.0871205247557424E-02 a      1260     1    23     2    10
 -1.0142555628659340E+00 a      1261     1    23     2    11
 -1.3690077832325240E-01 a      1262     1    23     2    12
 -3.5199792209420588E-01 a      1263     1    23     2    13
  1.1018693906102877E+00 a      1264     1    23     2    14
  1.2571835015809831E+00 a      1265     1    23     2    15
  7.6278209098757221E-01 a      1266     1    23     2    16
 -1.3694583773797322E+00 a      1267     1    23     2    17
  5.4106519319754243E-01 a      1268     1    23     2    18
 -5.9246876659199077E-01 a      1269     1    23     2    19
  4.5236522139104468E-01 a      1270     1    23     2    20
  1.2548268830221938E+00 a      1271     1    23     2    21
  1.5933295335112325E+00 a      1272     1    23     2    22
 -3.5499956491200502E-01 a      1273     1    23     2    23
  2.5916720149880107E-01 a      1274     1    23     2    24
 -8.6579263971539888E-01 a      1275     1    23     2    25
 -1.3240860233200806E+00 a      1276     1    24     2     1
 -8.5094864056791331E-01 a      1277     1    24     2     2
  2.7129703899631269E-01 a      1278     1    24     2     3
  3.4417137985914459E-01 a      1279     1    24     2     4
 -1.3671692094260984E-01 a      1280     1    24     2     5
 -9.5579388071074556E-01 a      1281     1    24     2     6
  7.9104062079744641E-01 a      1282     1    24     2     7
 -1.5695305474451662E+00 a      1283     1    24     2     8
  1.0419526445992762E-01 a      1284     1    24     2     9
  1.0674224768363284E-01 a      1285     1    24     2    10
 -1.7425864281256384E-01 a      1286     1    24     2    11
  8.5001502447507515E-01 a      1287     1    24     2    12
 -3.4633104175780755E-01 a      1288     1    24     2    13
  3.2150262385622246E+00 a      1289     1    24     2    14
  3.2606754868796101E-01 a      1290     1    24     2    15
  2.9473669446071699E-01 a      1291     1    24     2    16
  2.7969618668762208E-01 a      1292     1    24     2    17
  5.6445041988182239E-02 a      1293     1    24     2    18
  6.5086372924362534E-01 a      1294     1    24     2    19
  1.1409209775953832E+00 a      1295     1    24     2    20
  7.5137293541252725E-01 a      1296     1    24     2    21
 -2.0413999490761094E+00 a      1297     1    24     2    22
  3.1890756889375155E-01 a      1298     1    24     2    23
 -3.3621707746249618E+00 a      1299     1    24     2    24
  5.4158232999000355E-01 a      1300     1    24     2    25
  1.9123553087518741E+00 a      1301     1    25     2     1
  1.4739670841016289E-01 a      1302     1    25     2     2
 -8.6145349226656132E-01 a      1303     1    25     2     3
 -4.7994690649135696E-01 a      1304     1    25     2     4
 -4.8047585864008668E-01 a      1305     1    25     2     5
  6.0566428683388673E-01 a      1306     1    25     2     6
  2.0861826857600305E+00 a      1307     1    25     2     7
  1.9557971755713338E-01 a      1308     1    25     2     8
 -4.0542648651671802E-03 a      1309     1    25     2     9
 -2.7251956864148008E-01 a      1310     1    25     2    10
 -2.6632023177725084E+00 a      1311     1    25     2    11
 -8.0792711504761761E-01 a      1312     1    25     2    12
 -8.0345687755062756E-01 a      1313     1    25     2    13
 -1.9857886623511384E-01 a      1314     1    25     2    14
  9.5367956452866065E-01 a      1315     1    25     2    15
  7.9795275838757773E-01 a      1316     1    25     2    16
 -3.1476087323817070E-01 a      1317     1    25     2    17
 -7.1039373102606351E-01 a      1318     1    25     2    18
  2.1870289062063488E-03 a      1319     1    25     2    19
 -7.7111453815885589E-01 a      1320     1    25     2    20
  1.6113873693736383E-01 a      1321     1    25     2    21
 -1.5059112820744597E-01 a      1322     1    25     2    22
  5.4225818190580433E-01 a      1323     1    25     2    23
  8.7058430394654251E-01 a      1324     1    25     2    24
 -5.1768203627804377E-01 a      1325     1    25     2    25
 -3.2041063827407146E+00 b      1326     2     1
 -2.8847026941871725E+00 b      1327     2     2
  2.3230386158562797E+00 b      1328     2     3
  3.7206682498830830E+00 b      1329     2     4
 -9.2744418006585594E-01 b      1330     2     5
 -2.6813552774324605E+00 b      1331     2     6
  1.3682729652092276E+00 b      1332     2     7
 -3.0824123413850133E+00 b      1333     2     8
 -2.0104663185282936E+00 b      1334     2     9
 -2.4595870904824384E+00 b      1335     2    10
 -1.2320407587695408E+00 b      1336     2    11
 -1.5480900236327662E+00 b      1337     2    12
 -1.9615105991403594E+00 b      1338     2    13
  8.4396453482026246E+00 b      1339     2    14
 -6.9706630413139630E+00 b      1340     2    15
  5.4477052637482553E+00 b      1341     2    16
  7.9405195219002671E+00 b      1342     2    17
  6.7373839250612386E+00 b      1343     2    18
  1.1346738067480822E+00 b      1344     2    19
 -1.7033761281604907E+01 b      1345     2    20
  2.8156320729764857E+00 b      1346     2    21
  1.7913285608684919E+01 b      1347     2    22
  2.5067858481289584E+00 b      1348     2    23
  3.3681232192770318E+00 b      1349     2    24
  1.8340314766897254E+00 b      1350     2    25
  9.9414803885548486E-01 a      1351     2     1     3     1
 -1.9358043416235353E+00 a      1352     2     2     3     1
 -1.2893482432377565E+00 a      1353     2     3     3     1
  9.2879493554287351E-01 a      1354     2     4     3     1
  1.0356216632780904E+00 a      1355     2     5     3     1
  3.8300001038774059E+00 a      1356     2     6     3     1
 -6.4403014114148194E-01 a      1357     2     7     3     1
 -2.1355216884748351E+00 a      1358     2     8     3     1
 -1.8073243463084310E+00 a      1359     2     9     3     1
 -1.0320276436693936E+00 a      1360     2    10     3     1
 -6.2155073673164352E-01 a      1361     2    11     3     1
  1.9246312473866034E+00 a      1362     2    12     3     1
  2.6704286073881818E+00 a      1363     2    13     3     1
  7.7829895463367134E+00 a      1364     2    14     3     1
 -1.3016348718225683E+00 a      1365     2    15     3     1
  1.1547453454248406E+00 a      1366     2    16     3     1
  2.0068534582667352E+00 a      1367     2    17     3     1
 -6.9839981349303137E-01 a      1368     2    18     3     1
  2.8803407037315041E+00 a      1369     2    19     3     1
 -3.1594083637054032E-01 a      1370     2    20     3     1
  2.1870014002827936E+00 a      1371     2    21     3     1
  3.2984758310978282E+00 a      1372     2    22     3     1
  1.8925049525720037E+00 a      1373     2    23     3     1
  5.7567976636907692E-01 a      1374     2    24     3     1
  1.6192133181511468E+00 a      1375     2    25     3     1
  9.7279991973533484E+00 b      1376     3     1
