################################################################################
# Neural network connection values (weights and biases).
################################################################################
# Col  Name       Description
################################################################################
# 1    connection Neural network connection value.
# 2    t          Connection type (a = weight, b = bias).
# 3    index      Index enumerating weights.
# 4    l_s        Starting point layer (end point layer for biases).
# 5    n_s        Starting point neuron in starting layer (end point neuron for biases).
# 6    l_e        End point layer.
# 7    n_e        End point neuron in end layer.
################################################################################
#                      1 2         3     4     5     6     7
#             connection t     index   l_s   n_s   l_e   n_e
############################################################
  8.8007181890239696E+00 a         1     0     1     1     1
  7.3308306202561839E+00 a         2     0     1     1     2
 -8.4945101010747628E+00 a         3     0     1     1     3
  8.2355218276776365E-01 a         4     0     1     1     4
  2.5831854850786131E+00 a         5     0     1     1     5
 -6.3619413400795963E+00 a         6     0     1     1     6
  1.3939309317818589E+00 a         7     0     1     1     7
  1.2279791968682868E+01 a         8     0     1     1     8
  3.7943671207490368E+00 a         9     0     1     1     9
 -1.3094047874856554E+00 a        10     0     1     1    10
  1.9049648599315724E+01 a        11     0     1     1    11
 -6.8031134899285384E+00 a        12     0     1     1    12
 -3.8698277395211056E+00 a        13     0     1     1    13
 -8.4070780887733221E-01 a        14     0     1     1    14
  1.5094910123673297E+00 a        15     0     1     1    15
  7.0841836025680811E+00 a        16     0     1     1    16
 -5.1416122661516974E+00 a        17     0     1     1    17
  6.8426122551106143E+00 a        18     0     1     1    18
  1.1090049732147655E+01 a        19     0     1     1    19
 -1.9274084371727959E-01 a        20     0     1     1    20
 -8.6543974459237116E+00 a        21     0     1     1    21
 -4.0150318228364492E+00 a        22     0     1     1    22
 -1.6693881042605476E+01 a        23     0     1     1    23
 -2.7348184888879081E+00 a        24     0     1     1    24
  8.5660041007003755E+00 a        25     0     1     1    25
  6.7240406728851987E+00 a        26     0     2     1     1
 -7.1464770412876701E+00 a        27     0     2     1     2
  1.3447504966362191E+01 a        28     0     2     1     3
 -2.9602909722671638E+00 a        29     0     2     1     4
 -6.2659826631985291E+00 a        30     0     2     1     5
 -1.2077824194042666E+01 a        31     0     2     1     6
  1.2799305001309060E+01 a        32     0     2     1     7
 -4.0485909936506532E+00 a        33     0     2     1     8
 -2.9966701782048779E+00 a        34     0     2     1     9
  7.5638486798113282E+00 a        35     0     2     1    10
 -1.0737994119191731E+01 a        36     0     2     1    11
  1.3577041111248251E+01 a        37     0     2     1    12
  4.6624331816703011E+00 a        38     0     2     1    13
  1.0486826476396480E+01 a        39     0     2     1    14
 -5.8044374797253591E+00 a        40     0     2     1    15
 -2.3104971126789469E+01 a        41     0     2     1    16
  1.1228491617973228E+01 a        42     0     2     1    17
  2.3859965148163070E+01 a        43     0     2     1    18
 -1.2267817853039936E+01 a        44     0     2     1    19
  5.0312619123650837E+00 a        45     0     2     1    20
  1.5624381824565530E+01 a        46     0     2     1    21
 -3.9276462144548345E+00 a        47     0     2     1    22
  2.7341891118452843E+01 a        48     0     2     1    23
 -6.0650868706078862E+00 a        49     0     2     1    24
 -2.8014734896346694E+00 a        50     0     2     1    25
 -1.8297760137250556E+01 a        51     0     3     1     1
 -7.5021245812161075E+00 a        52     0     3     1     2
  1.0156408844772917E+01 a        53     0     3     1     3
 -6.2693993688272984E+00 a        54     0     3     1     4
 -1.1909733548896571E+00 a        55     0     3     1     5
  8.0608690204260061E+00 a        56     0     3     1     6
 -9.3395745138069710E+00 a        57     0     3     1     7
 -8.6857364192561786E+00 a        58     0     3     1     8
 -5.0593268770055866E-01 a        59     0     3     1     9
  3.8465810618254670E+00 a        60     0     3     1    10
 -2.9149983851154946E+01 a        61     0     3     1    11
 -3.0117818922922077E+00 a        62     0     3     1    12
  9.6341356010384640E+00 a        63     0     3     1    13
 -1.9263604586732259E+00 a        64     0     3     1    14
  6.0878732536700564E-01 a        65     0     3     1    15
  1.5597207116213030E+00 a        66     0     3     1    16
  1.0850428220689162E+01 a        67     0     3     1    17
 -2.5813339518643396E+01 a        68     0     3     1    18
 -1.5585245925263779E+01 a        69     0     3     1    19
  3.0290851193828785E+00 a        70     0     3     1    20
  7.6699500910144396E+00 a        71     0     3     1    21
  4.3858452400979537E+00 a        72     0     3     1    22
  7.7733792643460298E+00 a        73     0     3     1    23
  1.2784864213323353E+01 a        74     0     3     1    24
 -1.2677626870246263E+01 a        75     0     3     1    25
 -2.1265081714128002E+01 a        76     0     4     1     1
  1.2406036954099429E+01 a        77     0     4     1     2
 -1.9636035632646117E+01 a        78     0     4     1     3
  9.0154517511268093E+00 a        79     0     4     1     4
  1.2358961245982499E+01 a        80     0     4     1     5
  3.0957920126773899E+01 a        81     0     4     1     6
 -1.7970084364664114E+01 a        82     0     4     1     7
 -5.5208808839932093E+00 a        83     0     4     1     8
 -1.7220634598423692E+00 a        84     0     4     1     9
 -1.5166901148458010E+01 a        85     0     4     1    10
  1.2048487480076755E+01 a        86     0     4     1    11
 -1.0163626807991085E+01 a        87     0     4     1    12
 -1.2505721364461966E+01 a        88     0     4     1    13
 -1.5517733456235584E+01 a        89     0     4     1    14
  2.5145149851325215E+00 a        90     0     4     1    15
  3.2548676062325562E+01 a        91     0     4     1    16
 -2.8759020848051517E+01 a        92     0     4     1    17
 -3.4563399659004126E+01 a        93     0     4     1    18
  1.4282708655964305E+01 a        94     0     4     1    19
 -1.2811457875245674E+01 a        95     0     4     1    20
 -2.0347685589882708E+01 a        96     0     4     1    21
  1.0124297027633506E+01 a        97     0     4     1    22
 -3.2516459951066814E+01 a        98     0     4     1    23
 -3.8624706390986843E+00 a        99     0     4     1    24
  2.0734994910669404E+00 a       100     0     4     1    25
  1.0146153878249498E+01 a       101     0     5     1     1
  1.5185507500931557E+01 a       102     0     5     1     2
  2.5434408281912617E+00 a       103     0     5     1     3
  1.0815558102918237E+01 a       104     0     5     1     4
 -5.6936939681547329E+00 a       105     0     5     1     5
 -9.1105283137171096E+00 a       106     0     5     1     6
  1.6798587977383320E+01 a       107     0     5     1     7
  1.5869859197337599E+00 a       108     0     5     1     8
 -1.1040119767005532E+00 a       109     0     5     1     9
 -7.0980322220159522E+00 a       110     0     5     1    10
  2.2265771215051856E+01 a       111     0     5     1    11
  1.3158725628803271E+01 a       112     0     5     1    12
 -9.5369219512260575E+00 a       113     0     5     1    13
  4.9770816738468859E+00 a       114     0     5     1    14
 -3.2260512922149958E+00 a       115     0     5     1    15
 -1.4341008085255078E+01 a       116     0     5     1    16
 -3.6815394346503743E+00 a       117     0     5     1    17
  3.4846352757484304E+01 a       118     0     5     1    18
  1.4263546752390624E+01 a       119     0     5     1    19
  2.7427373070432934E+00 a       120     0     5     1    20
 -9.3282522227082918E+00 a       121     0     5     1    21
  8.7612895847613592E-01 a       122     0     5     1    22
 -6.5546328716602709E-01 a       123     0     5     1    23
 -4.4156123658765836E+00 a       124     0     5     1    24
  2.1493619723056021E+00 a       125     0     5     1    25
  3.0451627245050627E+01 a       126     0     6     1     1
 -1.7069728735197238E+01 a       127     0     6     1     2
  6.2095633544353195E+00 a       128     0     6     1     3
  6.0746272666616662E-02 a       129     0     6     1     4
 -6.0815719488376319E+00 a       130     0     6     1     5
 -3.0114648051061049E+01 a       131     0     6     1     6
 -2.8586645492496956E+00 a       132     0     6     1     7
  1.1768887977614130E+01 a       133     0     6     1     8
  9.1369913165008487E+00 a       134     0     6     1     9
  9.1213031965756137E+00 a       135     0     6     1    10
 -7.4628996881517846E+00 a       136     0     6     1    11
 -6.7245284482840688E+00 a       137     0     6     1    12
  1.1151460199726920E+01 a       138     0     6     1    13
 -1.9261452657011484E+00 a       139     0     6     1    14
  1.2885443085135202E+01 a       140     0     6     1    15
 -1.2525223084158309E+01 a       141     0     6     1    16
  3.9642160212032671E+01 a       142     0     6     1    17
  1.2067252328866127E+01 a       143     0     6     1    18
 -2.4698892035053732E+00 a       144     0     6     1    19
  1.3436838479133501E+01 a       145     0     6     1    20
  7.2278731132112153E+00 a       146     0     6     1    21
 -1.3899580606630673E+01 a       147     0     6     1    22
  2.2977751754336275E+01 a       148     0     6     1    23
  6.8227547840967357E+00 a       149     0     6     1    24
  3.9567519692990669E+00 a       150     0     6     1    25
 -2.7831553752425986E+00 a       151     0     7     1     1
 -2.1605770135444647E+01 a       152     0     7     1     2
 -7.1373443408412989E+00 a       153     0     7     1     3
 -8.7599011527302899E+00 a       154     0     7     1     4
  9.4525433340969711E-01 a       155     0     7     1     5
  4.6715819911650813E+00 a       156     0     7     1     6
 -7.8570691259530143E+00 a       157     0     7     1     7
  1.5366455284266465E+01 a       158     0     7     1     8
 -2.1164581972199965E+00 a       159     0     7     1     9
  9.5260021345430292E+00 a       160     0     7     1    10
 -1.2182990215722192E+01 a       161     0     7     1    11
 -2.0999996934663021E+00 a       162     0     7     1    12
  5.8825057893992367E+00 a       163     0     7     1    13
 -1.6032215999167052E+00 a       164     0     7     1    14
 -1.7587331713399759E+00 a       165     0     7     1    15
  1.3670778057942101E+01 a       166     0     7     1    16
 -5.3652156557368336E-01 a       167     0     7     1    17
 -2.7681753636340304E+01 a       168     0     7     1    18
 -1.4111407851264627E+01 a       169     0     7     1    19
 -5.4364347373333537E+00 a       170     0     7     1    20
  9.8198548728162702E+00 a       171     0     7     1    21
 -5.5393141437906435E+00 a       172     0     7     1    22
 -2.2272128819680779E+00 a       173     0     7     1    23
 -9.1827052171746881E-01 a       174     0     7     1    24
 -4.5804768119703283E+00 a       175     0     7     1    25
  1.5614396697161619E+00 a       176     0     8     1     1
  1.4939644992613514E+00 a       177     0     8     1     2
 -2.7547110574133921E+01 a       178     0     8     1     3
 -1.8492626973113929E+01 a       179     0     8     1     4
 -2.3922735622116534E+01 a       180     0     8     1     5
  7.5230111016938190E+00 a       181     0     8     1     6
  9.5976703934026375E+00 a       182     0     8     1     7
 -1.4476180559092793E+01 a       183     0     8     1     8
 -7.8522800762677969E+00 a       184     0     8     1     9
  2.9167524987296756E+00 a       185     0     8     1    10
 -1.3656838767584613E+01 a       186     0     8     1    11
 -5.3877022046665788E+00 a       187     0     8     1    12
  1.2407759797586837E+00 a       188     0     8     1    13
 -1.4353977754045728E+01 a       189     0     8     1    14
 -2.6347531559907145E-01 a       190     0     8     1    15
 -6.9338543558274282E+00 a       191     0     8     1    16
 -3.0268881470479013E+01 a       192     0     8     1    17
  1.0528065528569384E+01 a       193     0     8     1    18
 -1.0218846621327687E+01 a       194     0     8     1    19
  7.0102235380614566E+00 a       195     0     8     1    20
  2.2801516710118084E+00 a       196     0     8     1    21
  1.2481547610521682E+01 a       197     0     8     1    22
 -1.8005291801416927E+01 a       198     0     8     1    23
 -5.9872343155378429E+00 a       199     0     8     1    24
  4.1628255937896441E-01 a       200     0     8     1    25
 -1.4582991855005365E+00 a       201     0     9     1     1
  1.4019467102367965E+01 a       202     0     9     1     2
  5.6129980579463759E+00 a       203     0     9     1     3
 -3.1294505653625670E-01 a       204     0     9     1     4
  6.3920320654419784E+00 a       205     0     9     1     5
  1.2751400132060164E+00 a       206     0     9     1     6
  5.0099410142317016E+00 a       207     0     9     1     7
 -3.0767805737079139E+00 a       208     0     9     1     8
  2.2995296082505483E+00 a       209     0     9     1     9
 -3.2259931044912615E-01 a       210     0     9     1    10
  7.6682046272568956E+00 a       211     0     9     1    11
  1.4219725983124072E+00 a       212     0     9     1    12
 -5.6107909250827888E+00 a       213     0     9     1    13
 -6.3720945416655725E+00 a       214     0     9     1    14
 -1.0438365250306875E-01 a       215     0     9     1    15
 -2.6848401694682393E+00 a       216     0     9     1    16
  3.5156685499737623E+00 a       217     0     9     1    17
  1.2890216608919641E+01 a       218     0     9     1    18
  1.1247190803673254E+01 a       219     0     9     1    19
  1.2127142095724825E+00 a       220     0     9     1    20
 -1.0109930561300381E+01 a       221     0     9     1    21
 -4.7212694707746072E+00 a       222     0     9     1    22
  2.2540107425617677E+00 a       223     0     9     1    23
  8.0435766323645694E+00 a       224     0     9     1    24
 -2.5137372780491964E+00 a       225     0     9     1    25
 -1.0821010490293320E+01 a       226     0    10     1     1
  9.0410650437819182E+00 a       227     0    10     1     2
  1.5871560198875235E+01 a       228     0    10     1     3
  1.9330594119548867E+00 a       229     0    10     1     4
  7.1476696332327432E+00 a       230     0    10     1     5
  6.5704553565626540E+00 a       231     0    10     1     6
 -3.3098732003602285E+00 a       232     0    10     1     7
  7.9257134144975447E+00 a       233     0    10     1     8
 -2.5402400865143582E+00 a       234     0    10     1     9
 -6.1723252927305916E-01 a       235     0    10     1    10
  7.3567971724620005E+00 a       236     0    10     1    11
  8.4552686663937582E+00 a       237     0    10     1    12
 -6.1462161191899130E+00 a       238     0    10     1    13
  8.6116898575294574E+00 a       239     0    10     1    14
 -9.4243886036028002E+00 a       240     0    10     1    15
  2.3914959004887142E+00 a       241     0    10     1    16
 -2.1994248399040708E+00 a       242     0    10     1    17
 -2.2561864717651363E+00 a       243     0    10     1    18
  2.1792034206519642E+00 a       244     0    10     1    19
 -6.4586391420657323E+00 a       245     0    10     1    20
  1.5970659463668457E+00 a       246     0    10     1    21
 -2.6834868592400665E+00 a       247     0    10     1    22
  3.6679455308136482E+00 a       248     0    10     1    23
 -4.2295364460049587E+00 a       249     0    10     1    24
 -1.4440620565552755E+00 a       250     0    10     1    25
  1.3741726955802818E+00 a       251     0    11     1     1
 -5.2529445377952566E+00 a       252     0    11     1     2
 -2.6913698645709809E+00 a       253     0    11     1     3
  7.1190414737096708E-01 a       254     0    11     1     4
 -2.9307071012272483E+00 a       255     0    11     1     5
  3.3803066502339170E+00 a       256     0    11     1     6
  2.3638385507638087E+00 a       257     0    11     1     7
 -7.0326653662986449E-01 a       258     0    11     1     8
 -6.8291103507673900E-01 a       259     0    11     1     9
 -3.5374638743185218E+00 a       260     0    11     1    10
 -3.1814120629176490E-01 a       261     0    11     1    11
 -1.7890830188423465E-01 a       262     0    11     1    12
 -3.0011652917713816E-01 a       263     0    11     1    13
  4.9874368339475987E+00 a       264     0    11     1    14
  1.2534853807579096E+00 a       265     0    11     1    15
  3.0576511822243480E+00 a       266     0    11     1    16
 -1.7302033368245602E+00 a       267     0    11     1    17
 -8.4957664873540857E+00 a       268     0    11     1    18
 -7.1463104423465511E+00 a       269     0    11     1    19
 -6.7798461214549677E-01 a       270     0    11     1    20
  2.9509565466104171E+00 a       271     0    11     1    21
  3.3817297715313273E+00 a       272     0    11     1    22
  1.3085353710960808E+00 a       273     0    11     1    23
 -5.7583204648492767E+00 a       274     0    11     1    24
  1.6733181204938654E+00 a       275     0    11     1    25
  3.0557594055369419E+00 a       276     0    12     1     1
 -4.5732899404188210E+00 a       277     0    12     1     2
 -4.1491610296266535E+00 a       278     0    12     1     3
  3.8237434764878300E+00 a       279     0    12     1     4
  3.1275209290653336E+00 a       280     0    12     1     5
  1.1361362483029573E+00 a       281     0    12     1     6
  1.2081952519080625E+00 a       282     0    12     1     7
 -3.6647950088238841E+00 a       283     0    12     1     8
  5.0764146198832627E+00 a       284     0    12     1     9
 -6.3037068604767388E-01 a       285     0    12     1    10
  3.1940320905379749E-01 a       286     0    12     1    11
 -5.8488867198006460E+00 a       287     0    12     1    12
  3.4047902938777632E+00 a       288     0    12     1    13
  3.5969072951602814E+00 a       289     0    12     1    14
  7.5065517261560375E+00 a       290     0    12     1    15
  2.7676412619998816E+00 a       291     0    12     1    16
  3.4654324591001160E+00 a       292     0    12     1    17
 -3.5735136506287817E+00 a       293     0    12     1    18
 -3.9122572437278951E+00 a       294     0    12     1    19
  9.2454589199481393E-02 a       295     0    12     1    20
  2.5502498540723995E+00 a       296     0    12     1    21
  3.9743040493899837E+00 a       297     0    12     1    22
 -1.7665259017269583E+00 a       298     0    12     1    23
  2.5243114598334571E+00 a       299     0    12     1    24
  5.2013145255170445E-01 a       300     0    12     1    25
 -4.7990046211111768E-02 a       301     0    13     1     1
  1.7430931796598081E+00 a       302     0    13     1     2
  3.6346380911790677E+00 a       303     0    13     1     3
 -6.7219133370943129E-01 a       304     0    13     1     4
  1.8242150507625106E+00 a       305     0    13     1     5
  8.4138640876444501E-02 a       306     0    13     1     6
  4.4469149340993436E-01 a       307     0    13     1     7
 -4.4943674553221574E-01 a       308     0    13     1     8
  1.0793344842366057E+00 a       309     0    13     1     9
  2.8120407780670624E+00 a       310     0    13     1    10
  4.0200078620230162E-01 a       311     0    13     1    11
  1.4252000594464755E+00 a       312     0    13     1    12
 -1.2018117356167601E+00 a       313     0    13     1    13
 -4.0523871887783400E+00 a       314     0    13     1    14
 -9.3887401408047955E-01 a       315     0    13     1    15
 -1.7671014965284635E+00 a       316     0    13     1    16
 -4.1277994285709702E-01 a       317     0    13     1    17
  2.7352414972019310E+00 a       318     0    13     1    18
  3.1795887043067244E+00 a       319     0    13     1    19
  2.0519951963532437E+00 a       320     0    13     1    20
  1.3435267984542547E+00 a       321     0    13     1    21
 -1.1695358739010226E+00 a       322     0    13     1    22
 -9.7836200051532918E-01 a       323     0    13     1    23
  3.8750212107619624E+00 a       324     0    13     1    24
 -9.7666050371885627E-01 a       325     0    13     1    25
 -3.4427012642443193E+00 a       326     0    14     1     1
  5.4469394313173058E-01 a       327     0    14     1     2
  6.6433569539287101E+00 a       328     0    14     1     3
  1.0879621279005378E+00 a       329     0    14     1     4
  1.8906460177397162E+00 a       330     0    14     1     5
  1.9669249624526870E+00 a       331     0    14     1     6
 -4.0777436687771766E+00 a       332     0    14     1     7
  1.2221492979766890E+00 a       333     0    14     1     8
 -7.9393705328029140E-01 a       334     0    14     1     9
  3.1422917598810924E+00 a       335     0    14     1    10
 -1.3633632526841570E+00 a       336     0    14     1    11
  1.0787947476346007E+00 a       337     0    14     1    12
 -1.2261238480833412E+00 a       338     0    14     1    13
  6.4590334047322645E-02 a       339     0    14     1    14
 -1.9420675931793845E+00 a       340     0    14     1    15
 -2.2494269326539826E+00 a       341     0    14     1    16
 -3.4329514459052257E-01 a       342     0    14     1    17
  9.9410259417997882E-01 a       343     0    14     1    18
  2.1714539944494264E+00 a       344     0    14     1    19
 -9.0546526290353069E-01 a       345     0    14     1    20
 -5.1781125826939989E-01 a       346     0    14     1    21
 -7.2228822225043443E-01 a       347     0    14     1    22
  6.2898964150363212E-01 a       348     0    14     1    23
  2.8426447849074097E+00 a       349     0    14     1    24
 -8.1637859605410401E-01 a       350     0    14     1    25
  4.3623701262618227E-02 a       351     0    15     1     1
  2.0913239897675176E-01 a       352     0    15     1     2
 -9.8471287848513600E-01 a       353     0    15     1     3
  1.7588951458777642E+00 a       354     0    15     1     4
 -1.4611999514669113E-01 a       355     0    15     1     5
 -4.8286425102955374E-02 a       356     0    15     1     6
 -6.8787252950701472E-01 a       357     0    15     1     7
 -3.8470938902001700E-01 a       358     0    15     1     8
  8.9462878713848371E-01 a       359     0    15     1     9
 -1.5029775477164331E+00 a       360     0    15     1    10
  1.1147534589612160E+00 a       361     0    15     1    11
  3.3043768202690732E-01 a       362     0    15     1    12
  1.3080243553468536E+00 a       363     0    15     1    13
  2.0939234243010469E+00 a       364     0    15     1    14
  1.4250124593073514E+00 a       365     0    15     1    15
 -7.2569411958777752E-01 a       366     0    15     1    16
  2.9565163221603091E-01 a       367     0    15     1    17
 -7.2383130022118114E-01 a       368     0    15     1    18
  4.9414668037873971E-01 a       369     0    15     1    19
 -1.7465034883465951E+00 a       370     0    15     1    20
 -1.2372110439993951E+00 a       371     0    15     1    21
  1.4996236610211366E+00 a       372     0    15     1    22
  3.8222076640431885E-01 a       373     0    15     1    23
 -2.1901336012763157E+00 a       374     0    15     1    24
  1.7325837664497781E+00 a       375     0    15     1    25
  2.6075943910454347E-01 a       376     0    16     1     1
 -7.3463204449388564E-01 a       377     0    16     1     2
  1.1548678142658997E+00 a       378     0    16     1     3
  5.8632204995424086E-01 a       379     0    16     1     4
  1.3576158033473942E+00 a       380     0    16     1     5
  2.2813184277064674E-01 a       381     0    16     1     6
 -8.4796718904300528E-01 a       382     0    16     1     7
 -9.0828618197074873E-01 a       383     0    16     1     8
  4.0714012412348621E-01 a       384     0    16     1     9
 -1.0037715970527217E-01 a       385     0    16     1    10
  4.5773506573987993E-01 a       386     0    16     1    11
 -4.8498004859745930E-01 a       387     0    16     1    12
 -1.0824083589597226E+00 a       388     0    16     1    13
 -1.6250049608052922E-01 a       389     0    16     1    14
  1.3247639237740121E+00 a       390     0    16     1    15
  4.0012543991167515E-01 a       391     0    16     1    16
  4.7419861235234922E-01 a       392     0    16     1    17
  4.5544120652377174E-01 a       393     0    16     1    18
 -3.9272477757275209E-01 a       394     0    16     1    19
 -1.7183830416434025E+00 a       395     0    16     1    20
  8.9230398775509068E-01 a       396     0    16     1    21
  2.5189863312285865E-01 a       397     0    16     1    22
  9.0177966650863917E-01 a       398     0    16     1    23
 -3.0110117341529735E-01 a       399     0    16     1    24
  5.3793260647289887E-01 a       400     0    16     1    25
 -6.7754304128478742E+00 a       401     0    17     1     1
 -1.5203120711493030E+01 a       402     0    17     1     2
  6.8306729964333126E+00 a       403     0    17     1     3
  9.2759070820457410E+00 a       404     0    17     1     4
  5.0350847810378125E+00 a       405     0    17     1     5
 -5.6342898275191970E+00 a       406     0    17     1     6
 -4.7891330262163789E+00 a       407     0    17     1     7
  9.1647281371452305E+00 a       408     0    17     1     8
  2.2515127799785595E+00 a       409     0    17     1     9
 -9.9038104499000534E-01 a       410     0    17     1    10
  9.8655596014751179E+00 a       411     0    17     1    11
  1.3331717424344642E+00 a       412     0    17     1    12
  9.9068312343397125E-01 a       413     0    17     1    13
 -3.7491010457469915E+00 a       414     0    17     1    14
  3.1735888798128138E+00 a       415     0    17     1    15
  9.1901531026683649E+00 a       416     0    17     1    16
 -2.3183689426097231E+00 a       417     0    17     1    17
 -2.2457029299023294E+00 a       418     0    17     1    18
  1.8182512948484169E+00 a       419     0    17     1    19
  8.5083595694588947E+00 a       420     0    17     1    20
 -5.1791139773820332E+00 a       421     0    17     1    21
 -2.0763683506973285E+00 a       422     0    17     1    22
  2.2131005903040055E+00 a       423     0    17     1    23
  2.2077464160632743E+00 a       424     0    17     1    24
  1.4339177073534868E+00 a       425     0    17     1    25
  1.8889192785528373E+00 a       426     0    18     1     1
  5.3609253855830667E+00 a       427     0    18     1     2
 -9.0020823111919479E-01 a       428     0    18     1     3
 -4.4616430463335108E+00 a       429     0    18     1     4
 -3.9621114849888959E+00 a       430     0    18     1     5
 -5.0701798760618956E-02 a       431     0    18     1     6
  1.5042144099649946E+00 a       432     0    18     1     7
 -1.1134411141843245E+01 a       433     0    18     1     8
 -1.2778592835110427E+00 a       434     0    18     1     9
  5.5738219119068633E-01 a       435     0    18     1    10
 -1.4342866300154260E+00 a       436     0    18     1    11
 -7.8834164897272774E-01 a       437     0    18     1    12
  2.0025820337373670E+00 a       438     0    18     1    13
 -6.1873899242123267E+00 a       439     0    18     1    14
 -1.5364422331693093E+00 a       440     0    18     1    15
 -4.9883493627043292E+00 a       441     0    18     1    16
  8.9921335417939634E+00 a       442     0    18     1    17
  3.3019760458652292E+00 a       443     0    18     1    18
  8.2507941370214255E-01 a       444     0    18     1    19
 -2.7550562077268288E+00 a       445     0    18     1    20
 -1.2609141483948967E+00 a       446     0    18     1    21
 -3.4608670681539495E+00 a       447     0    18     1    22
 -1.7600344248135078E+00 a       448     0    18     1    23
  7.8368832580891645E-01 a       449     0    18     1    24
 -5.8480314006186473E+00 a       450     0    18     1    25
  4.9704211257983283E-01 a       451     0    19     1     1
 -4.9789050691039444E-01 a       452     0    19     1     2
  5.1025311769244839E+00 a       453     0    19     1     3
 -1.8721792218000477E+01 a       454     0    19     1     4
  1.4852985903420780E+01 a       455     0    19     1     5
  1.1469780311327979E+01 a       456     0    19     1     6
  1.4655268640722328E+01 a       457     0    19     1     7
 -4.6474202052404266E+01 a       458     0    19     1     8
 -4.7280766050957101E+00 a       459     0    19     1     9
  1.0130495924458714E+01 a       460     0    19     1    10
  1.4337201632177965E+01 a       461     0    19     1    11
 -1.6555443992227691E+01 a       462     0    19     1    12
  3.5154915107042641E+00 a       463     0    19     1    13
  3.0136792193900718E+01 a       464     0    19     1    14
 -2.0097564011282207E+00 a       465     0    19     1    15
 -1.1634308277521791E+01 a       466     0    19     1    16
 -1.8974479140596806E+01 a       467     0    19     1    17
  6.4421680909147012E+00 a       468     0    19     1    18
 -8.9042149936713315E+00 a       469     0    19     1    19
 -2.1142313684557084E+01 a       470     0    19     1    20
  1.5944931192070856E+01 a       471     0    19     1    21
  1.1189822057416260E+01 a       472     0    19     1    22
 -9.4845534094093633E+00 a       473     0    19     1    23
  1.1834159878852500E+01 a       474     0    19     1    24
  4.4166420498049428E+00 a       475     0    19     1    25
 -1.1829225104205239E+00 a       476     0    20     1     1
 -2.0679370758581488E+00 a       477     0    20     1     2
  2.3935379219664630E+00 a       478     0    20     1     3
  4.3797947477318431E+00 a       479     0    20     1     4
 -2.1619401791565952E+01 a       480     0    20     1     5
 -1.5085162028404509E+01 a       481     0    20     1     6
  2.1319558578280189E+00 a       482     0    20     1     7
  1.3934487328304057E+01 a       483     0    20     1     8
  5.7817244311352693E+00 a       484     0    20     1     9
 -1.3956009339535844E+00 a       485     0    20     1    10
 -5.5994075305278246E+00 a       486     0    20     1    11
  9.8883285022010892E+00 a       487     0    20     1    12
  2.7551836622561519E+00 a       488     0    20     1    13
 -1.0890929965586638E+01 a       489     0    20     1    14
 -4.1594113845406664E+00 a       490     0    20     1    15
  7.8095210805046413E+00 a       491     0    20     1    16
  9.7232605242337797E+00 a       492     0    20     1    17
 -3.1053143502489688E+00 a       493     0    20     1    18
  4.6013270408475471E+00 a       494     0    20     1    19
  1.6662508944593700E+01 a       495     0    20     1    20
 -1.4347800837396738E+01 a       496     0    20     1    21
 -9.1410270159610434E+00 a       497     0    20     1    22
  1.4739522020799967E+00 a       498     0    20     1    23
  1.2354672815441835E-01 a       499     0    20     1    24
 -1.5135364809023870E+00 a       500     0    20     1    25
 -4.2085057955327382E-01 a       501     0    21     1     1
  1.0262040567177490E+01 a       502     0    21     1     2
  1.0258587923332667E-01 a       503     0    21     1     3
 -5.0090519788153403E+00 a       504     0    21     1     4
 -3.8227566728106588E+00 a       505     0    21     1     5
 -1.4387256667464245E+00 a       506     0    21     1     6
  4.2019266798737949E+00 a       507     0    21     1     7
 -2.6680313325955023E+00 a       508     0    21     1     8
  1.5207884179423017E+00 a       509     0    21     1     9
  1.6250719816841523E+00 a       510     0    21     1    10
 -3.3147101962726699E+00 a       511     0    21     1    11
 -4.7211105626211882E+00 a       512     0    21     1    12
 -6.6631061478151088E-01 a       513     0    21     1    13
  1.7689556914400357E+00 a       514     0    21     1    14
 -1.8617064845211402E+00 a       515     0    21     1    15
 -4.3985253886585705E+00 a       516     0    21     1    16
  8.6516527053560710E-01 a       517     0    21     1    17
  2.5142627851139437E-03 a       518     0    21     1    18
  1.7966863227732870E+00 a       519     0    21     1    19
 -2.3249127022952760E+00 a       520     0    21     1    20
  1.0463897016185051E+00 a       521     0    21     1    21
  1.2359627371472466E+00 a       522     0    21     1    22
 -6.5816841481489985E-01 a       523     0    21     1    23
 -6.6683528964258909E-01 a       524     0    21     1    24
 -6.5671745650917057E-01 a       525     0    21     1    25
  7.0622108598166280E+00 a       526     0    22     1     1
 -1.2242644423050132E+01 a       527     0    22     1     2
 -4.0741597429602869E+00 a       528     0    22     1     3
  1.5012127516267004E+01 a       529     0    22     1     4
 -4.1227232077691793E+00 a       530     0    22     1     5
  4.2628753495294980E+00 a       531     0    22     1     6
 -9.2436476680493556E+00 a       532     0    22     1     7
  1.6583809285318477E+01 a       533     0    22     1     8
 -5.5581486412825711E+00 a       534     0    22     1     9
 -7.4163010344747580E+00 a       535     0    22     1    10
 -4.7847279756417391E+00 a       536     0    22     1    11
  8.0606895790274127E+00 a       537     0    22     1    12
 -5.2801804434158708E+00 a       538     0    22     1    13
 -1.0361086706585327E+01 a       539     0    22     1    14
  1.0077863580341077E+01 a       540     0    22     1    15
  1.0524375964481281E+00 a       541     0    22     1    16
  4.1730387406267937E+00 a       542     0    22     1    17
  1.4194127834157060E+00 a       543     0    22     1    18
 -3.7631852371439840E+00 a       544     0    22     1    19
 -1.0042066510653374E+00 a       545     0    22     1    20
  9.2198312493964600E+00 a       546     0    22     1    21
  2.0014088154996965E-01 a       547     0    22     1    22
  1.8375245620671656E+00 a       548     0    22     1    23
 -8.6749071856816915E+00 a       549     0    22     1    24
 -2.2197306744060712E+00 a       550     0    22     1    25
  2.5264215822483616E+00 a       551     0    23     1     1
 -5.0281545764722937E+00 a       552     0    23     1     2
 -6.6620232047736638E-01 a       553     0    23     1     3
  7.9730964705890690E+00 a       554     0    23     1     4
 -1.3317153705601230E+00 a       555     0    23     1     5
  3.7289444607877202E+00 a       556     0    23     1     6
 -1.1239548263227515E+01 a       557     0    23     1     7
 -1.7991246219605355E+01 a       558     0    23     1     8
 -7.5016509741065232E+00 a       559     0    23     1     9
 -5.2754951886725614E+00 a       560     0    23     1    10
 -7.9386227320521412E+00 a       561     0    23     1    11
  5.0824322975466698E+00 a       562     0    23     1    12
 -6.0930665823913199E-01 a       563     0    23     1    13
 -8.0754858281178385E-02 a       564     0    23     1    14
  1.2502457084400158E+01 a       565     0    23     1    15
 -2.0444845389687480E+00 a       566     0    23     1    16
 -3.0356374927018925E+00 a       567     0    23     1    17
  2.5264001762916974E+00 a       568     0    23     1    18
 -2.6191232067898205E+00 a       569     0    23     1    19
  1.9786272961158686E+00 a       570     0    23     1    20
  6.5235141796952529E+00 a       571     0    23     1    21
  1.4915572201598321E+01 a       572     0    23     1    22
 -4.2657956636057159E+00 a       573     0    23     1    23
 -1.1791481616093993E+01 a       574     0    23     1    24
  4.5890001846633002E+00 a       575     0    23     1    25
 -2.4509026180711004E+01 a       576     0    24     1     1
 -8.9561067229203495E+00 a       577     0    24     1     2
  2.3503832496330677E+01 a       578     0    24     1     3
  5.6616341267184573E+00 a       579     0    24     1     4
  1.4074107364401323E+01 a       580     0    24     1     5
  5.3417875679334825E-01 a       581     0    24     1     6
  4.4636071452320172E+00 a       582     0    24     1     7
  2.5591335370110460E+00 a       583     0    24     1     8
  8.2096959634731554E+00 a       584     0    24     1     9
 -8.5331735730246994E+00 a       585     0    24     1    10
  1.2123304625981508E+01 a       586     0    24     1    11
  1.7177862041056862E+01 a       587     0    24     1    12
 -1.7724743816614248E+00 a       588     0    24     1    13
 -3.2503229431518177E+00 a       589     0    24     1    14
 -1.9237769767610903E+01 a       590     0    24     1    15
 -1.1859626159206420E+00 a       591     0    24     1    16
  9.6406330269435081E+00 a       592     0    24     1    17
  4.8084735872509556E+00 a       593     0    24     1    18
  1.9355902860175229E+00 a       594     0    24     1    19
 -1.3970495488523225E+01 a       595     0    24     1    20
  1.5644309574653942E+01 a       596     0    24     1    21
 -7.7371338804301066E+00 a       597     0    24     1    22
  1.4610402110374434E+00 a       598     0    24     1    23
  1.6044651677365241E+01 a       599     0    24     1    24
  6.4184538556103377E+00 a       600     0    24     1    25
  1.1316082987819568E+01 a       601     0    25     1     1
 -5.4830822695427104E+00 a       602     0    25     1     2
 -1.0406120235386535E+01 a       603     0    25     1     3
  3.1196118131702727E-01 a       604     0    25     1     4
 -2.1503857741272949E+01 a       605     0    25     1     5
 -1.2479861040554116E+01 a       606     0    25     1     6
  1.6687030694273535E+01 a       607     0    25     1     7
  6.1520245538763341E-01 a       608     0    25     1     8
  6.9417708882784923E-01 a       609     0    25     1     9
  2.1345472574978874E+01 a       610     0    25     1    10
 -4.2330120427832041E-01 a       611     0    25     1    11
 -1.2136426408528814E+01 a       612     0    25     1    12
 -5.5868900327807808E-02 a       613     0    25     1    13
 -2.2373391843495384E+01 a       614     0    25     1    14
  1.3790734387311185E+01 a       615     0    25     1    15
  1.1946208823620339E+01 a       616     0    25     1    16
 -1.5878791575558049E-01 a       617     0    25     1    17
  3.8028251630555525E+00 a       618     0    25     1    18
 -4.7409954448812988E+00 a       619     0    25     1    19
  1.7747104062192690E+01 a       620     0    25     1    20
 -1.1741840895016788E+01 a       621     0    25     1    21
 -5.0243729420707330E+00 a       622     0    25     1    22
  3.7293367299894198E-01 a       623     0    25     1    23
 -1.2990314306153985E+01 a       624     0    25     1    24
 -1.0742146240311213E+01 a       625     0    25     1    25
 -1.3831481181354924E+01 a       626     0    26     1     1
  1.3619890758125740E+01 a       627     0    26     1     2
 -1.6537236123755696E+00 a       628     0    26     1     3
 -1.2312229356702632E+01 a       629     0    26     1     4
  4.2519069975073824E+00 a       630     0    26     1     5
 -3.0213967631905438E+00 a       631     0    26     1     6
  9.7337827888911033E+00 a       632     0    26     1     7
 -7.7911307804551617E+00 a       633     0    26     1     8
  1.8286149208516157E+01 a       634     0    26     1     9
  2.8982801586982601E+00 a       635     0    26     1    10
 -2.8638275028400950E+00 a       636     0    26     1    11
 -1.5082677361766436E+01 a       637     0    26     1    12
  4.0623855092310972E+00 a       638     0    26     1    13
 -4.6273046605429933E+00 a       639     0    26     1    14
 -7.2825837202919521E+00 a       640     0    26     1    15
 -3.0778903721553799E+00 a       641     0    26     1    16
 -8.5806455639041310E+00 a       642     0    26     1    17
 -5.1830750705391093E-01 a       643     0    26     1    18
  1.9599222462893864E+00 a       644     0    26     1    19
  1.0473088105305225E+01 a       645     0    26     1    20
 -1.0959057052663640E+01 a       646     0    26     1    21
  3.5798702380671683E+00 a       647     0    26     1    22
  6.3027858838431845E+00 a       648     0    26     1    23
  3.5388436083616202E+00 a       649     0    26     1    24
 -1.6519460881275703E+00 a       650     0    26     1    25
  1.2468132863247950E+01 a       651     0    27     1     1
  2.0784635236827945E+01 a       652     0    27     1     2
  1.0286288839462340E+01 a       653     0    27     1     3
  7.2250911783693130E+00 a       654     0    27     1     4
  4.4083068928013311E+00 a       655     0    27     1     5
 -9.6322951429233186E+00 a       656     0    27     1     6
 -7.0301336088499777E+00 a       657     0    27     1     7
  2.8254294988641384E+01 a       658     0    27     1     8
 -1.4589501809682231E+01 a       659     0    27     1     9
 -2.2678100685069317E+01 a       660     0    27     1    10
 -6.3104747651595927E+00 a       661     0    27     1    11
  1.6246169985296415E+01 a       662     0    27     1    12
 -6.1720987036141195E-01 a       663     0    27     1    13
  1.2817807417341450E+01 a       664     0    27     1    14
 -5.8698307953742992E+00 a       665     0    27     1    15
  1.3420354215918250E+01 a       666     0    27     1    16
  1.2734678624452339E+01 a       667     0    27     1    17
 -1.6378686750051997E+01 a       668     0    27     1    18
  2.4410018193708119E+01 a       669     0    27     1    19
  2.7855374065379048E+00 a       670     0    27     1    20
 -2.4332380132654023E+01 a       671     0    27     1    21
 -1.9692127416185794E+01 a       672     0    27     1    22
  1.4978508245192199E+01 a       673     0    27     1    23
 -1.3971810592443918E+01 a       674     0    27     1    24
  2.0349979333784184E+01 a       675     0    27     1    25
 -5.9703557020785754E+00 a       676     0    28     1     1
  4.8237297470454124E+00 a       677     0    28     1     2
 -1.2630637376844827E+01 a       678     0    28     1     3
 -2.2974905066295332E+00 a       679     0    28     1     4
  2.4854160405563409E+01 a       680     0    28     1     5
  1.6308383330317742E+01 a       681     0    28     1     6
 -1.5978359883784195E+01 a       682     0    28     1     7
  8.4746579554085522E-01 a       683     0    28     1     8
  9.0440526642532060E-01 a       684     0    28     1     9
 -2.9572899557764418E+00 a       685     0    28     1    10
  3.7326562497529530E+00 a       686     0    28     1    11
 -6.2752615915418710E+00 a       687     0    28     1    12
 -3.0357513224507247E+00 a       688     0    28     1    13
  4.0209019260217760E+00 a       689     0    28     1    14
  7.1013864445737296E-01 a       690     0    28     1    15
 -1.4293112919655638E+01 a       691     0    28     1    16
 -8.9719205248014209E+00 a       692     0    28     1    17
  1.0696148362877000E+00 a       693     0    28     1    18
 -5.7294691101090871E+00 a       694     0    28     1    19
 -1.7405242487453776E+01 a       695     0    28     1    20
  2.0540670474608994E+01 a       696     0    28     1    21
  8.6170436742991345E+00 a       697     0    28     1    22
 -4.9979236069571433E+00 a       698     0    28     1    23
  9.2083622116007966E+00 a       699     0    28     1    24
 -2.9873925734301512E+00 a       700     0    28     1    25
  4.0304434207569715E+00 a       701     0    29     1     1
  2.3756969616252070E+00 a       702     0    29     1     2
 -2.1625189029403402E+00 a       703     0    29     1     3
 -2.6701976447057016E+00 a       704     0    29     1     4
 -5.0639572218220097E-01 a       705     0    29     1     5
 -8.4696008094048292E+00 a       706     0    29     1     6
  1.6937723763857293E+00 a       707     0    29     1     7
  7.9441544529616053E+00 a       708     0    29     1     8
  3.9429373719413263E+00 a       709     0    29     1     9
  2.6339124456361076E+00 a       710     0    29     1    10
  9.9472228677578906E-02 a       711     0    29     1    11
 -2.3152813991566648E+00 a       712     0    29     1    12
  2.0138266981922168E+00 a       713     0    29     1    13
  2.9783340360220006E-01 a       714     0    29     1    14
 -2.5602798111592042E+00 a       715     0    29     1    15
  1.5303853743328999E+00 a       716     0    29     1    16
  1.6547846220390288E+00 a       717     0    29     1    17
  8.8108912286153596E-01 a       718     0    29     1    18
 -3.3115403624809221E+00 a       719     0    29     1    19
  1.7640162906905126E+00 a       720     0    29     1    20
 -4.2766147588379919E+00 a       721     0    29     1    21
 -6.0761431697158503E+00 a       722     0    29     1    22
  1.0604815450573229E-01 a       723     0    29     1    23
  4.6924532765490552E+00 a       724     0    29     1    24
 -5.0069863220933666E+00 a       725     0    29     1    25
  3.1638448150141132E+00 a       726     0    30     1     1
 -5.0349213113402040E+00 a       727     0    30     1     2
 -4.3571808669510459E-01 a       728     0    30     1     3
  1.6053585274081965E+00 a       729     0    30     1     4
 -7.9813442737092739E+00 a       730     0    30     1     5
  1.1564040780166038E+00 a       731     0    30     1     6
 -3.9933935079773102E+00 a       732     0    30     1     7
 -3.2298947777433495E+00 a       733     0    30     1     8
 -8.3350532604499463E+00 a       734     0    30     1     9
 -1.6779424864329426E+00 a       735     0    30     1    10
  2.1231547663442116E+00 a       736     0    30     1    11
  3.0663011056253873E+00 a       737     0    30     1    12
  1.3076665936204266E+00 a       738     0    30     1    13
  3.4546819902047554E+00 a       739     0    30     1    14
  1.5143855832701654E+00 a       740     0    30     1    15
 -3.9861255475451478E+00 a       741     0    30     1    16
  1.5344940712695689E+00 a       742     0    30     1    17
  9.4730659881576162E-01 a       743     0    30     1    18
  2.6474800663514299E-02 a       744     0    30     1    19
 -4.7499608009307082E+00 a       745     0    30     1    20
  7.2008445196006943E-01 a       746     0    30     1    21
  2.1971032348360131E+00 a       747     0    30     1    22
 -3.0494164504731245E+00 a       748     0    30     1    23
 -1.6895117912045006E+00 a       749     0    30     1    24
  1.5089320731395703E+00 a       750     0    30     1    25
  5.8203387029524167E-01 b       751     1     1
  5.6557251076804504E-01 b       752     1     2
  9.6363317322405007E-01 b       753     1     3
  1.1268188714331420E+00 b       754     1     4
  4.2264335836592504E-01 b       755     1     5
 -7.1393244952846135E-03 b       756     1     6
 -3.7993286200101090E-01 b       757     1     7
 -1.1051236180149295E+00 b       758     1     8
  9.1331074277894508E-01 b       759     1     9
 -8.4134089865298620E-02 b       760     1    10
  1.1984873852025753E+00 b       761     1    11
  9.3753631806554427E-01 b       762     1    12
 -1.8085719069002229E-01 b       763     1    13
  1.7495467398255909E-01 b       764     1    14
  6.1914377480128668E-01 b       765     1    15
  2.0640850244790336E-02 b       766     1    16
  7.6374027605754846E-02 b       767     1    17
  4.3208604330042949E-01 b       768     1    18
  2.7083616905207569E-01 b       769     1    19
  1.5670682203990827E-01 b       770     1    20
 -7.0160217825994564E-01 b       771     1    21
 -3.6064970386382261E-01 b       772     1    22
 -6.5731279518482155E-01 b       773     1    23
 -9.3944099414263293E-02 b       774     1    24
 -7.6696170375083583E-01 b       775     1    25
 -1.3821173500351258E+00 a       776     1     1     2     1
  4.4575542376788596E-01 a       777     1     1     2     2
 -1.9327727047920581E-01 a       778     1     1     2     3
  3.9819859312200767E-01 a       779     1     1     2     4
  5.7582748177858645E-01 a       780     1     1     2     5
 -2.8113677853055680E-01 a       781     1     1     2     6
 -1.4641991353886232E+00 a       782     1     1     2     7
  7.2283540500674703E-01 a       783     1     1     2     8
  7.5855646183269787E-01 a       784     1     1     2     9
 -2.1893646839524474E+00 a       785     1     1     2    10
 -4.0123281360467772E-01 a       786     1     1     2    11
  1.3857062642640292E-01 a       787     1     1     2    12
 -3.1043077846285954E+00 a       788     1     1     2    13
 -1.2269680923147899E+00 a       789     1     1     2    14
 -1.4719949864485657E-01 a       790     1     1     2    15
 -1.2080924034182601E+00 a       791     1     1     2    16
  1.0688576058764419E+00 a       792     1     1     2    17
  9.2209189525508550E-01 a       793     1     1     2    18
  2.1145077305486835E-02 a       794     1     1     2    19
  7.4301948851012722E-01 a       795     1     1     2    20
  9.7733250924373982E-01 a       796     1     1     2    21
  1.0733900978347186E+00 a       797     1     1     2    22
  7.9529095075957490E-01 a       798     1     1     2    23
  5.4141487306459790E-01 a       799     1     1     2    24
  8.5589382821328452E-01 a       800     1     1     2    25
 -1.7693109278344634E+00 a       801     1     2     2     1
  6.1343187545613265E-01 a       802     1     2     2     2
  4.6763824420448974E-01 a       803     1     2     2     3
  4.2897411780002739E-02 a       804     1     2     2     4
 -1.4606277511560320E-01 a       805     1     2     2     5
 -1.0527419754731793E-01 a       806     1     2     2     6
 -1.9992379382802442E-01 a       807     1     2     2     7
  2.4396879072530786E-01 a       808     1     2     2     8
  5.3372605633516268E-01 a       809     1     2     2     9
 -9.1136346286567704E-01 a       810     1     2     2    10
  8.5165871737760815E-02 a       811     1     2     2    11
  5.6986159982103590E-01 a       812     1     2     2    12
 -1.6859981002648510E+00 a       813     1     2     2    13
 -3.1536263296634010E-01 a       814     1     2     2    14
  1.6233646973331204E+00 a       815     1     2     2    15
  3.9495429187508807E-01 a       816     1     2     2    16
 -8.3653167869862724E-02 a       817     1     2     2    17
 -1.5545608270500715E+00 a       818     1     2     2    18
 -8.0048087702292242E-02 a       819     1     2     2    19
 -1.1138149797282318E-01 a       820     1     2     2    20
 -2.9624875589974500E+00 a       821     1     2     2    21
 -4.5976570010309731E-01 a       822     1     2     2    22
 -2.5070420175363040E-01 a       823     1     2     2    23
  2.7910691503567225E-01 a       824     1     2     2    24
 -1.3757629407490748E-02 a       825     1     2     2    25
  1.2902714396701046E-02 a       826     1     3     2     1
  2.4280848476480120E-02 a       827     1     3     2     2
  1.5289431134341402E-01 a       828     1     3     2     3
 -1.5819877154853226E-01 a       829     1     3     2     4
 -1.8740979973954481E+00 a       830     1     3     2     5
 -1.4592207377521478E+00 a       831     1     3     2     6
 -1.8366871065786914E+00 a       832     1     3     2     7
  2.3805981413276403E-01 a       833     1     3     2     8
  1.3518613522746687E+00 a       834     1     3     2     9
 -4.1375328169709999E-02 a       835     1     3     2    10
  2.7304054225424113E-01 a       836     1     3     2    11
 -1.7527471872575637E+00 a       837     1     3     2    12
  1.1633459955923010E-01 a       838     1     3     2    13
 -4.5352995111138894E-01 a       839     1     3     2    14
 -1.4497343704308055E-01 a       840     1     3     2    15
  1.2727223712531504E+00 a       841     1     3     2    16
  4.4871044608367394E-01 a       842     1     3     2    17
  3.8308803364463309E+00 a       843     1     3     2    18
 -1.0678347644675619E+00 a       844     1     3     2    19
  1.2802144375191373E+00 a       845     1     3     2    20
  2.0221528956308834E+00 a       846     1     3     2    21
  1.9480615887677362E+00 a       847     1     3     2    22
 -1.9444227925400193E+00 a       848     1     3     2    23
  1.7703224347641129E+00 a       849     1     3     2    24
 -1.1344654553314899E+00 a       850     1     3     2    25
  1.5038837683657633E+00 a       851     1     4     2     1
 -4.8469774089905349E-01 a       852     1     4     2     2
 -1.1175050883614877E+00 a       853     1     4     2     3
 -1.1121604795601050E+00 a       854     1     4     2     4
 -6.3808189892333556E-02 a       855     1     4     2     5
 -1.0566657500986398E+00 a       856     1     4     2     6
 -8.0032410603880466E-01 a       857     1     4     2     7
 -5.1779289876882362E-01 a       858     1     4     2     8
  7.6852768185643683E-01 a       859     1     4     2     9
 -3.2337945360823489E-01 a       860     1     4     2    10
 -1.6738753140069954E-02 a       861     1     4     2    11
  4.6204210747590305E-02 a       862     1     4     2    12
  1.0349068281488689E+00 a       863     1     4     2    13
 -2.8470306255191952E-01 a       864     1     4     2    14
 -1.0426789570582327E+00 a       865     1     4     2    15
  3.9105514870067271E-01 a       866     1     4     2    16
 -2.2621958697963018E+00 a       867     1     4     2    17
  1.0076330366798596E+00 a       868     1     4     2    18
  1.7884382139647919E-02 a       869     1     4     2    19
 -6.9021143277336910E-02 a       870     1     4     2    20
 -1.2685634457592926E-01 a       871     1     4     2    21
  1.6895300690448697E-01 a       872     1     4     2    22
 -1.4210817911721016E+00 a       873     1     4     2    23
 -1.9238764499956376E-01 a       874     1     4     2    24
 -9.6454854061566297E-01 a       875     1     4     2    25
  1.4307826057415849E+00 a       876     1     5     2     1
  1.4083738749898567E-01 a       877     1     5     2     2
 -5.6836211733078490E-01 a       878     1     5     2     3
 -2.6147347742492555E-01 a       879     1     5     2     4
 -5.6811954839274725E-01 a       880     1     5     2     5
  2.0941136349228218E-02 a       881     1     5     2     6
  1.1288015599114174E+00 a       882     1     5     2     7
 -1.0831137063591654E+00 a       883     1     5     2     8
 -1.1461704421826753E+00 a       884     1     5     2     9
  7.4280350809005757E-01 a       885     1     5     2    10
 -4.9602911302311914E-01 a       886     1     5     2    11
 -3.6165160461745427E-01 a       887     1     5     2    12
  3.9997032361505480E-01 a       888     1     5     2    13
  2.0201206639503315E+00 a       889     1     5     2    14
  4.1722229380052983E-01 a       890     1     5     2    15
  2.3162296199560117E+00 a       891     1     5     2    16
  3.9054655114346126E-01 a       892     1     5     2    17
 -1.5505182178423973E+00 a       893     1     5     2    18
 -3.6781625787056421E-01 a       894     1     5     2    19
  4.2373177359781422E-01 a       895     1     5     2    20
  8.3900855344152714E-01 a       896     1     5     2    21
  1.0521425335965506E+00 a       897     1     5     2    22
 -8.6499154662047895E-01 a       898     1     5     2    23
 -4.7653738146976132E-01 a       899     1     5     2    24
 -1.0210640626942260E+00 a       900     1     5     2    25
  1.5467975357059647E+00 a       901     1     6     2     1
 -5.4949195870279033E-01 a       902     1     6     2     2
 -3.1856133092421623E-01 a       903     1     6     2     3
 -5.9107925553284635E-01 a       904     1     6     2     4
 -5.0186062844885360E-01 a       905     1     6     2     5
 -4.0936537094139247E-02 a       906     1     6     2     6
 -3.6035908885459288E-02 a       907     1     6     2     7
 -2.9863820823782444E-01 a       908     1     6     2     8
 -6.9948575717836969E-01 a       909     1     6     2     9
 -5.6930238617879125E-01 a       910     1     6     2    10
 -2.1668377858022378E-01 a       911     1     6     2    11
  1.7945707832906319E+00 a       912     1     6     2    12
  1.4389215408652865E+00 a       913     1     6     2    13
  2.0686633093235973E+00 a       914     1     6     2    14
  1.1570247520534684E+00 a       915     1     6     2    15
 -2.0638826282089748E-01 a       916     1     6     2    16
 -1.9633521114113102E+00 a       917     1     6     2    17
 -1.0340161057491528E+00 a       918     1     6     2    18
 -4.6544137329523882E-01 a       919     1     6     2    19
 -1.0775397809193250E+00 a       920     1     6     2    20
 -1.6700084992720525E+00 a       921     1     6     2    21
 -1.7754748378368781E+00 a       922     1     6     2    22
  9.8753282845046968E-03 a       923     1     6     2    23
 -5.9581268774857954E-01 a       924     1     6     2    24
  5.8418167321663239E-01 a       925     1     6     2    25
  3.2049062527473633E+00 a       926     1     7     2     1
 -8.1712323869625769E-01 a       927     1     7     2     2
 -3.9054813358330703E-01 a       928     1     7     2     3
 -8.5698640975785745E-01 a       929     1     7     2     4
 -1.7532927566185845E+00 a       930     1     7     2     5
 -5.0692535191902588E-01 a       931     1     7     2     6
  3.4074640353223370E-02 a       932     1     7     2     7
 -4.3444580371267177E-01 a       933     1     7     2     8
 -8.7557254826440400E-01 a       934     1     7     2     9
 -6.2834125787844164E-01 a       935     1     7     2    10
 -4.8634358279222473E-01 a       936     1     7     2    11
 -1.0658972309038810E+00 a       937     1     7     2    12
  2.8524759308009751E+00 a       938     1     7     2    13
  1.3793133197424892E+00 a       939     1     7     2    14
 -1.8104586970646179E+00 a       940     1     7     2    15
  1.8733584764743111E-01 a       941     1     7     2    16
  7.9216770459290287E-01 a       942     1     7     2    17
  1.4448149453061720E+00 a       943     1     7     2    18
  1.4812873173063026E-01 a       944     1     7     2    19
 -5.0716044501425617E-01 a       945     1     7     2    20
  5.9979711055271689E-01 a       946     1     7     2    21
 -8.2660456426123641E-01 a       947     1     7     2    22
 -1.8605264312634279E-01 a       948     1     7     2    23
 -1.9062522524396153E-01 a       949     1     7     2    24
 -3.9972902178852909E-02 a       950     1     7     2    25
  3.2541770562223302E-03 a       951     1     8     2     1
  7.0536329352056248E-01 a       952     1     8     2     2
  4.6332960052653534E-02 a       953     1     8     2     3
 -7.6212460829980233E-01 a       954     1     8     2     4
 -1.7456337239499906E-01 a       955     1     8     2     5
  5.8420183907842493E-01 a       956     1     8     2     6
 -8.4103263974508990E-01 a       957     1     8     2     7
 -5.1541893870788025E-01 a       958     1     8     2     8
  7.5847811574759816E-01 a       959     1     8     2     9
  1.2565008253521739E+00 a       960     1     8     2    10
  2.3409064712382174E-02 a       961     1     8     2    11
 -1.3746191455203542E+00 a       962     1     8     2    12
  1.5274848562574441E+00 a       963     1     8     2    13
 -4.0366016796200477E-01 a       964     1     8     2    14
 -6.8868563087842827E-01 a       965     1     8     2    15
  3.7560808718099004E-01 a       966     1     8     2    16
  1.8126188958406229E+00 a       967     1     8     2    17
  7.6941586866192435E-01 a       968     1     8     2    18
  2.4416572165315867E-01 a       969     1     8     2    19
 -1.3737656635377140E+00 a       970     1     8     2    20
  1.3826043932293779E+00 a       971     1     8     2    21
  1.0035465105319439E+00 a       972     1     8     2    22
  1.6828590717882903E+00 a       973     1     8     2    23
 -6.9694286648329085E-01 a       974     1     8     2    24
  7.6815085353854751E-01 a       975     1     8     2    25
 -3.6470514010263968E+00 a       976     1     9     2     1
  2.3887439145199210E+00 a       977     1     9     2     2
 -1.1938971824459168E+00 a       978     1     9     2     3
 -5.7358288924339074E-01 a       979     1     9     2     4
  7.0737514887847552E-01 a       980     1     9     2     5
 -1.3105095324073338E-01 a       981     1     9     2     6
  3.7578547406644630E-01 a       982     1     9     2     7
 -9.2519617355814665E-01 a       983     1     9     2     8
  1.3869616331023618E+00 a       984     1     9     2     9
 -1.4335795410501233E+00 a       985     1     9     2    10
  2.4875602520900686E+00 a       986     1     9     2    11
 -2.8519505356251069E+00 a       987     1     9     2    12
  1.0009218965934101E+00 a       988     1     9     2    13
  7.9734668473746340E-01 a       989     1     9     2    14
  1.4516084458275360E+00 a       990     1     9     2    15
 -1.2615677107784409E+00 a       991     1     9     2    16
  5.0329049419025136E+00 a       992     1     9     2    17
  2.2422389465207591E+00 a       993     1     9     2    18
  2.5414452624090772E-01 a       994     1     9     2    19
 -3.8558557015978506E-01 a       995     1     9     2    20
  5.5315197986270137E-01 a       996     1     9     2    21
 -1.3287279858339056E+00 a       997     1     9     2    22
  1.5576015373228722E+00 a       998     1     9     2    23
 -3.8527331792362224E-01 a       999     1     9     2    24
  6.4122711230397256E-01 a      1000     1     9     2    25
  7.2740482145484087E-01 a      1001     1    10     2     1
 -7.3330410460485995E-01 a      1002     1    10     2     2
  2.6592944463177132E-01 a      1003     1    10     2     3
  3.6685908640844095E-01 a      1004     1    10     2     4
 -2.1431098643869499E-02 a      1005     1    10     2     5
  3.0947505333644532E-01 a      1006     1    10     2     6
 -2.3524758763764447E-01 a      1007     1    10     2     7
 -1.5407136355449860E-01 a      1008     1    10     2     8
 -1.1680047471181976E+00 a      1009     1    10     2     9
  9.8816849885636626E-01 a      1010     1    10     2    10
 -8.7283667453102509E-01 a      1011     1    10     2    11
  1.1367648981422538E+00 a      1012     1    10     2    12
 -1.9937445053386598E+00 a      1013     1    10     2    13
  3.7133368862847030E-02 a      1014     1    10     2    14
 -1.4612115435882882E+00 a      1015     1    10     2    15
 -2.9237999595508888E+00 a      1016     1    10     2    16
 -3.4550612408113657E-01 a      1017     1    10     2    17
  2.7129749762636196E-01 a      1018     1    10     2    18
  7.9292794894615037E-01 a      1019     1    10     2    19
 -5.0455898957501144E-01 a      1020     1    10     2    20
 -1.4971741407314429E+00 a      1021     1    10     2    21
 -4.3423019258196416E-01 a      1022     1    10     2    22
  2.7668511381802792E+00 a      1023     1    10     2    23
 -1.7774289035293422E-01 a      1024     1    10     2    24
  4.5585391171410049E-02 a      1025     1    10     2    25
  3.4095354821573314E+00 a      1026     1    11     2     1
  1.7136223338746892E-01 a      1027     1    11     2     2
 -7.6088042327973504E-01 a      1028     1    11     2     3
 -4.4521925471621748E-01 a      1029     1    11     2     4
 -3.0785133754684688E+00 a      1030     1    11     2     5
  1.9908163510484120E-01 a      1031     1    11     2     6
 -8.5331206775377677E-01 a      1032     1    11     2     7
 -3.4523457876134100E-01 a      1033     1    11     2     8
 -7.8089408641563396E-01 a      1034     1    11     2     9
  3.6415336524647107E-01 a      1035     1    11     2    10
 -1.0612736411047741E+00 a      1036     1    11     2    11
  1.3413303239221688E+00 a      1037     1    11     2    12
  3.9749041077172204E-01 a      1038     1    11     2    13
 -2.8055177648469818E+00 a      1039     1    11     2    14
 -1.7646598140784016E+00 a      1040     1    11     2    15
 -1.1292684234381065E+00 a      1041     1    11     2    16
 -1.9126817318440572E+00 a      1042     1    11     2    17
 -3.4090367682576983E+00 a      1043     1    11     2    18
  6.3191657017073544E-01 a      1044     1    11     2    19
 -9.5371002078654321E-01 a      1045     1    11     2    20
  1.4600679145465700E+00 a      1046     1    11     2    21
 -8.1922049086165427E-01 a      1047     1    11     2    22
  5.9377617643162850E-01 a      1048     1    11     2    23
 -7.7647894625936542E-01 a      1049     1    11     2    24
  6.4173253124071294E-02 a      1050     1    11     2    25
 -1.6591243614655589E+00 a      1051     1    12     2     1
  8.9912436198736434E-01 a      1052     1    12     2     2
  8.6393370274597994E-02 a      1053     1    12     2     3
 -6.9680688600903939E-01 a      1054     1    12     2     4
  3.9416737961184911E-01 a      1055     1    12     2     5
  3.8438204846969937E-01 a      1056     1    12     2     6
 -7.8904347831006838E-01 a      1057     1    12     2     7
 -1.3024295357176274E+00 a      1058     1    12     2     8
  1.8605720103461529E-01 a      1059     1    12     2     9
  4.7200336590798631E-01 a      1060     1    12     2    10
 -2.4873428239617740E-01 a      1061     1    12     2    11
  9.8241969870271406E-01 a      1062     1    12     2    12
 -6.2910488618164329E-01 a      1063     1    12     2    13
 -1.9945398752283943E+00 a      1064     1    12     2    14
 -3.3994424261525547E+00 a      1065     1    12     2    15
 -3.1860117455492776E-01 a      1066     1    12     2    16
  2.3629567596320608E-01 a      1067     1    12     2    17
 -7.6501054597057438E-01 a      1068     1    12     2    18
  7.7110906355176856E-01 a      1069     1    12     2    19
 -2.9756204812084963E-01 a      1070     1    12     2    20
  5.5326477018986353E-01 a      1071     1    12     2    21
 -4.3103874876957812E-02 a      1072     1    12     2    22
  3.3387413964203572E+00 a      1073     1    12     2    23
 -7.7483887379303973E-01 a      1074     1    12     2    24
 -1.2211124552085850E-01 a      1075     1    12     2    25
 -1.6088452564708022E+00 a      1076     1    13     2     1
  3.0918168895591897E-01 a      1077     1    13     2     2
  1.4441360273512165E+00 a      1078     1    13     2     3
  7.0988532389440551E-01 a      1079     1    13     2     4
  2.5195768126226104E-01 a      1080     1    13     2     5
 -2.4591377958454790E+00 a      1081     1    13     2     6
 -8.8274167934251913E-01 a      1082     1    13     2     7
  8.4433528650886414E-01 a      1083     1    13     2     8
  1.3526029957175949E+00 a      1084     1    13     2     9
 -1.2683481942925541E+00 a      1085     1    13     2    10
  7.7645603293341703E-01 a      1086     1    13     2    11
 -6.7199496016847615E-01 a      1087     1    13     2    12
 -2.4871810770788755E-01 a      1088     1    13     2    13
  3.0997753603945311E-01 a      1089     1    13     2    14
  9.4975481016724550E-01 a      1090     1    13     2    15
 -2.0074047083309338E-01 a      1091     1    13     2    16
 -1.0690963157968382E-01 a      1092     1    13     2    17
  8.5283854513933488E-01 a      1093     1    13     2    18
 -1.1758895914781191E-01 a      1094     1    13     2    19
  6.5705317187805967E-01 a      1095     1    13     2    20
  9.6637521317318828E-02 a      1096     1    13     2    21
 -1.6004002473503665E-01 a      1097     1    13     2    22
  2.1759664072623965E+00 a      1098     1    13     2    23
  1.1205730650857955E+00 a      1099     1    13     2    24
  5.1815438790101465E-01 a      1100     1    13     2    25
 -1.6589635819441985E-02 a      1101     1    14     2     1
  4.0354649353303229E-01 a      1102     1    14     2     2
  6.9086047961049679E-01 a      1103     1    14     2     3
  1.1669844547400313E-01 a      1104     1    14     2     4
  4.8537087770444387E-01 a      1105     1    14     2     5
  7.4253354305900354E-01 a      1106     1    14     2     6
 -5.7192083421167927E-01 a      1107     1    14     2     7
  8.0295037655922474E-01 a      1108     1    14     2     8
  8.2084276134194845E-01 a      1109     1    14     2     9
 -1.6266301722329632E+00 a      1110     1    14     2    10
 -7.4726550798479641E-01 a      1111     1    14     2    11
 -6.1909430000368071E-01 a      1112     1    14     2    12
 -1.7685339636931424E-01 a      1113     1    14     2    13
 -1.0003307026218455E+00 a      1114     1    14     2    14
 -2.8069263812076124E+00 a      1115     1    14     2    15
 -6.7744025908784555E-01 a      1116     1    14     2    16
  6.3257070003249660E-01 a      1117     1    14     2    17
 -2.4572361521671351E-01 a      1118     1    14     2    18
  5.2251438894589741E-01 a      1119     1    14     2    19
  7.7767357388782521E-01 a      1120     1    14     2    20
  2.0984769066861533E-01 a      1121     1    14     2    21
  3.2626284194441973E-01 a      1122     1    14     2    22
  1.1493930845643254E+00 a      1123     1    14     2    23
  5.9765818419533245E-01 a      1124     1    14     2    24
  5.4581080937405513E-01 a      1125     1    14     2    25
 -9.3075789515074736E-01 a      1126     1    15     2     1
 -7.2078561577253641E-01 a      1127     1    15     2     2
  1.5433554525001625E+00 a      1128     1    15     2     3
  1.6063886914665786E+00 a      1129     1    15     2     4
  1.3854759241093340E+00 a      1130     1    15     2     5
 -2.5218528336345116E+00 a      1131     1    15     2     6
  2.7535962611632375E-01 a      1132     1    15     2     7
 -3.9578374087028811E-01 a      1133     1    15     2     8
  1.4284954957964369E+00 a      1134     1    15     2     9
  1.4260620968460482E+00 a      1135     1    15     2    10
 -3.0443462478287654E-02 a      1136     1    15     2    11
 -2.3073569311300268E-01 a      1137     1    15     2    12
 -3.1910916024601952E+00 a      1138     1    15     2    13
 -2.0218777803136483E+00 a      1139     1    15     2    14
  4.6377171668320072E-01 a      1140     1    15     2    15
 -1.5426283044269049E+00 a      1141     1    15     2    16
 -1.3870038741299087E+00 a      1142     1    15     2    17
 -1.4147234547863556E+00 a      1143     1    15     2    18
  2.9394488841186267E-01 a      1144     1    15     2    19
  1.3469647091046397E+00 a      1145     1    15     2    20
  1.0475501798111941E+00 a      1146     1    15     2    21
  7.2558143378163620E-01 a      1147     1    15     2    22
  9.2531382941793161E-01 a      1148     1    15     2    23
 -6.8473864408848295E-01 a      1149     1    15     2    24
 -7.3607138454321630E-01 a      1150     1    15     2    25
 -2.5824535747974977E+00 a      1151     1    16     2     1
  2.5551082129252345E-01 a      1152     1    16     2     2
 -9.0513618956674702E-01 a      1153     1    16     2     3
 -2.5135938219914983E-01 a      1154     1    16     2     4
 -1.8520463078557070E+00 a      1155     1    16     2     5
 -2.0090728012737188E-01 a      1156     1    16     2     6
 -1.2102182057823707E+00 a      1157     1    16     2     7
  3.6420000131373975E-01 a      1158     1    16     2     8
  1.3528103453358065E+00 a      1159     1    16     2     9
  4.7665933766712576E-01 a      1160     1    16     2    10
  1.5117972753331435E+00 a      1161     1    16     2    11
 -2.1233763766199578E+00 a      1162     1    16     2    12
  2.1310953558667616E+00 a      1163     1    16     2    13
 -8.4303445469137617E-01 a      1164     1    16     2    14
 -7.3285783729543974E-01 a      1165     1    16     2    15
 -8.0033571317176352E-02 a      1166     1    16     2    16
  2.1202077790473695E-01 a      1167     1    16     2    17
  2.0344348930007232E+00 a      1168     1    16     2    18
  1.8299353188824663E-01 a      1169     1    16     2    19
  9.1667857009892550E-01 a      1170     1    16     2    20
 -3.0016339554410570E-01 a      1171     1    16     2    21
 -1.5514864052083979E+00 a      1172     1    16     2    22
 -1.2296191674678449E+00 a      1173     1    16     2    23
  1.0925931219858446E-02 a      1174     1    16     2    24
 -1.4340231826404062E-01 a      1175     1    16     2    25
  7.2600798556102986E-01 a      1176     1    17     2     1
  1.5948354630365266E-01 a      1177     1    17     2     2
  1.1636726777557893E-01 a      1178     1    17     2     3
 -1.0621330514439688E-01 a      1179     1    17     2     4
 -1.7878207257654861E+00 a      1180     1    17     2     5
 -1.7202651960055945E-01 a      1181     1    17     2     6
 -1.0082262027345634E+00 a      1182     1    17     2     7
 -5.6641890761497538E-01 a      1183     1    17     2     8
  8.6748713228429242E-01 a      1184     1    17     2     9
 -1.8770042664007052E+00 a      1185     1    17     2    10
  7.0311464581362038E-01 a      1186     1    17     2    11
  1.6131134717920266E+00 a      1187     1    17     2    12
  1.5159120641368147E+00 a      1188     1    17     2    13
 -3.1581562512592719E-02 a      1189     1    17     2    14
  5.6819743299618225E-02 a      1190     1    17     2    15
  7.0206512353838046E-01 a      1191     1    17     2    16
 -1.0230203722800013E+00 a      1192     1    17     2    17
  1.6210905867470498E+00 a      1193     1    17     2    18
  2.4566947348657281E-01 a      1194     1    17     2    19
  1.0113295819814896E+00 a      1195     1    17     2    20
  1.2090368562501770E+00 a      1196     1    17     2    21
  8.9232047840337037E-01 a      1197     1    17     2    22
 -9.4015247855319961E-01 a      1198     1    17     2    23
  3.2089235114397024E-01 a      1199     1    17     2    24
 -1.6438913004365088E-01 a      1200     1    17     2    25
 -2.1945320880296131E+00 a      1201     1    18     2     1
  7.9891981508850762E-01 a      1202     1    18     2     2
  4.2047694106000322E-01 a      1203     1    18     2     3
 -4.3741077583320748E-01 a      1204     1    18     2     4
 -5.4521224436060522E-01 a      1205     1    18     2     5
 -1.3113981853807641E+00 a      1206     1    18     2     6
 -1.6267019353137642E+00 a      1207     1    18     2     7
 -6.2327269092080284E-01 a      1208     1    18     2     8
  2.4762253924111675E+00 a      1209     1    18     2     9
 -1.8176803484369408E+00 a      1210     1    18     2    10
 -8.7195434266336203E-01 a      1211     1    18     2    11
 -1.1885637607760045E+00 a      1212     1    18     2    12
 -2.8824268106781101E+00 a      1213     1    18     2    13
 -1.2419504360032505E+00 a      1214     1    18     2    14
 -1.1587296337466744E+00 a      1215     1    18     2    15
 -1.0817752885191070E+00 a      1216     1    18     2    16
  1.6045110081135694E+00 a      1217     1    18     2    17
  8.3967618569603431E-01 a      1218     1    18     2    18
 -5.8377096211757129E-01 a      1219     1    18     2    19
 -5.4631335605340348E-01 a      1220     1    18     2    20
  1.2774188492403278E+00 a      1221     1    18     2    21
  7.6638682313834627E-01 a      1222     1    18     2    22
  1.8834169803519836E+00 a      1223     1    18     2    23
 -1.0637646111887064E-02 a      1224     1    18     2    24
  7.8115183159680202E-01 a      1225     1    18     2    25
  1.3640683348404448E-01 a      1226     1    19     2     1
 -1.2344927815294637E+00 a      1227     1    19     2     2
  3.7532641071198269E-01 a      1228     1    19     2     3
  3.0546241667697227E-01 a      1229     1    19     2     4
 -1.1383754573055291E+00 a      1230     1    19     2     5
  1.1094139452504193E+00 a      1231     1    19     2     6
 -8.0351960019106439E-01 a      1232     1    19     2     7
  1.2480975173143480E+00 a      1233     1    19     2     8
  8.5441120428079970E-02 a      1234     1    19     2     9
 -3.5496845969747337E-01 a      1235     1    19     2    10
  5.4712350007367849E-01 a      1236     1    19     2    11
 -1.0999856959086078E+00 a      1237     1    19     2    12
  1.4820161482401650E-01 a      1238     1    19     2    13
 -9.4718482716884189E-01 a      1239     1    19     2    14
  2.5428388800176993E+00 a      1240     1    19     2    15
 -4.7246772814811938E-01 a      1241     1    19     2    16
  1.8387445848271253E-01 a      1242     1    19     2    17
  8.3833684885189541E-01 a      1243     1    19     2    18
 -5.7340199497223532E-01 a      1244     1    19     2    19
  8.8245340065958988E-01 a      1245     1    19     2    20
  1.7704721302833715E+00 a      1246     1    19     2    21
  4.4882374873499437E-01 a      1247     1    19     2    22
 -2.7949678345790847E+00 a      1248     1    19     2    23
  8.1177136627015667E-01 a      1249     1    19     2    24
 -1.9908408800911981E-01 a      1250     1    19     2    25
  6.6919670815283072E-01 a      1251     1    20     2     1
  1.0997227798589848E-01 a      1252     1    20     2     2
  6.7189793021713476E-02 a      1253     1    20     2     3
 -5.7127583821942041E-01 a      1254     1    20     2     4
 -8.8683031105956572E-02 a      1255     1    20     2     5
  8.1961050268233068E-02 a      1256     1    20     2     6
 -2.2195120426861394E+00 a      1257     1    20     2     7
  7.9701742953594423E-01 a      1258     1    20     2     8
 -1.6419588237641314E+00 a      1259     1    20     2     9
 -2.4285116904476994E-01 a      1260     1    20     2    10
 -1.0495835764162651E+00 a      1261     1    20     2    11
  1.1480121877592595E+00 a      1262     1    20     2    12
 -3.0712210912573710E+00 a      1263     1    20     2    13
 -1.4567633181418220E+00 a      1264     1    20     2    14
  5.0056728896514380E-01 a      1265     1    20     2    15
  4.3435046465316129E-01 a      1266     1    20     2    16
 -5.9900541770981042E-01 a      1267     1    20     2    17
 -1.2427710199514008E+00 a      1268     1    20     2    18
  8.8050027533560415E-01 a      1269     1    20     2    19
  1.4871589688522924E-01 a      1270     1    20     2    20
 -8.2378466267392370E-01 a      1271     1    20     2    21
  8.9732616901930207E-01 a      1272     1    20     2    22
 -1.4432649236118742E+00 a      1273     1    20     2    23
  8.1355448469798464E-01 a      1274     1    20     2    24
  3.4765640131917269E-02 a      1275     1    20     2    25
 -7.4509128941236502E-01 a      1276     1    21     2     1
 -9.9001165334370189E-01 a      1277     1    21     2     2
  3.0532616383114669E-01 a      1278     1    21     2     3
 -1.2712214107944941E-01 a      1279     1    21     2     4
 -1.8517486513711545E-01 a      1280     1    21     2     5
 -1.1474185916786894E+00 a      1281     1    21     2     6
 -1.3756683245098700E+00 a      1282     1    21     2     7
 -5.1918808316829756E-01 a      1283     1    21     2     8
 -2.1501540185579468E-01 a      1284     1    21     2     9
 -6.4396296763525374E-02 a      1285     1    21     2    10
  1.1500534816085237E+00 a      1286     1    21     2    11
  1.8496265045881350E+00 a      1287     1    21     2    12
 -5.9905987402860916E-01 a      1288     1    21     2    13
 -1.0605109368618328E+00 a      1289     1    21     2    14
  1.0820981899281752E+00 a      1290     1    21     2    15
  2.7232229816100456E-01 a      1291     1    21     2    16
  3.5529263498065555E-01 a      1292     1    21     2    17
  2.8123600000193666E-01 a      1293     1    21     2    18
 -7.2154993609076767E-01 a      1294     1    21     2    19
  1.1813597526744199E+00 a      1295     1    21     2    20
  1.2698685356696109E+00 a      1296     1    21     2    21
  8.7061655742838218E-01 a      1297     1    21     2    22
 -1.8867976777498827E+00 a      1298     1    21     2    23
  1.4694696064387680E-01 a      1299     1    21     2    24
 -1.5937550712434350E+00 a      1300     1    21     2    25
 -8.1549145117126898E-01 a      1301     1    22     2     1
 -7.6693948820038738E-01 a      1302     1    22     2     2
  4.9757449211909488E-01 a      1303     1    22     2     3
 -3.4862764492501941E-01 a      1304     1    22     2     4
 -1.6720729895189774E+00 a      1305     1    22     2     5
  9.7714083469441315E-01 a      1306     1    22     2     6
 -4.8110660212468109E-01 a      1307     1    22     2     7
  6.7148409566732917E-02 a      1308     1    22     2     8
 -1.9751166657564187E-01 a      1309     1    22     2     9
  1.3289236790953149E+00 a      1310     1    22     2    10
 -1.5323303942116331E-01 a      1311     1    22     2    11
 -2.5496657686142848E-01 a      1312     1    22     2    12
 -2.3329544299239915E+00 a      1313     1    22     2    13
  7.7651926688119954E-01 a      1314     1    22     2    14
 -2.5884025915447251E-01 a      1315     1    22     2    15
  1.2983100733528907E+00 a      1316     1    22     2    16
 -7.6746479035613913E-01 a      1317     1    22     2    17
  1.0617127524419721E+00 a      1318     1    22     2    18
  7.5604131887447468E-01 a      1319     1    22     2    19
 -1.2395545397609313E+00 a      1320     1    22     2    20
 -2.6487949953377923E+00 a      1321     1    22     2    21
  6.1559089414659263E-02 a      1322     1    22     2    22
 -2.6867855854070162E+00 a      1323     1    22     2    23
  1.9673707777162272E-01 a      1324     1    22     2    24
  3.9456812730083241E-01 a      1325     1    22     2    25
  5.4748177730708070E-01 a      1326     1    23     2     1
  7.5994939278863649E-01 a      1327     1    23     2     2
  1.0940755560159596E+00 a      1328     1    23     2     3
 -2.7374624134122078E-01 a      1329     1    23     2     4
 -5.3038766596348230E-01 a      1330     1    23     2     5
 -1.5836440379974377E+00 a      1331     1    23     2     6
 -2.5596666303519968E+00 a      1332     1    23     2     7
 -2.5024658448486448E-01 a      1333     1    23     2     8
  1.3081422194115913E+00 a      1334     1    23     2     9
 -1.2411164549610987E+00 a      1335     1    23     2    10
  1.4169038083010177E-01 a      1336     1    23     2    11
  1.7833378736778743E-01 a      1337     1    23     2    12
  8.9171203227508378E-02 a      1338     1    23     2    13
 -1.3307327316347473E+00 a      1339     1    23     2    14
 -2.6360256753505107E+00 a      1340     1    23     2    15
  8.3884678375811617E-01 a      1341     1    23     2    16
  1.0026019354644438E+00 a      1342     1    23     2    17
  1.6362390204739865E+00 a      1343     1    23     2    18
  1.2575881377847184E-01 a      1344     1    23     2    19
  7.6967067132922529E-01 a      1345     1    23     2    20
  4.9590610045721323E-01 a      1346     1    23     2    21
  1.9216039714772526E+00 a      1347     1    23     2    22
  2.7379767891128548E-01 a      1348     1    23     2    23
  1.2707992756934112E+00 a      1349     1    23     2    24
 -9.8571854850150631E-01 a      1350     1    23     2    25
 -8.5520497822725985E-02 a      1351     1    24     2     1
  3.5748697430156356E-01 a      1352     1    24     2     2
 -6.5699714217061189E-01 a      1353     1    24     2     3
 -2.8075509165777179E-01 a      1354     1    24     2     4
  1.1758675141782000E+00 a      1355     1    24     2     5
 -8.4070110840611412E-01 a      1356     1    24     2     6
  3.7721129927636549E-01 a      1357     1    24     2     7
 -7.1418518813888388E-01 a      1358     1    24     2     8
  1.1785704848537938E-01 a      1359     1    24     2     9
  1.4751219728487872E-01 a      1360     1    24     2    10
  9.0520390840632281E-01 a      1361     1    24     2    11
 -8.6708409864952485E-01 a      1362     1    24     2    12
 -1.1769305564366313E-01 a      1363     1    24     2    13
 -1.1246318233051962E+00 a      1364     1    24     2    14
 -3.4734531272473812E+00 a      1365     1    24     2    15
 -4.2492003858879190E-02 a      1366     1    24     2    16
  5.3474286262094417E-01 a      1367     1    24     2    17
  3.2545721283989582E-01 a      1368     1    24     2    18
 -3.5613946013071562E-01 a      1369     1    24     2    19
 -6.4217001901408588E-01 a      1370     1    24     2    20
 -2.1431784940914070E-01 a      1371     1    24     2    21
  3.2924911058473250E-01 a      1372     1    24     2    22
  3.5195204361624488E-02 a      1373     1    24     2    23
 -8.8156855166036496E-01 a      1374     1    24     2    24
  6.1756520787454909E-02 a      1375     1    24     2    25
  1.2872439983074695E+00 a      1376     1    25     2     1
 -3.4415387442238049E-01 a      1377     1    25     2     2
 -3.7348494140420081E-02 a      1378     1    25     2     3
 -1.3987270481067060E-01 a      1379     1    25     2     4
 -1.3033551585644065E-01 a      1380     1    25     2     5
  1.1458684137006618E+00 a      1381     1    25     2     6
 -1.4803262702630743E-01 a      1382     1    25     2     7
  9.7901969419147616E-01 a      1383     1    25     2     8
 -3.8184284857089978E-01 a      1384     1    25     2     9
  1.0947289224871565E-01 a      1385     1    25     2    10
 -1.4394767511803284E+00 a      1386     1    25     2    11
  1.0561724743974620E-01 a      1387     1    25     2    12
 -2.0778429069668394E+00 a      1388     1    25     2    13
  9.9324008969519750E-01 a      1389     1    25     2    14
 -1.5039226977687845E+00 a      1390     1    25     2    15
  1.2566297416306540E+00 a      1391     1    25     2    16
 -3.0412577320687237E+00 a      1392     1    25     2    17
 -1.5998716946778364E+00 a      1393     1    25     2    18
  1.1669683961131780E-01 a      1394     1    25     2    19
  5.4407361824809464E-01 a      1395     1    25     2    20
 -8.7444589022769259E-01 a      1396     1    25     2    21
  1.0824652638887801E-01 a      1397     1    25     2    22
 -2.2642630539931039E+00 a      1398     1    25     2    23
  4.9400783858458058E-01 a      1399     1    25     2    24
  5.6131284628175404E-01 a      1400     1    25     2    25
  4.5412384914721207E+00 b      1401     2     1
 -2.9653410371887019E+00 b      1402     2     2
  5.0436166095608992E-01 b      1403     2     3
 -1.8247416913246203E-02 b      1404     2     4
  1.4469353597054557E+00 b      1405     2     5
  2.0847799636182298E+00 b      1406     2     6
  1.4726340899954954E-01 b      1407     2     7
  2.7407678035090846E+00 b      1408     2     8
 -2.7252444039643420E+00 b      1409     2     9
  4.0448125452942234E+00 b      1410     2    10
 -2.3887510347747778E-01 b      1411     2    11
  1.9000474002032670E+00 b      1412     2    12
  1.3055396114139075E+00 b      1413     2    13
  6.0380174519314496E+00 b      1414     2    14
 -2.9198277398759864E+00 b      1415     2    15
  3.4345734507969556E+00 b      1416     2    16
  1.0911326974261639E+00 b      1417     2    17
  5.0426835962878036E-01 b      1418     2    18
 -3.6133393207687087E-01 b      1419     2    19
 -2.6363460780349146E+00 b      1420     2    20
 -1.8113443084695491E+00 b      1421     2    21
 -6.2062988791563474E-02 b      1422     2    22
 -4.9703517463724465E+00 b      1423     2    23
  6.1392626974241582E-01 b      1424     2    24
  3.0010968420207362E-01 b      1425     2    25
 -1.5618581221163899E+00 a      1426     2     1     3     1
 -1.8075223601596959E+00 a      1427     2     2     3     1
  3.2487197475849015E+00 a      1428     2     3     3     1
  2.4900010309615492E+00 a      1429     2     4     3     1
  6.1208834561973435E-01 a      1430     2     5     3     1
  1.4043142544498268E+00 a      1431     2     6     3     1
  2.2013342220343586E+00 a      1432     2     7     3     1
  2.4195832142490157E+00 a      1433     2     8     3     1
  1.6474647783252505E+00 a      1434     2     9     3     1
 -1.3030043431769469E+00 a      1435     2    10     3     1
 -1.4144972405741878E+00 a      1436     2    11     3     1
  6.2079142049316893E-01 a      1437     2    12     3     1
  5.8389652223627631E-01 a      1438     2    13     3     1
  1.5747551418866641E+00 a      1439     2    14     3     1
  1.0826311158862307E+00 a      1440     2    15     3     1
  9.4578455632005165E-01 a      1441     2    16     3     1
 -7.0650173935500038E-01 a      1442     2    17     3     1
 -1.1558637493014572E+00 a      1443     2    18     3     1
 -1.4147071576112797E+00 a      1444     2    19     3     1
  4.1799886259067041E+00 a      1445     2    20     3     1
 -1.4648460799940786E+00 a      1446     2    21     3     1
  1.0925344979591425E+00 a      1447     2    22     3     1
 -1.6064736404452395E+00 a      1448     2    23     3     1
  1.7670977416160969E+00 a      1449     2    24     3     1
  2.2993364529270632E+00 a      1450     2    25     3     1
  4.8639995980227475E+00 b      1451     3     1
