################################################################################
# Neural network connection values (weights and biases).
################################################################################
# Col  Name       Description
################################################################################
# 1    connection Neural network connection value.
# 2    t          Connection type (a = weight, b = bias).
# 3    index      Index enumerating weights.
# 4    l_s        Starting point layer (end point layer for biases).
# 5    n_s        Starting point neuron in starting layer (end point neuron for biases).
# 6    l_e        End point layer.
# 7    n_e        End point neuron in end layer.
################################################################################
#                      1 2         3     4     5     6     7
#             connection t     index   l_s   n_s   l_e   n_e
############################################################
  1.2954992273782937E+01 a         1     0     1     1     1
 -5.2236189524627905E+00 a         2     0     1     1     2
  1.1677968684356064E+00 a         3     0     1     1     3
 -1.0916033055763569E+01 a         4     0     1     1     4
  1.1428726163996391E+01 a         5     0     1     1     5
 -1.0454937716837598E+00 a         6     0     1     1     6
  1.4858335121969658E+01 a         7     0     1     1     7
  8.1986616368276213E+00 a         8     0     1     1     8
 -1.8068068686741828E+01 a         9     0     1     1     9
  1.2032297275996338E+00 a        10     0     1     1    10
 -3.8971761814798320E+00 a        11     0     1     1    11
 -6.3696422187422042E-01 a        12     0     1     1    12
 -2.7573254709452888E-01 a        13     0     1     1    13
 -3.9039261619991890E+00 a        14     0     1     1    14
 -3.2852487856344244E+00 a        15     0     1     1    15
 -1.3607727478080609E+00 a        16     0     1     1    16
  7.3333369226592735E+00 a        17     0     1     1    17
  8.6803623296954342E+00 a        18     0     1     1    18
 -9.1486301924914173E+00 a        19     0     1     1    19
  3.6308554811256259E+00 a        20     0     1     1    20
  8.2883395903638295E+00 a        21     0     1     1    21
  1.7628840129316497E+01 a        22     0     1     1    22
 -2.8864621566080895E-01 a        23     0     1     1    23
 -1.9973997223901494E+00 a        24     0     1     1    24
  7.4458145121417045E+00 a        25     0     1     1    25
 -1.1721277135657067E+01 a        26     0     2     1     1
 -5.9449765603906597E+00 a        27     0     2     1     2
  1.0455013175977623E+01 a        28     0     2     1     3
  5.6555947366287507E+00 a        29     0     2     1     4
 -9.3222513853921480E+00 a        30     0     2     1     5
  6.2451172267755757E+00 a        31     0     2     1     6
 -2.0035281637856560E+01 a        32     0     2     1     7
 -4.0610989723632285E+00 a        33     0     2     1     8
  3.4499418508931941E+00 a        34     0     2     1     9
 -2.4256505244372693E+01 a        35     0     2     1    10
  2.5981842841135791E+01 a        36     0     2     1    11
 -6.3844140829434153E+00 a        37     0     2     1    12
  6.7186059234968116E+00 a        38     0     2     1    13
 -2.4646747961330910E+00 a        39     0     2     1    14
  5.6747461009748248E+00 a        40     0     2     1    15
  3.5973210966161639E+00 a        41     0     2     1    16
  1.4069476610572709E+01 a        42     0     2     1    17
 -2.0001567024784091E+01 a        43     0     2     1    18
  1.2202958864837422E+01 a        44     0     2     1    19
  4.3636458712715838E+00 a        45     0     2     1    20
  6.1093328046668178E+00 a        46     0     2     1    21
  7.3680321775092752E+00 a        47     0     2     1    22
 -5.6000254466273991E-01 a        48     0     2     1    23
  4.7304970246006839E+00 a        49     0     2     1    24
 -1.8414876765959910E+01 a        50     0     2     1    25
 -1.0245074404866378E+01 a        51     0     3     1     1
  1.2315081960648252E+01 a        52     0     3     1     2
  1.9550590739907409E-01 a        53     0     3     1     3
  9.2844407336264947E+00 a        54     0     3     1     4
 -1.9392698828263143E+01 a        55     0     3     1     5
 -4.0547803455839482E+00 a        56     0     3     1     6
 -8.2636195804740673E+00 a        57     0     3     1     7
 -1.2625319889116906E+01 a        58     0     3     1     8
  2.0314684188412436E+01 a        59     0     3     1     9
  9.8510392463000880E+00 a        60     0     3     1    10
 -1.4776326077516924E+01 a        61     0     3     1    11
  8.0108496855053293E+00 a        62     0     3     1    12
  4.7349012561437371E+00 a        63     0     3     1    13
  1.3208890537996385E+01 a        64     0     3     1    14
  2.5834847976359026E+00 a        65     0     3     1    15
  3.2783809577005814E+00 a        66     0     3     1    16
 -2.0067972017087587E+01 a        67     0     3     1    17
 -8.1529732814567364E+00 a        68     0     3     1    18
  1.5566202665990103E+00 a        69     0     3     1    19
 -9.2163042640674107E+00 a        70     0     3     1    20
 -2.1857299801998646E+01 a        71     0     3     1    21
 -1.8965362789187846E+01 a        72     0     3     1    22
  1.1053640188071217E+00 a        73     0     3     1    23
  2.9949934959722768E-02 a        74     0     3     1    24
 -7.7506843161461312E+00 a        75     0     3     1    25
  1.3257655587263597E+01 a        76     0     4     1     1
  1.7747114490956765E+01 a        77     0     4     1     2
 -2.1375042724082999E+01 a        78     0     4     1     3
  1.3198715125421974E+00 a        79     0     4     1     4
  1.6856583333206029E+01 a        80     0     4     1     5
 -9.2391941797546124E+00 a        81     0     4     1     6
  2.0001423432857216E+01 a        82     0     4     1     7
  1.0079607414257906E+01 a        83     0     4     1     8
  1.0103197813594495E+01 a        84     0     4     1     9
  4.0947486741145248E+01 a        85     0     4     1    10
 -3.1783485971302380E+01 a        86     0     4     1    11
  9.1250483043488835E+00 a        87     0     4     1    12
 -1.1240282148473465E+01 a        88     0     4     1    13
 -4.4440580644684751E+00 a        89     0     4     1    14
 -1.1900996435244167E+01 a        90     0     4     1    15
  1.4597737041425611E+00 a        91     0     4     1    16
 -1.3740358318515911E+01 a        92     0     4     1    17
  3.1968553457664832E+01 a        93     0     4     1    18
 -5.9013522012673283E+00 a        94     0     4     1    19
 -5.0452031325227873E+00 a        95     0     4     1    20
 -7.0392116386810626E+00 a        96     0     4     1    21
 -3.3772499982376104E+01 a        97     0     4     1    22
 -5.1689338580593178E+00 a        98     0     4     1    23
 -1.0166789557263685E+01 a        99     0     4     1    24
  2.9547090726492954E+01 a       100     0     4     1    25
 -1.5126809039582916E+00 a       101     0     5     1     1
 -1.9102591885237334E+01 a       102     0     5     1     2
 -2.7958634649531993E+00 a       103     0     5     1     3
 -4.2348742308375620E+00 a       104     0     5     1     4
  2.2250434634628803E+01 a       105     0     5     1     5
  1.0068358723777774E+01 a       106     0     5     1     6
 -1.2307482332453443E+01 a       107     0     5     1     7
  4.3354057358704843E+00 a       108     0     5     1     8
 -1.3364401031136333E+01 a       109     0     5     1     9
 -2.0688644867697935E+01 a       110     0     5     1    10
  2.4543647016335861E+01 a       111     0     5     1    11
 -9.0749547362150871E+00 a       112     0     5     1    12
 -1.0094545414019287E+00 a       113     0     5     1    13
 -9.7409009048847039E+00 a       114     0     5     1    14
  4.3505835505708585E+00 a       115     0     5     1    15
 -1.1394101846122067E+00 a       116     0     5     1    16
  8.7168032524017036E+00 a       117     0     5     1    17
  5.8535419598495979E+00 a       118     0     5     1    18
 -1.6263547710088865E+01 a       119     0     5     1    19
  8.7385932155811368E+00 a       120     0     5     1    20
  2.8919568090779425E+01 a       121     0     5     1    21
  6.0535631808544013E+00 a       122     0     5     1    22
  5.4766572596142051E+00 a       123     0     5     1    23
  2.9613918169144156E+00 a       124     0     5     1    24
 -4.4725934008760504E+00 a       125     0     5     1    25
 -3.1285115240858663E+00 a       126     0     6     1     1
 -1.7874680177664107E+01 a       127     0     6     1     2
  9.7164044311676712E+00 a       128     0     6     1     3
 -7.4972791138198875E+00 a       129     0     6     1     4
 -2.4337580090458612E+01 a       130     0     6     1     5
  5.5548114618429612E+00 a       131     0     6     1     6
 -4.7904530774373653E+00 a       132     0     6     1     7
 -9.5760536699702268E+00 a       133     0     6     1     8
 -8.1978886385400127E+00 a       134     0     6     1     9
 -3.6798790710972412E+01 a       135     0     6     1    10
  1.9662136920525807E+01 a       136     0     6     1    11
 -1.9545540367222647E+00 a       137     0     6     1    12
 -2.7343754109728455E+00 a       138     0     6     1    13
  1.1475448658195797E+01 a       139     0     6     1    14
  8.9370894418489879E+00 a       140     0     6     1    15
 -1.0327561988252265E+01 a       141     0     6     1    16
  9.8869930676772704E+00 a       142     0     6     1    17
 -2.7687647358031057E+01 a       143     0     6     1    18
 -9.0396454435987172E-01 a       144     0     6     1    19
 -6.5886173834707868E+00 a       145     0     6     1    20
 -7.7209843010566974E+00 a       146     0     6     1    21
  3.6810007546661247E+01 a       147     0     6     1    22
  1.1778084538695138E+01 a       148     0     6     1    23
  9.8340713855243127E+00 a       149     0     6     1    24
 -8.4736835970032907E+00 a       150     0     6     1    25
  7.8427686892905344E+00 a       151     0     7     1     1
  2.1440368731709857E+01 a       152     0     7     1     2
  6.5278017939414923E+00 a       153     0     7     1     3
  9.2885054912771334E+00 a       154     0     7     1     4
 -1.5356054637376760E+01 a       155     0     7     1     5
 -4.0156607394048907E+00 a       156     0     7     1     6
  1.0967307827144660E+01 a       157     0     7     1     7
  1.3352199543182744E+01 a       158     0     7     1     8
  6.3797088519692000E+00 a       159     0     7     1     9
  1.6974041390809852E+01 a       160     0     7     1    10
 -2.2508764294923559E+01 a       161     0     7     1    11
  1.0765646775171161E+01 a       162     0     7     1    12
 -8.2767031230193151E+00 a       163     0     7     1    13
  1.3617492347592577E+01 a       164     0     7     1    14
 -6.2281368408293254E+00 a       165     0     7     1    15
 -7.0144165678829218E+00 a       166     0     7     1    16
  8.4019450387940964E-01 a       167     0     7     1    17
  1.2750846642660671E+00 a       168     0     7     1    18
  2.1518375379346409E+01 a       169     0     7     1    19
  2.4805157650409670E+00 a       170     0     7     1    20
 -1.5284103653782829E+01 a       171     0     7     1    21
  1.3876322681846805E+01 a       172     0     7     1    22
 -8.2914598840780513E+00 a       173     0     7     1    23
 -6.5011059729198255E+00 a       174     0     7     1    24
  6.5338854810664921E+00 a       175     0     7     1    25
  6.4928471851582548E-01 a       176     0     8     1     1
  1.4231803650348951E+01 a       177     0     8     1     2
  1.2089854233161248E+01 a       178     0     8     1     3
  1.8005198689807937E+01 a       179     0     8     1     4
  6.3001298550294473E+00 a       180     0     8     1     5
 -1.9652592389883395E+01 a       181     0     8     1     6
  2.0315045613129509E+01 a       182     0     8     1     7
 -7.4073165912027228E-01 a       183     0     8     1     8
 -5.4831092123513407E+00 a       184     0     8     1     9
  2.4679361177771771E+01 a       185     0     8     1    10
 -1.3348120410221909E+00 a       186     0     8     1    11
 -6.6880034823083285E+00 a       187     0     8     1    12
 -4.4250134947975840E-02 a       188     0     8     1    13
 -9.5938625939377271E+00 a       189     0     8     1    14
  5.6460501704762986E+00 a       190     0     8     1    15
 -1.5568564080354262E+01 a       191     0     8     1    16
 -1.8046830507412523E+01 a       192     0     8     1    17
  5.2012632785070538E+00 a       193     0     8     1    18
  2.4223706339486231E+01 a       194     0     8     1    19
  1.0464871903512476E+01 a       195     0     8     1    20
 -8.9516908617036712E+00 a       196     0     8     1    21
 -2.8339006434409018E+00 a       197     0     8     1    22
 -4.9755383799595103E+00 a       198     0     8     1    23
  1.2279036514798721E+01 a       199     0     8     1    24
 -2.3810853733842976E+01 a       200     0     8     1    25
 -4.9299077478069782E+00 a       201     0     9     1     1
 -3.4965694929435753E+00 a       202     0     9     1     2
 -5.8850286380208541E+00 a       203     0     9     1     3
 -3.4195242754546094E+00 a       204     0     9     1     4
  9.0769991176056308E+00 a       205     0     9     1     5
  2.7234269968668841E+00 a       206     0     9     1     6
 -7.7793104441632117E+00 a       207     0     9     1     7
 -7.2626450144900643E+00 a       208     0     9     1     8
  3.3037355727951541E+00 a       209     0     9     1     9
 -6.9185991955712591E+00 a       210     0     9     1    10
  1.9441995257460132E+00 a       211     0     9     1    11
 -4.8787461022631984E+00 a       212     0     9     1    12
  7.8969190993856575E+00 a       213     0     9     1    13
 -3.6597716097541531E+00 a       214     0     9     1    14
  6.9923739296809906E+00 a       215     0     9     1    15
  8.1382231881579248E+00 a       216     0     9     1    16
  1.8102187087487770E-01 a       217     0     9     1    17
  1.2135301158389338E+00 a       218     0     9     1    18
 -1.4671186911607906E+01 a       219     0     9     1    19
 -1.0149835113898979E+01 a       220     0     9     1    20
  1.2251207020017208E+01 a       221     0     9     1    21
 -1.2150474342301264E+01 a       222     0     9     1    22
 -7.9698236989461813E-01 a       223     0     9     1    23
  4.1188040239615678E+00 a       224     0     9     1    24
 -6.5538827240440085E+00 a       225     0     9     1    25
  5.7812582822520797E-01 a       226     0    10     1     1
 -4.1060843518669188E+00 a       227     0    10     1     2
 -1.9878384387169556E+00 a       228     0    10     1     3
 -2.3962177283054711E+00 a       229     0    10     1     4
  7.1333985419860646E+00 a       230     0    10     1     5
  6.2746594319955014E+00 a       231     0    10     1     6
 -9.1906026818128748E+00 a       232     0    10     1     7
 -1.4234513692153306E+00 a       233     0    10     1     8
  3.1672090662425116E+00 a       234     0    10     1     9
 -1.6095135078138594E+00 a       235     0    10     1    10
 -6.0216496971581890E+00 a       236     0    10     1    11
  5.1218873534936937E-01 a       237     0    10     1    12
  1.1952988121877961E+01 a       238     0    10     1    13
 -3.2027195695839361E+00 a       239     0    10     1    14
 -3.6471741888159093E+00 a       240     0    10     1    15
  1.1608476689016664E+01 a       241     0    10     1    16
  7.5063534187994883E+00 a       242     0    10     1    17
  5.0111858800154332E+00 a       243     0    10     1    18
 -7.5908147933140393E+00 a       244     0    10     1    19
  1.6192756673726203E+00 a       245     0    10     1    20
  8.8745012146822067E+00 a       246     0    10     1    21
 -8.1815841781586460E+00 a       247     0    10     1    22
 -3.1807349043324016E+00 a       248     0    10     1    23
 -9.4639432465524411E+00 a       249     0    10     1    24
  5.9509931188337752E+00 a       250     0    10     1    25
  7.6925123851959931E-02 a       251     0    11     1     1
  4.2085756549259798E+00 a       252     0    11     1     2
  3.1600831650756445E+00 a       253     0    11     1     3
  2.8960955129635955E+00 a       254     0    11     1     4
 -2.4784164743328607E+00 a       255     0    11     1     5
  1.7285661885117132E+00 a       256     0    11     1     6
  1.4526769623691167E+00 a       257     0    11     1     7
  4.8684718084492706E+00 a       258     0    11     1     8
 -8.4519649103910555E-01 a       259     0    11     1     9
  4.6524311074605889E+00 a       260     0    11     1    10
 -1.8311364472161287E+00 a       261     0    11     1    11
  3.8627529425907081E+00 a       262     0    11     1    12
 -5.2747527432901338E+00 a       263     0    11     1    13
  8.0986724406816124E-01 a       264     0    11     1    14
 -6.2137876607673359E+00 a       265     0    11     1    15
  1.3674433091815916E+00 a       266     0    11     1    16
  1.0199962566164598E+00 a       267     0    11     1    17
  1.2386838471362889E+00 a       268     0    11     1    18
  4.5024480080205089E+00 a       269     0    11     1    19
  1.0177612671815237E+00 a       270     0    11     1    20
  9.2404897343349016E-02 a       271     0    11     1    21
  3.6289189224034861E+00 a       272     0    11     1    22
 -1.8917096808328500E+00 a       273     0    11     1    23
 -7.0293658014186722E-01 a       274     0    11     1    24
  2.4639432972626509E+00 a       275     0    11     1    25
  2.5020108651161788E-01 a       276     0    12     1     1
 -1.1739470943714261E+00 a       277     0    12     1     2
 -2.3863972058534935E+00 a       278     0    12     1     3
 -2.7110506351374593E+00 a       279     0    12     1     4
 -3.7604559454746229E+00 a       280     0    12     1     5
  1.3287417698678885E+00 a       281     0    12     1     6
  3.2315523027923247E+00 a       282     0    12     1     7
  6.1650473618711796E+00 a       283     0    12     1     8
  1.3603387366103301E+00 a       284     0    12     1     9
  2.3504436036888903E+00 a       285     0    12     1    10
  1.6256155879207124E+00 a       286     0    12     1    11
  2.3631236756224787E+00 a       287     0    12     1    12
 -6.5388286467017753E+00 a       288     0    12     1    13
  4.6239429142424378E+00 a       289     0    12     1    14
 -8.5013476663330745E-01 a       290     0    12     1    15
  2.4070885328746008E+00 a       291     0    12     1    16
  4.7873216020230358E-01 a       292     0    12     1    17
  6.8523075957066482E-01 a       293     0    12     1    18
  4.5504233545364259E-01 a       294     0    12     1    19
 -5.3239755356693719E+00 a       295     0    12     1    20
 -4.1382586531274024E+00 a       296     0    12     1    21
  3.1356370357988390E+00 a       297     0    12     1    22
  5.1040148865763211E+00 a       298     0    12     1    23
  3.2450410934881813E+00 a       299     0    12     1    24
  6.8620246587485632E+00 a       300     0    12     1    25
 -9.5495385964508117E-01 a       301     0    13     1     1
 -1.7405061487152844E+00 a       302     0    13     1     2
 -1.4246690175794283E+00 a       303     0    13     1     3
  1.4382665467966291E+00 a       304     0    13     1     4
  1.4365992822521514E+00 a       305     0    13     1     5
 -7.9415569192856295E-01 a       306     0    13     1     6
  7.3740062419451280E-01 a       307     0    13     1     7
 -9.8616703204825018E-01 a       308     0    13     1     8
  1.3497362827758081E+00 a       309     0    13     1     9
 -3.3766916335913129E+00 a       310     0    13     1    10
  8.4008851261723372E-01 a       311     0    13     1    11
 -6.0802068438085478E-02 a       312     0    13     1    12
  1.9943869231193487E+00 a       313     0    13     1    13
 -2.9526874108073877E+00 a       314     0    13     1    14
  2.5898970728400252E+00 a       315     0    13     1    15
 -2.5279489351942757E+00 a       316     0    13     1    16
 -3.5045192208529889E+00 a       317     0    13     1    17
 -4.5758826183994045E-02 a       318     0    13     1    18
 -1.8613518546781471E+00 a       319     0    13     1    19
  3.6918561672255173E-01 a       320     0    13     1    20
  1.0671029354311017E+00 a       321     0    13     1    21
 -3.6090488675448595E-01 a       322     0    13     1    22
  1.7403528792881600E+00 a       323     0    13     1    23
 -1.0926480049021593E-01 a       324     0    13     1    24
  1.3630711244079547E+00 a       325     0    13     1    25
 -6.3298679034431549E-01 a       326     0    14     1     1
 -2.2150290021949921E+00 a       327     0    14     1     2
 -9.5892484681553680E-01 a       328     0    14     1     3
  3.9802456846869960E-01 a       329     0    14     1     4
  5.8991060364127812E-01 a       330     0    14     1     5
 -1.6449280843594233E-01 a       331     0    14     1     6
 -1.1924741731784285E+00 a       332     0    14     1     7
 -2.1433169376337311E+00 a       333     0    14     1     8
  1.8959269523595608E+00 a       334     0    14     1     9
  2.1570509242926678E-01 a       335     0    14     1    10
  9.0257473183121051E-01 a       336     0    14     1    11
 -1.9676045407590551E-01 a       337     0    14     1    12
 -1.8252518154872213E-01 a       338     0    14     1    13
 -7.6489845529184497E-01 a       339     0    14     1    14
  2.8725793036466012E+00 a       340     0    14     1    15
 -4.8498427345101813E-01 a       341     0    14     1    16
  1.5203133017531669E+00 a       342     0    14     1    17
  8.6427862520349608E-01 a       343     0    14     1    18
 -9.2316116872903120E-01 a       344     0    14     1    19
  1.5923488840048849E+00 a       345     0    14     1    20
  1.5571469559291085E+00 a       346     0    14     1    21
 -1.4819032137952763E+00 a       347     0    14     1    22
 -1.8975884238638345E+00 a       348     0    14     1    23
 -1.5875375331023389E+00 a       349     0    14     1    24
  5.8294672467128972E-01 a       350     0    14     1    25
  7.2655953863398737E-01 a       351     0    15     1     1
 -1.5843254286217947E+00 a       352     0    15     1     2
  4.7296270594707668E-01 a       353     0    15     1     3
 -1.6198045960154910E+00 a       354     0    15     1     4
  8.0307352536939913E-01 a       355     0    15     1     5
  5.1736378752512113E-01 a       356     0    15     1     6
 -2.5438513772642035E-01 a       357     0    15     1     7
 -7.9446445859654535E-01 a       358     0    15     1     8
 -1.0355096921342295E+00 a       359     0    15     1     9
  1.4160736197471395E+00 a       360     0    15     1    10
  5.9301069727221134E-01 a       361     0    15     1    11
 -1.5906817862306219E-01 a       362     0    15     1    12
 -3.2636699192667690E-01 a       363     0    15     1    13
  2.5098081149094054E-01 a       364     0    15     1    14
 -1.3962345317008185E+00 a       365     0    15     1    15
  1.8506495699556247E+00 a       366     0    15     1    16
  2.8159276366586190E+00 a       367     0    15     1    17
 -2.2208185690349929E+00 a       368     0    15     1    18
 -3.5005239276284689E-01 a       369     0    15     1    19
  5.0446424973389337E-01 a       370     0    15     1    20
  7.1028042956045156E-01 a       371     0    15     1    21
 -8.3534536889474575E-01 a       372     0    15     1    22
  8.2207676686853848E-01 a       373     0    15     1    23
  6.9419388252933745E-01 a       374     0    15     1    24
  3.7744377359259085E-01 a       375     0    15     1    25
 -9.7568477083814731E-01 a       376     0    16     1     1
 -2.2582372880514932E+00 a       377     0    16     1     2
 -5.5951003697840729E-01 a       378     0    16     1     3
 -1.9189044346468127E+00 a       379     0    16     1     4
 -1.0313978044651664E-01 a       380     0    16     1     5
 -2.0198268435195504E-01 a       381     0    16     1     6
 -3.5342316497483700E-01 a       382     0    16     1     7
  1.1413534608398561E+00 a       383     0    16     1     8
  3.4443134797206792E-01 a       384     0    16     1     9
  8.2384304868932601E-01 a       385     0    16     1    10
 -1.7831738455335080E+00 a       386     0    16     1    11
  2.8889802215909732E-01 a       387     0    16     1    12
  1.1590918662822987E+00 a       388     0    16     1    13
  3.2670151108823625E-01 a       389     0    16     1    14
  7.8006628291557370E-03 a       390     0    16     1    15
  1.9375509752446773E-01 a       391     0    16     1    16
  3.1936122047096434E+00 a       392     0    16     1    17
  4.6842264028483399E-01 a       393     0    16     1    18
 -1.1697355400202101E+00 a       394     0    16     1    19
  4.0050558294497596E-01 a       395     0    16     1    20
  1.0050798064018931E-01 a       396     0    16     1    21
 -5.1555371747756917E-01 a       397     0    16     1    22
  1.4673271605449902E+00 a       398     0    16     1    23
 -2.0756271720447697E-01 a       399     0    16     1    24
  1.4061820069067552E+00 a       400     0    16     1    25
 -6.2758809844756591E-01 a       401     0    17     1     1
 -5.2251053551911752E+00 a       402     0    17     1     2
 -7.8167183382879166E+00 a       403     0    17     1     3
 -2.2928524350748128E-01 a       404     0    17     1     4
  9.9436169968403632E-01 a       405     0    17     1     5
  4.9607797706566377E+00 a       406     0    17     1     6
  9.7523372291194921E+00 a       407     0    17     1     7
  6.0546805987454277E-01 a       408     0    17     1     8
 -3.6284185509151318E-01 a       409     0    17     1     9
 -5.9071702952678145E+00 a       410     0    17     1    10
  1.1894722083860205E+00 a       411     0    17     1    11
  2.8401171745389679E+00 a       412     0    17     1    12
 -1.1330239896728669E+01 a       413     0    17     1    13
  5.1488432404752613E+00 a       414     0    17     1    14
  3.6970248423897503E+00 a       415     0    17     1    15
 -2.6336761783953322E+00 a       416     0    17     1    16
 -5.7380541880912950E-01 a       417     0    17     1    17
 -2.5507841975166561E+00 a       418     0    17     1    18
  2.0378281089807757E+00 a       419     0    17     1    19
 -5.1596656057417833E+00 a       420     0    17     1    20
  5.9205037734677388E+00 a       421     0    17     1    21
 -1.7536986008689466E+00 a       422     0    17     1    22
 -1.0146774347362511E+01 a       423     0    17     1    23
 -7.7472857730217699E+00 a       424     0    17     1    24
  6.1609243435784100E-01 a       425     0    17     1    25
 -1.5372930416544324E+00 a       426     0    18     1     1
 -1.2613870303299948E+00 a       427     0    18     1     2
  4.8510541990510836E+00 a       428     0    18     1     3
  3.2653101331604475E+00 a       429     0    18     1     4
  4.3533410784105964E-01 a       430     0    18     1     5
  1.3920134664821191E+00 a       431     0    18     1     6
 -1.2970518892594136E+00 a       432     0    18     1     7
 -5.5690095849000079E+00 a       433     0    18     1     8
  7.6919508632607192E-01 a       434     0    18     1     9
  6.7997455517042649E-01 a       435     0    18     1    10
 -3.0636710906057809E+00 a       436     0    18     1    11
 -1.2217084267726539E+00 a       437     0    18     1    12
 -1.9003075416890369E+00 a       438     0    18     1    13
  2.4031947132374082E-01 a       439     0    18     1    14
  1.0883824206927033E+00 a       440     0    18     1    15
  3.1693567149381172E+00 a       441     0    18     1    16
 -3.1794900916742703E+00 a       442     0    18     1    17
  2.4161597446729934E+00 a       443     0    18     1    18
 -1.4372702269284376E+00 a       444     0    18     1    19
  1.5039510683559936E+00 a       445     0    18     1    20
 -6.1133030733207443E+00 a       446     0    18     1    21
 -1.6495637388196038E+00 a       447     0    18     1    22
  2.6221845028074009E+00 a       448     0    18     1    23
  7.6377644717898425E+00 a       449     0    18     1    24
 -2.2791862399305893E+00 a       450     0    18     1    25
 -1.3305746958416641E+01 a       451     0    19     1     1
  9.3433309394506523E+00 a       452     0    19     1     2
  1.0625842824181282E+01 a       453     0    19     1     3
  5.2304393784214112E+00 a       454     0    19     1     4
  1.0069555730037255E+01 a       455     0    19     1     5
 -7.9542973958104946E-01 a       456     0    19     1     6
  5.3975194735995373E+00 a       457     0    19     1     7
 -1.7071684354704807E+01 a       458     0    19     1     8
 -5.7389814956793757E+00 a       459     0    19     1     9
  2.6562873188181893E+01 a       460     0    19     1    10
  1.0540932716059996E+00 a       461     0    19     1    11
 -2.9783102967558758E+01 a       462     0    19     1    12
 -7.7161026746172257E-01 a       463     0    19     1    13
 -2.4021499828118902E+01 a       464     0    19     1    14
  1.2545056077528143E+01 a       465     0    19     1    15
  2.9520565915991011E+00 a       466     0    19     1    16
 -5.0384690331323734E+00 a       467     0    19     1    17
  1.4771458211431852E+00 a       468     0    19     1    18
  2.0726757906896534E+01 a       469     0    19     1    19
 -2.8889745668573217E+00 a       470     0    19     1    20
  9.0309653002149286E+00 a       471     0    19     1    21
 -2.8423338295133980E+00 a       472     0    19     1    22
 -1.2706931720351550E+01 a       473     0    19     1    23
  7.0186017156130298E-01 a       474     0    19     1    24
  5.4486272666295168E+00 a       475     0    19     1    25
  2.2733634229326483E+00 a       476     0    20     1     1
 -1.4885415793880947E+01 a       477     0    20     1     2
  7.1361762935201520E+00 a       478     0    20     1     3
 -4.7108999480369125E+00 a       479     0    20     1     4
 -3.0463870783026779E+00 a       480     0    20     1     5
  2.0473197231311779E+00 a       481     0    20     1     6
 -3.3561414098787840E-01 a       482     0    20     1     7
  5.9293178230410817E+00 a       483     0    20     1     8
 -3.6113936486431562E+00 a       484     0    20     1     9
 -1.7246095190766852E+01 a       485     0    20     1    10
 -1.5298216585672972E+00 a       486     0    20     1    11
  1.3951214307206161E+01 a       487     0    20     1    12
  2.8204010216365432E+00 a       488     0    20     1    13
  2.2841632718391352E+01 a       489     0    20     1    14
 -8.4885632320357409E+00 a       490     0    20     1    15
 -1.6289034340362988E+01 a       491     0    20     1    16
 -5.0721187883736434E+00 a       492     0    20     1    17
 -1.0862641868570000E+00 a       493     0    20     1    18
 -1.8840932646229923E+01 a       494     0    20     1    19
  2.3842847901297749E-02 a       495     0    20     1    20
 -2.3472184906019748E+00 a       496     0    20     1    21
  1.1521709924427131E-01 a       497     0    20     1    22
  8.2412055215208344E+00 a       498     0    20     1    23
 -4.2722658932343407E+00 a       499     0    20     1    24
 -7.6171826780261940E+00 a       500     0    20     1    25
 -3.7883279022572208E-01 a       501     0    21     1     1
 -9.7713294193706746E-01 a       502     0    21     1     2
  6.2588054335486076E-01 a       503     0    21     1     3
  1.1549922303270872E+00 a       504     0    21     1     4
  6.6130229643027283E-02 a       505     0    21     1     5
 -3.0765801273365136E+00 a       506     0    21     1     6
 -2.4846492529061646E+00 a       507     0    21     1     7
 -3.6560055872015043E+00 a       508     0    21     1     8
 -1.4872781942912466E-01 a       509     0    21     1     9
  1.3976920561093473E+00 a       510     0    21     1    10
 -6.6569791766817765E-01 a       511     0    21     1    11
 -2.4958731196460713E+00 a       512     0    21     1    12
  9.0102658356583021E+00 a       513     0    21     1    13
 -2.1210569774050398E+00 a       514     0    21     1    14
 -4.7960956245355151E+00 a       515     0    21     1    15
 -1.4429458512181117E+00 a       516     0    21     1    16
 -1.0824799088552790E+00 a       517     0    21     1    17
  1.8335306009255283E-02 a       518     0    21     1    18
 -7.5963705464332385E+00 a       519     0    21     1    19
  6.1315299052335670E-01 a       520     0    21     1    20
 -2.2550038984630625E+00 a       521     0    21     1    21
  1.2714525450211538E+00 a       522     0    21     1    22
  5.0966686578278146E+00 a       523     0    21     1    23
 -8.3436992834283241E-02 a       524     0    21     1    24
  4.2973581464851508E-02 a       525     0    21     1    25
 -5.4265719201462859E-01 a       526     0    22     1     1
  2.4983835151282918E-01 a       527     0    22     1     2
 -1.3606110242441479E+01 a       528     0    22     1     3
  1.7642302198758562E+00 a       529     0    22     1     4
 -4.6676006077171737E+00 a       530     0    22     1     5
 -1.0418827954398473E+00 a       531     0    22     1     6
 -1.8449345249839688E+00 a       532     0    22     1     7
  1.4747603155049037E+01 a       533     0    22     1     8
  6.4876274056362044E+00 a       534     0    22     1     9
 -4.0110671235508404E+00 a       535     0    22     1    10
  7.7235296966566622E+00 a       536     0    22     1    11
  8.3137139528562951E+00 a       537     0    22     1    12
 -1.1588149240162080E+01 a       538     0    22     1    13
 -1.7520985016603716E-01 a       539     0    22     1    14
 -6.7522137056453015E+00 a       540     0    22     1    15
  5.1133821238653079E+00 a       541     0    22     1    16
  8.3672729924376128E+00 a       542     0    22     1    17
 -4.5928804965048570E-01 a       543     0    22     1    18
  1.0150836757987557E+01 a       544     0    22     1    19
  8.1826031238108357E+00 a       545     0    22     1    20
 -6.8395623004211714E+00 a       546     0    22     1    21
  7.4309950669201932E+00 a       547     0    22     1    22
  5.6057440988400762E+00 a       548     0    22     1    23
  9.9990619136381387E-01 a       549     0    22     1    24
  2.5114828256553632E+00 a       550     0    22     1    25
  2.4657277241669391E+00 a       551     0    23     1     1
 -4.5521447490109788E+00 a       552     0    23     1     2
  1.3998369249227374E+00 a       553     0    23     1     3
 -2.9501388182261601E-01 a       554     0    23     1     4
 -8.5600725500815038E+00 a       555     0    23     1     5
 -1.6772030190845562E+00 a       556     0    23     1     6
  9.6964779539118044E+00 a       557     0    23     1     7
 -2.9763100164294944E+00 a       558     0    23     1     8
 -7.1958539291196866E+00 a       559     0    23     1     9
 -2.0459225124081768E+00 a       560     0    23     1    10
  1.0464911084524529E+01 a       561     0    23     1    11
  5.4491460695801237E+00 a       562     0    23     1    12
 -1.4705384595299144E+01 a       563     0    23     1    13
 -1.4290781741031433E+01 a       564     0    23     1    14
  2.9081885158661311E+00 a       565     0    23     1    15
  1.3289506981417905E+00 a       566     0    23     1    16
 -2.7102762609518378E+00 a       567     0    23     1    17
  7.4435104235618876E-01 a       568     0    23     1    18
  6.9700566444273964E+00 a       569     0    23     1    19
  1.7596593671074736E+01 a       570     0    23     1    20
 -1.0417046914712701E+01 a       571     0    23     1    21
 -4.4766331316752552E+00 a       572     0    23     1    22
  1.6616787459950483E+01 a       573     0    23     1    23
  7.9062073921962197E+00 a       574     0    23     1    24
  5.7921351391649560E+00 a       575     0    23     1    25
 -2.1894979179625111E+01 a       576     0    24     1     1
  1.1923228182864051E+01 a       577     0    24     1     2
 -1.4787069692774281E+01 a       578     0    24     1     3
 -1.1088390743948755E+01 a       579     0    24     1     4
  1.6161595282968829E+01 a       580     0    24     1     5
 -4.0570796424186186E+00 a       581     0    24     1     6
 -1.1826937169599431E+01 a       582     0    24     1     7
  6.0063536054853133E+00 a       583     0    24     1     8
  4.2087084975184283E+01 a       584     0    24     1     9
 -7.3394847816856066E+00 a       585     0    24     1    10
  8.4923026628760867E-01 a       586     0    24     1    11
 -1.4168803266626961E+00 a       587     0    24     1    12
  8.7957450597722282E+00 a       588     0    24     1    13
  2.9250241586984438E+00 a       589     0    24     1    14
 -1.1553538398894297E+01 a       590     0    24     1    15
  2.0213425630035633E+01 a       591     0    24     1    16
  1.4785766489933352E+00 a       592     0    24     1    17
 -9.9875497373880737E+00 a       593     0    24     1    18
 -1.3365739576687325E+01 a       594     0    24     1    19
 -2.4646297010688327E+00 a       595     0    24     1    20
  1.3668076182015572E+01 a       596     0    24     1    21
  8.2230259710265372E+00 a       597     0    24     1    22
 -1.5815017281076463E+01 a       598     0    24     1    23
 -1.5375869455227711E+01 a       599     0    24     1    24
  7.8894958635996257E+00 a       600     0    24     1    25
  2.8397552232290120E+00 a       601     0    25     1     1
 -2.2645150106925605E+01 a       602     0    25     1     2
  3.7490891533899013E+00 a       603     0    25     1     3
  1.6011332204048404E+01 a       604     0    25     1     4
 -2.0905548455755389E+00 a       605     0    25     1     5
  6.6791126611449245E+00 a       606     0    25     1     6
  2.9961515147287415E+01 a       607     0    25     1     7
  3.1657654905436665E+00 a       608     0    25     1     8
 -1.6910471152640529E+01 a       609     0    25     1     9
 -2.5717203665321811E+00 a       610     0    25     1    10
 -5.3002181205002810E+00 a       611     0    25     1    11
 -1.2707055460368857E+00 a       612     0    25     1    12
  4.0807014508424988E+00 a       613     0    25     1    13
  7.4670910028152218E+00 a       614     0    25     1    14
  3.2125459393911027E+00 a       615     0    25     1    15
 -1.7997354884219579E+01 a       616     0    25     1    16
 -6.3424625517133260E-01 a       617     0    25     1    17
  1.2499888771584423E+01 a       618     0    25     1    18
 -7.2391157715605781E-01 a       619     0    25     1    19
 -8.7391468417983340E+00 a       620     0    25     1    20
 -1.0018236460609551E+00 a       621     0    25     1    21
  5.4749503867985059E+00 a       622     0    25     1    22
  7.9858196049503682E+00 a       623     0    25     1    23
 -1.7564548450659152E+00 a       624     0    25     1    24
 -1.4629782775187998E+01 a       625     0    25     1    25
  2.7640102636910333E+00 a       626     0    26     1     1
 -5.1592699797152719E-01 a       627     0    26     1     2
  3.1365268931962302E+00 a       628     0    26     1     3
 -4.2004989961070205E+00 a       629     0    26     1     4
  8.9916117312890691E+00 a       630     0    26     1     5
  2.9841450648816150E+00 a       631     0    26     1     6
  1.2261590453609195E+01 a       632     0    26     1     7
 -1.7743264314931970E+01 a       633     0    26     1     8
  3.7646267100536468E+00 a       634     0    26     1     9
  3.6865367470720560E+00 a       635     0    26     1    10
 -2.1849143624148262E+00 a       636     0    26     1    11
  1.0475299736238146E+00 a       637     0    26     1    12
  2.1831698987747824E+01 a       638     0    26     1    13
  1.0981964872039416E+00 a       639     0    26     1    14
  3.3910820843383327E+00 a       640     0    26     1    15
  7.5540230909774726E+00 a       641     0    26     1    16
 -5.2291794070177335E+00 a       642     0    26     1    17
  3.9749129756606210E+00 a       643     0    26     1    18
 -1.0569553523619893E+01 a       644     0    26     1    19
 -1.5538592338044197E+01 a       645     0    26     1    20
 -2.0592649996450803E+00 a       646     0    26     1    21
 -8.0246707506597605E+00 a       647     0    26     1    22
 -1.0973110022782983E+01 a       648     0    26     1    23
  7.6867927283135913E+00 a       649     0    26     1    24
 -4.0283584047174319E+00 a       650     0    26     1    25
  1.6346667586659638E+01 a       651     0    27     1     1
 -7.2800332373509731E+00 a       652     0    27     1     2
 -3.2112167295179130E+00 a       653     0    27     1     3
 -1.2171445374569192E+01 a       654     0    27     1     4
 -2.0697572592600949E+01 a       655     0    27     1     5
 -2.5870514308537801E-01 a       656     0    27     1     6
 -2.7680852199134996E+01 a       657     0    27     1     7
  6.6413050347423708E-01 a       658     0    27     1     8
 -3.1520222731384880E+01 a       659     0    27     1     9
 -3.2997373124679456E+01 a       660     0    27     1    10
 -3.7469363944366751E+00 a       661     0    27     1    11
  2.4706230346908087E+00 a       662     0    27     1    12
  2.9244080801301866E+00 a       663     0    27     1    13
 -1.7210867266894900E+00 a       664     0    27     1    14
 -2.4038655955030531E+01 a       665     0    27     1    15
  5.7024799811618641E+00 a       666     0    27     1    16
  5.3205658687120430E+00 a       667     0    27     1    17
 -1.2812717861375265E+01 a       668     0    27     1    18
 -2.4028621552223477E+01 a       669     0    27     1    19
  8.0518352752400713E+00 a       670     0    27     1    20
  4.6752676244467395E+00 a       671     0    27     1    21
 -1.7589762000238249E+01 a       672     0    27     1    22
  8.7494819702227566E+00 a       673     0    27     1    23
 -1.6696153290902419E+01 a       674     0    27     1    24
  1.0227577267218633E+00 a       675     0    27     1    25
  6.8391482087746667E+00 a       676     0    28     1     1
  2.8029214719169300E+01 a       677     0    28     1     2
 -4.2476046964649719E+00 a       678     0    28     1     3
 -4.7867327963149586E+00 a       679     0    28     1     4
  5.1847319531225837E+00 a       680     0    28     1     5
 -4.5811218803868075E+00 a       681     0    28     1     6
 -5.0035385821835332E+00 a       682     0    28     1     7
  5.2487060689604901E+00 a       683     0    28     1     8
  1.3517846845382365E+01 a       684     0    28     1     9
  2.3133248873575827E+01 a       685     0    28     1    10
 -6.7872730358338513E+00 a       686     0    28     1    11
  7.3471128149832732E-01 a       687     0    28     1    12
 -3.5902762737937284E+00 a       688     0    28     1    13
 -1.1065695442090863E+01 a       689     0    28     1    14
  1.7590805684555932E+01 a       690     0    28     1    15
  1.3860790457587942E+01 a       691     0    28     1    16
  6.5688875813902659E+00 a       692     0    28     1    17
  1.2438189153828645E-02 a       693     0    28     1    18
  2.1304114645347202E+01 a       694     0    28     1    19
 -5.0001142067930326E-01 a       695     0    28     1    20
 -2.8569060730267410E+00 a       696     0    28     1    21
  4.7814485389267967E+00 a       697     0    28     1    22
 -6.4715991634093468E+00 a       698     0    28     1    23
  1.4433631401800568E+01 a       699     0    28     1    24
  1.1398739016062629E+01 a       700     0    28     1    25
  8.4029345164433134E-01 a       701     0    29     1     1
 -5.0673189186188763E+00 a       702     0    29     1     2
 -1.2014153704630217E+00 a       703     0    29     1     3
 -8.7514363631442738E-01 a       704     0    29     1     4
  1.0331236569661204E+00 a       705     0    29     1     5
  2.5973514477487503E+00 a       706     0    29     1     6
 -4.7886832305159693E-01 a       707     0    29     1     7
  7.2318636227910205E-01 a       708     0    29     1     8
 -3.0115478899521362E+00 a       709     0    29     1     9
 -1.2814488402976525E+00 a       710     0    29     1    10
 -1.5321218439084243E+00 a       711     0    29     1    11
 -1.6893503083573798E+00 a       712     0    29     1    12
  7.8013482821755025E+00 a       713     0    29     1    13
  8.4322870337009626E+00 a       714     0    29     1    14
  5.3951090661757046E+00 a       715     0    29     1    15
 -4.3410737605585741E+00 a       716     0    29     1    16
  2.7178005343183851E+00 a       717     0    29     1    17
  4.5609840725222400E-01 a       718     0    29     1    18
  2.4341818963576372E+00 a       719     0    29     1    19
 -5.4481313369943702E+00 a       720     0    29     1    20
 -3.0503605524319153E+00 a       721     0    29     1    21
  2.4703367823047397E+00 a       722     0    29     1    22
  1.6502486573079314E+00 a       723     0    29     1    23
 -3.9113025788868239E+00 a       724     0    29     1    24
 -4.9870571290243273E+00 a       725     0    29     1    25
  2.4408522505591330E+00 a       726     0    30     1     1
  1.7960589863690818E-01 a       727     0    30     1     2
  7.1808599443113676E+00 a       728     0    30     1     3
  1.3215734923977818E+00 a       729     0    30     1     4
 -1.6186461735704702E+00 a       730     0    30     1     5
 -1.3178137808790391E+00 a       731     0    30     1     6
 -2.2922303026757773E+00 a       732     0    30     1     7
  1.7349199580906207E+00 a       733     0    30     1     8
 -5.7592613360708764E+00 a       734     0    30     1     9
  1.4264443822590662E+00 a       735     0    30     1    10
  1.8703794680268466E+00 a       736     0    30     1    11
 -1.9932136046677589E+00 a       737     0    30     1    12
 -1.1783866157260357E+01 a       738     0    30     1    13
  2.0068426525167490E-01 a       739     0    30     1    14
 -2.6803918685467099E+00 a       740     0    30     1    15
 -1.0391822029315414E+01 a       741     0    30     1    16
  3.1463675150062548E-01 a       742     0    30     1    17
 -3.9971415790156628E-01 a       743     0    30     1    18
  1.0861086800266682E+00 a       744     0    30     1    19
  8.0647525270250657E+00 a       745     0    30     1    20
  1.4287070454455830E+00 a       746     0    30     1    21
  9.0754318077455309E-01 a       747     0    30     1    22
  4.3647481441031921E+00 a       748     0    30     1    23
  3.0929215563593635E+00 a       749     0    30     1    24
  3.0423232395182627E+00 a       750     0    30     1    25
  6.6177499493706959E-01 b       751     1     1
 -1.6206013742964460E+00 b       752     1     2
 -1.9513846657154582E-01 b       753     1     3
 -9.8329107652295167E-01 b       754     1     4
  9.8393182464163620E-01 b       755     1     5
  2.2738285458718233E-01 b       756     1     6
  1.1826721296592202E+00 b       757     1     7
 -1.1440629888587983E-01 b       758     1     8
 -1.5942868594732851E+00 b       759     1     9
 -2.3334870315848205E-01 b       760     1    10
 -4.7128527046073054E-01 b       761     1    11
  8.1479645091781339E-01 b       762     1    12
  1.0105252102349784E+00 b       763     1    13
 -9.1232349848829497E-01 b       764     1    14
 -8.0650831901729214E-01 b       765     1    15
  1.4472029269563902E+00 b       766     1    16
  6.5315865669473583E-01 b       767     1    17
  1.1419155417218640E+00 b       768     1    18
 -1.1623195814652185E+00 b       769     1    19
 -5.0558481721229043E-01 b       770     1    20
  7.8964040398885682E-01 b       771     1    21
 -8.1883079138835446E-01 b       772     1    22
  1.5449375107441512E+00 b       773     1    23
  5.8805646716514981E-01 b       774     1    24
 -4.5287075769945817E-01 b       775     1    25
 -1.6822765161052968E+00 a       776     1     1     2     1
  1.1939958272366242E+00 a       777     1     1     2     2
 -9.2958285567966914E-01 a       778     1     1     2     3
 -1.1368057901343882E+00 a       779     1     1     2     4
 -2.2265264396530013E-01 a       780     1     1     2     5
  2.0722762482749637E+00 a       781     1     1     2     6
 -2.0502057324679139E+00 a       782     1     1     2     7
  1.7380704977522905E+00 a       783     1     1     2     8
  1.4745710111854959E+00 a       784     1     1     2     9
 -1.2705508978873048E+00 a       785     1     1     2    10
 -8.3954837876067256E-01 a       786     1     1     2    11
  1.0520234901935177E+00 a       787     1     1     2    12
 -1.8742697895022848E+00 a       788     1     1     2    13
  9.3929493284886378E-01 a       789     1     1     2    14
 -1.8488160352435405E+00 a       790     1     1     2    15
  4.8988011893922778E-01 a       791     1     1     2    16
 -7.2256624260056990E-01 a       792     1     1     2    17
 -6.4306920334274886E-01 a       793     1     1     2    18
 -4.2985719620808543E-01 a       794     1     1     2    19
  1.3052457173413350E-02 a       795     1     1     2    20
  1.4162845206378707E+00 a       796     1     1     2    21
 -5.1004181490043825E+00 a       797     1     1     2    22
 -1.5824594773357947E+00 a       798     1     1     2    23
  4.3085362143253642E-01 a       799     1     1     2    24
 -2.7683206721350473E-01 a       800     1     1     2    25
  2.8077867893992616E+00 a       801     1     2     2     1
  2.4908270607469620E+00 a       802     1     2     2     2
 -1.0063824118233831E+00 a       803     1     2     2     3
 -2.4004737974942714E+00 a       804     1     2     2     4
 -2.4143925241694864E+00 a       805     1     2     2     5
  2.0497522282145764E+00 a       806     1     2     2     6
  1.4582280037641386E+00 a       807     1     2     2     7
 -4.0958007717490199E+00 a       808     1     2     2     8
  1.4099256889325011E+00 a       809     1     2     2     9
 -2.0947971798219847E+00 a       810     1     2     2    10
  2.3430776122589458E+00 a       811     1     2     2    11
  9.4312161231707681E-01 a       812     1     2     2    12
 -1.0032066665120287E+00 a       813     1     2     2    13
 -1.0188793911643346E+00 a       814     1     2     2    14
  2.6437105056908892E+00 a       815     1     2     2    15
 -9.8155566434024777E-01 a       816     1     2     2    16
 -3.0227461519309999E+00 a       817     1     2     2    17
  3.5054976271595439E+00 a       818     1     2     2    18
 -6.4667588974860446E-01 a       819     1     2     2    19
 -1.1633959224004777E+00 a       820     1     2     2    20
  1.0194602847963401E+00 a       821     1     2     2    21
 -2.1884325170034238E+00 a       822     1     2     2    22
  8.0789291154240361E-01 a       823     1     2     2    23
 -2.1380252345080164E+00 a       824     1     2     2    24
  5.5843072874264852E+00 a       825     1     2     2    25
  1.5771707381780893E+00 a       826     1     3     2     1
 -5.1000935332221276E-01 a       827     1     3     2     2
 -1.0521114797671649E+00 a       828     1     3     2     3
  1.7958059398139781E+00 a       829     1     3     2     4
 -2.1767783913669365E-02 a       830     1     3     2     5
 -2.0240422083551084E+00 a       831     1     3     2     6
  4.9944934499586213E-01 a       832     1     3     2     7
  9.9728167552722091E-01 a       833     1     3     2     8
  1.3874657157643594E-01 a       834     1     3     2     9
 -2.4790968769887919E-01 a       835     1     3     2    10
 -4.8278232880763061E-01 a       836     1     3     2    11
 -2.9503749713676897E-01 a       837     1     3     2    12
 -1.2581946869422531E+00 a       838     1     3     2    13
  2.8257489840227451E-01 a       839     1     3     2    14
  1.0755252367347956E+00 a       840     1     3     2    15
  9.3740645247135090E-01 a       841     1     3     2    16
 -1.1892188532591217E+00 a       842     1     3     2    17
  1.3118781334944998E+00 a       843     1     3     2    18
  1.0536889230265686E-01 a       844     1     3     2    19
  5.8200402569311893E-01 a       845     1     3     2    20
  1.1111709116949220E+00 a       846     1     3     2    21
  7.7350550989098465E-01 a       847     1     3     2    22
  4.5886813398185494E-01 a       848     1     3     2    23
 -7.6925780044523262E-01 a       849     1     3     2    24
  2.3890836076458193E+00 a       850     1     3     2    25
 -9.4649094977039783E-01 a       851     1     4     2     1
  1.4675348583566050E+00 a       852     1     4     2     2
 -7.3708655675782431E-01 a       853     1     4     2     3
  7.4938415754492438E-01 a       854     1     4     2     4
  5.5979229475882042E-01 a       855     1     4     2     5
  1.6340133422653702E+00 a       856     1     4     2     6
 -2.2558828320125297E+00 a       857     1     4     2     7
  1.4680217669552859E-01 a       858     1     4     2     8
  2.2836077513107713E+00 a       859     1     4     2     9
 -4.0186661498784837E-01 a       860     1     4     2    10
  1.1480822104633537E+00 a       861     1     4     2    11
  5.0541042423787397E-01 a       862     1     4     2    12
  1.9672333443840069E-02 a       863     1     4     2    13
 -4.2507451017046921E-01 a       864     1     4     2    14
 -6.0456251003614059E-01 a       865     1     4     2    15
 -1.1472616777678188E+00 a       866     1     4     2    16
 -1.2241338302940239E+00 a       867     1     4     2    17
  1.2238401982682581E+00 a       868     1     4     2    18
 -4.6618058879142438E-01 a       869     1     4     2    19
 -1.5947709470862108E+00 a       870     1     4     2    20
  3.2958607675737421E+00 a       871     1     4     2    21
 -3.9977728616259398E+00 a       872     1     4     2    22
  1.0539517601438881E+00 a       873     1     4     2    23
  1.9978410619170764E-01 a       874     1     4     2    24
  1.8417298820614350E+00 a       875     1     4     2    25
 -2.5834882319081767E+00 a       876     1     5     2     1
  5.5434762567852247E-01 a       877     1     5     2     2
  1.6416978312242387E+00 a       878     1     5     2     3
 -1.1784119681983181E+00 a       879     1     5     2     4
  4.6417686972199543E-02 a       880     1     5     2     5
  3.8994890822949118E+00 a       881     1     5     2     6
 -3.1900617758376431E+00 a       882     1     5     2     7
 -4.1912053685650310E+00 a       883     1     5     2     8
 -1.8793010399901011E-01 a       884     1     5     2     9
  1.2185287872714025E-01 a       885     1     5     2    10
 -2.1445401962654107E+00 a       886     1     5     2    11
 -1.2455111792683240E-02 a       887     1     5     2    12
  2.2886640024604250E+00 a       888     1     5     2    13
 -2.0844015983693165E+00 a       889     1     5     2    14
 -1.2923246519979867E+00 a       890     1     5     2    15
 -2.7064565974268233E+00 a       891     1     5     2    16
 -7.2983688685920822E-01 a       892     1     5     2    17
  3.3764868719327429E-01 a       893     1     5     2    18
  3.3157532687939151E-01 a       894     1     5     2    19
  8.8554662121808514E-01 a       895     1     5     2    20
  4.3802789372661538E-01 a       896     1     5     2    21
 -2.2964834196813504E+00 a       897     1     5     2    22
  4.8259227227300661E-01 a       898     1     5     2    23
 -3.1077908677247118E-01 a       899     1     5     2    24
 -2.1999547413166698E-01 a       900     1     5     2    25
  2.9204681449296577E-01 a       901     1     6     2     1
  1.2680268371162848E-01 a       902     1     6     2     2
  2.3715377071844199E-01 a       903     1     6     2     3
  1.7916739897540390E-02 a       904     1     6     2     4
  3.9539131869017113E-01 a       905     1     6     2     5
  1.1147745889318821E+00 a       906     1     6     2     6
 -1.1706118796322138E+00 a       907     1     6     2     7
 -1.3035642155409359E+00 a       908     1     6     2     8
 -3.3511909763015137E-02 a       909     1     6     2     9
  1.1462227699513836E+00 a       910     1     6     2    10
 -1.6481926980877746E+00 a       911     1     6     2    11
 -6.8028777640441485E-01 a       912     1     6     2    12
  2.4275730917884961E-01 a       913     1     6     2    13
 -3.6876056296164245E-01 a       914     1     6     2    14
  1.7718139846714087E+00 a       915     1     6     2    15
 -7.7740614194456376E-03 a       916     1     6     2    16
  5.2305183198847549E-01 a       917     1     6     2    17
  7.1153693517851349E-02 a       918     1     6     2    18
  6.4655812945603397E-01 a       919     1     6     2    19
 -2.7374745332813205E-01 a       920     1     6     2    20
 -2.4092434091687048E-01 a       921     1     6     2    21
  7.3242412031950688E-01 a       922     1     6     2    22
  1.5965128830922129E-01 a       923     1     6     2    23
  1.4779058607761284E+00 a       924     1     6     2    24
  2.0995257750611049E+00 a       925     1     6     2    25
 -1.4892989451505494E+00 a       926     1     7     2     1
  9.2983051056064681E-01 a       927     1     7     2     2
  1.1483649421581690E+00 a       928     1     7     2     3
 -1.0170550648067442E+00 a       929     1     7     2     4
 -1.5020718924555410E-01 a       930     1     7     2     5
  6.8541845906427956E-01 a       931     1     7     2     6
 -2.4596202631309101E+00 a       932     1     7     2     7
 -2.4514941955877445E+00 a       933     1     7     2     8
 -1.3886149134325314E+00 a       934     1     7     2     9
  1.6820835576041153E+00 a       935     1     7     2    10
 -2.1441487923321829E+00 a       936     1     7     2    11
 -6.8079617657120794E-01 a       937     1     7     2    12
 -4.2381250099278386E-02 a       938     1     7     2    13
 -4.4131519649393230E-01 a       939     1     7     2    14
  5.3983981873164644E-01 a       940     1     7     2    15
 -3.0940333860456337E-01 a       941     1     7     2    16
 -3.5344431795516967E-01 a       942     1     7     2    17
 -1.7916239997364092E+00 a       943     1     7     2    18
  3.3830237662093594E-02 a       944     1     7     2    19
 -5.7085408890577324E-02 a       945     1     7     2    20
 -7.1543932183372005E-01 a       946     1     7     2    21
  1.6885945516989838E+00 a       947     1     7     2    22
 -1.3038046654262316E+00 a       948     1     7     2    23
 -1.4352189278173977E-01 a       949     1     7     2    24
 -4.2946305766422893E-01 a       950     1     7     2    25
 -8.9286386240941829E-01 a       951     1     8     2     1
  4.9284575979316531E-01 a       952     1     8     2     2
 -5.0125497568142496E-01 a       953     1     8     2     3
 -5.4035700811765053E-01 a       954     1     8     2     4
  1.2169285966070473E+00 a       955     1     8     2     5
 -6.1029778356701669E-01 a       956     1     8     2     6
 -1.2132671162735884E+00 a       957     1     8     2     7
 -8.1366878440191504E-01 a       958     1     8     2     8
  2.1224453459899641E+00 a       959     1     8     2     9
 -1.9869872340947764E-01 a       960     1     8     2    10
 -1.5991989066225967E+00 a       961     1     8     2    11
  1.0643674705879061E-01 a       962     1     8     2    12
 -4.7366377793259107E-01 a       963     1     8     2    13
 -1.1125853280949405E-01 a       964     1     8     2    14
  1.1282355485175345E-01 a       965     1     8     2    15
 -5.2755285494270898E-01 a       966     1     8     2    16
 -2.4863877370573392E-01 a       967     1     8     2    17
  1.4813112263031731E+00 a       968     1     8     2    18
 -1.2687425697135715E-01 a       969     1     8     2    19
 -8.2335157489902655E-01 a       970     1     8     2    20
  1.0812429665599799E+00 a       971     1     8     2    21
 -5.9582884061264829E-01 a       972     1     8     2    22
  4.7190508746025200E-01 a       973     1     8     2    23
  1.8252094404972710E+00 a       974     1     8     2    24
  5.6297364984310894E-01 a       975     1     8     2    25
  9.4192929892502297E-01 a       976     1     9     2     1
  1.4355027580327533E+00 a       977     1     9     2     2
 -4.2674452637008781E-02 a       978     1     9     2     3
  2.5316617386323798E-01 a       979     1     9     2     4
  4.2409937018949035E+00 a       980     1     9     2     5
  3.5299652806832582E+00 a       981     1     9     2     6
  2.1839161649418232E-01 a       982     1     9     2     7
  3.9341679280742419E+00 a       983     1     9     2     8
  3.0859280222307905E+00 a       984     1     9     2     9
  1.1007415648113801E+00 a       985     1     9     2    10
 -1.2549603182866832E-02 a       986     1     9     2    11
  3.4737192726373983E-01 a       987     1     9     2    12
  5.0493219316348625E+00 a       988     1     9     2    13
 -1.9208805359309964E+00 a       989     1     9     2    14
  1.8012767488537009E+00 a       990     1     9     2    15
 -1.3070385971297513E+00 a       991     1     9     2    16
 -1.9713015099947864E-01 a       992     1     9     2    17
  6.0304806975295178E-01 a       993     1     9     2    18
  9.3861738721872479E-01 a       994     1     9     2    19
  6.3025073690367983E-01 a       995     1     9     2    20
 -1.8497606478212691E+00 a       996     1     9     2    21
 -8.5337225756811841E-01 a       997     1     9     2    22
  3.3977052288673792E-01 a       998     1     9     2    23
 -4.7629463521118204E-01 a       999     1     9     2    24
  6.1705539287651776E+00 a      1000     1     9     2    25
  1.3596593373323915E+00 a      1001     1    10     2     1
  2.3269664914149550E+00 a      1002     1    10     2     2
 -7.8876894058088531E-01 a      1003     1    10     2     3
 -3.9866832951478814E-01 a      1004     1    10     2     4
  6.9914170995814362E-01 a      1005     1    10     2     5
  1.9645335884914561E+00 a      1006     1    10     2     6
  2.8675481293501121E-01 a      1007     1    10     2     7
 -5.1832994988464864E-01 a      1008     1    10     2     8
  2.3073598592490701E+00 a      1009     1    10     2     9
 -8.2125797261402744E-01 a      1010     1    10     2    10
  1.1788600648133956E+00 a      1011     1    10     2    11
  8.3482466397091237E-01 a      1012     1    10     2    12
 -9.4697982284291526E-01 a      1013     1    10     2    13
  8.2431539592229697E-01 a      1014     1    10     2    14
 -1.0348808854280649E+00 a      1015     1    10     2    15
 -1.7607820907143742E-01 a      1016     1    10     2    16
 -1.4176954200058887E+00 a      1017     1    10     2    17
  1.1269083113641265E+00 a      1018     1    10     2    18
 -9.9915726353204004E-01 a      1019     1    10     2    19
 -2.0105208890050155E+00 a      1020     1    10     2    20
  3.6682771069279121E+00 a      1021     1    10     2    21
 -8.5523639407490781E-01 a      1022     1    10     2    22
  8.9124229875159144E-01 a      1023     1    10     2    23
 -4.4836874927999198E-01 a      1024     1    10     2    24
  2.9217214195198458E+00 a      1025     1    10     2    25
  2.5498163901005535E+00 a      1026     1    11     2     1
  8.4003160351678297E-01 a      1027     1    11     2     2
 -4.2170353399586824E-01 a      1028     1    11     2     3
  4.0591573782310917E+00 a      1029     1    11     2     4
 -1.2089160667781793E+00 a      1030     1    11     2     5
  2.9483184366716836E-01 a      1031     1    11     2     6
  1.7482350000356912E+00 a      1032     1    11     2     7
  4.4666013817715117E-01 a      1033     1    11     2     8
 -1.2601016474470345E-01 a      1034     1    11     2     9
  1.8848115641326738E-01 a      1035     1    11     2    10
  9.8992223311965688E-01 a      1036     1    11     2    11
 -4.6165876895994107E-01 a      1037     1    11     2    12
 -1.3109714398327956E+00 a      1038     1    11     2    13
  1.4283398943873598E+00 a      1039     1    11     2    14
 -4.7339812772430201E-01 a      1040     1    11     2    15
 -4.4796045996257881E-02 a      1041     1    11     2    16
 -1.0066299982517417E+00 a      1042     1    11     2    17
  1.0043696806161814E-01 a      1043     1    11     2    18
 -3.7368742916653885E-01 a      1044     1    11     2    19
 -1.1498179003162759E-01 a      1045     1    11     2    20
  5.6120213272152586E-01 a      1046     1    11     2    21
 -2.1327787478001242E-01 a      1047     1    11     2    22
 -1.5867140559080681E+00 a      1048     1    11     2    23
  6.9428743536386417E-01 a      1049     1    11     2    24
  1.1707503501900605E+00 a      1050     1    11     2    25
  1.0603319140740271E-01 a      1051     1    12     2     1
  7.2243987040669089E-01 a      1052     1    12     2     2
  5.4552270036753003E-01 a      1053     1    12     2     3
  3.4193298327739652E+00 a      1054     1    12     2     4
  3.1482367472281214E-01 a      1055     1    12     2     5
 -1.9766148090577211E+00 a      1056     1    12     2     6
 -1.6586543135680809E+00 a      1057     1    12     2     7
  2.0833420476832405E+00 a      1058     1    12     2     8
  1.9107100189649646E+00 a      1059     1    12     2     9
  6.9184575170129192E-01 a      1060     1    12     2    10
  6.9962292622371991E-01 a      1061     1    12     2    11
 -1.0365505062339673E+00 a      1062     1    12     2    12
  7.9977457454862133E-01 a      1063     1    12     2    13
  5.7253881075229218E-01 a      1064     1    12     2    14
  2.3170253668017247E+00 a      1065     1    12     2    15
  2.7581664878530199E-01 a      1066     1    12     2    16
 -8.5535390930682764E-01 a      1067     1    12     2    17
 -5.6255719438113994E-01 a      1068     1    12     2    18
  8.6836741925366467E-01 a      1069     1    12     2    19
 -2.8012452986763492E-01 a      1070     1    12     2    20
 -6.6264205299640355E-01 a      1071     1    12     2    21
 -3.3078582798616846E-01 a      1072     1    12     2    22
  3.1506648280791133E-01 a      1073     1    12     2    23
  1.3477983441151635E+00 a      1074     1    12     2    24
 -6.6781748678523523E-01 a      1075     1    12     2    25
 -1.9604137839148450E-01 a      1076     1    13     2     1
  1.8711442696086726E+00 a      1077     1    13     2     2
 -1.2187686867412317E+00 a      1078     1    13     2     3
  3.4577920573163445E+00 a      1079     1    13     2     4
 -1.8022898077349753E-01 a      1080     1    13     2     5
  3.1412026164848744E-01 a      1081     1    13     2     6
 -1.3222614951336626E+00 a      1082     1    13     2     7
  1.5495822889161524E+00 a      1083     1    13     2     8
  3.1016250131017418E+00 a      1084     1    13     2     9
 -3.5194120643883942E-01 a      1085     1    13     2    10
  1.4781923532851988E+00 a      1086     1    13     2    11
 -1.8818641598169125E-01 a      1087     1    13     2    12
 -5.2793995771552571E-01 a      1088     1    13     2    13
 -2.0515623737260177E-01 a      1089     1    13     2    14
  6.3196405609529119E-02 a      1090     1    13     2    15
  1.2835235591644045E-02 a      1091     1    13     2    16
 -1.1378392145999865E+00 a      1092     1    13     2    17
 -3.2455585397667780E-01 a      1093     1    13     2    18
 -4.6552030853363169E-01 a      1094     1    13     2    19
 -1.3018841395210017E+00 a      1095     1    13     2    20
  3.8288814029734941E+00 a      1096     1    13     2    21
 -4.0428355702497036E+00 a      1097     1    13     2    22
 -9.1635911128594882E-01 a      1098     1    13     2    23
  8.7674275532925727E-01 a      1099     1    13     2    24
  1.8593769685967902E+00 a      1100     1    13     2    25
 -1.2134259423076583E+00 a      1101     1    14     2     1
  9.4736128695799615E-01 a      1102     1    14     2     2
  1.5845171644986240E+00 a      1103     1    14     2     3
 -4.1744857364252685E-01 a      1104     1    14     2     4
 -1.1083973491218602E+00 a      1105     1    14     2     5
  1.4402827903751392E+00 a      1106     1    14     2     6
  1.4346465447612406E+00 a      1107     1    14     2     7
  2.8622493478562205E+00 a      1108     1    14     2     8
 -3.4061601340944514E+00 a      1109     1    14     2     9
  7.5487995095946492E-01 a      1110     1    14     2    10
  1.2816814311664582E+00 a      1111     1    14     2    11
 -8.2832418741367486E-01 a      1112     1    14     2    12
  2.3248594547194514E+00 a      1113     1    14     2    13
 -3.1568868718442418E+00 a      1114     1    14     2    14
 -2.9743253427312348E+00 a      1115     1    14     2    15
  9.5294434125420324E-01 a      1116     1    14     2    16
  1.9510534341117718E+00 a      1117     1    14     2    17
 -3.8063376774028490E+00 a      1118     1    14     2    18
 -1.5339125723945222E+00 a      1119     1    14     2    19
 -2.0191055721085031E-02 a      1120     1    14     2    20
  7.9731817731037635E-01 a      1121     1    14     2    21
 -2.9021290506451201E+00 a      1122     1    14     2    22
 -7.1437179272097173E-01 a      1123     1    14     2    23
 -1.4516139671453863E+00 a      1124     1    14     2    24
 -1.2091235114525860E+00 a      1125     1    14     2    25
  3.5127795236754253E+00 a      1126     1    15     2     1
  1.9439293609222226E+00 a      1127     1    15     2     2
  6.0250001957459864E-01 a      1128     1    15     2     3
 -1.0051607647800669E+00 a      1129     1    15     2     4
 -4.5508737351913958E-01 a      1130     1    15     2     5
  7.1019387149116830E-01 a      1131     1    15     2     6
 -7.7766305499329402E-01 a      1132     1    15     2     7
  7.1595876865293153E+00 a      1133     1    15     2     8
  4.6108607273731289E-01 a      1134     1    15     2     9
  4.3464049819406109E-01 a      1135     1    15     2    10
  2.1336642716297027E+00 a      1136     1    15     2    11
 -5.9693355516524946E-03 a      1137     1    15     2    12
  1.0352263356771252E+00 a      1138     1    15     2    13
  1.6655367724849015E+00 a      1139     1    15     2    14
  1.0071037467923070E+00 a      1140     1    15     2    15
  1.0113116720502975E+00 a      1141     1    15     2    16
 -2.6533814437891856E-01 a      1142     1    15     2    17
 -2.3886810524782551E+00 a      1143     1    15     2    18
 -3.3857369205521093E-01 a      1144     1    15     2    19
 -1.3857033029755668E+00 a      1145     1    15     2    20
 -1.0061430719546196E+00 a      1146     1    15     2    21
 -2.8553213240707138E+00 a      1147     1    15     2    22
  9.1382938460059862E-02 a      1148     1    15     2    23
  1.2112241157186948E-01 a      1149     1    15     2    24
 -3.3946687238810274E+00 a      1150     1    15     2    25
  2.0348424072033304E+00 a      1151     1    16     2     1
 -2.8105763795144854E+00 a      1152     1    16     2     2
 -6.8807208539270426E-01 a      1153     1    16     2     3
  1.7689703315689471E+00 a      1154     1    16     2     4
  9.2441068421210337E-01 a      1155     1    16     2     5
 -7.8792207521858981E-01 a      1156     1    16     2     6
  2.2689675174869590E+00 a      1157     1    16     2     7
 -5.0491508158542509E+00 a      1158     1    16     2     8
 -2.7121188880817306E+00 a      1159     1    16     2     9
 -1.6407541365209413E+00 a      1160     1    16     2    10
 -2.5533520076301466E+00 a      1161     1    16     2    11
  3.7130345896075495E-01 a      1162     1    16     2    12
  1.8381703690501803E+00 a      1163     1    16     2    13
 -2.4713600953832313E+00 a      1164     1    16     2    14
  1.4037814302704324E-01 a      1165     1    16     2    15
  5.1796292033058426E+00 a      1166     1    16     2    16
  1.2924767128600967E+00 a      1167     1    16     2    17
 -4.2243658969710163E+00 a      1168     1    16     2    18
 -2.7549540596948108E-01 a      1169     1    16     2    19
  5.4731284719408491E-01 a      1170     1    16     2    20
  3.0268533612921333E-01 a      1171     1    16     2    21
  8.4613393946442617E-01 a      1172     1    16     2    22
  1.0708844954434469E+00 a      1173     1    16     2    23
  3.8465274330139398E-01 a      1174     1    16     2    24
 -2.6636119221209156E+00 a      1175     1    16     2    25
  1.7629464333971858E-02 a      1176     1    17     2     1
 -3.0596382342454431E-01 a      1177     1    17     2     2
  1.3455136434949791E-01 a      1178     1    17     2     3
 -1.7795605323268679E+00 a      1179     1    17     2     4
 -9.6391728113148764E-02 a      1180     1    17     2     5
 -5.7227483028294623E-01 a      1181     1    17     2     6
  4.3256315166977517E+00 a      1182     1    17     2     7
  7.6839306377125205E-01 a      1183     1    17     2     8
 -1.9063700408596513E+00 a      1184     1    17     2     9
  3.1499250467408973E-01 a      1185     1    17     2    10
  2.1485488429639235E+00 a      1186     1    17     2    11
 -1.2436883385918422E+00 a      1187     1    17     2    12
  7.2232611245661005E-01 a      1188     1    17     2    13
  2.8792526111207750E-01 a      1189     1    17     2    14
 -2.8250553942247740E+00 a      1190     1    17     2    15
  4.4245711978918600E-01 a      1191     1    17     2    16
  7.5256462698987880E-01 a      1192     1    17     2    17
 -1.7990418305570315E+00 a      1193     1    17     2    18
 -3.4950384573047560E-01 a      1194     1    17     2    19
  1.0770457051866642E+00 a      1195     1    17     2    20
 -1.5883310988971824E+00 a      1196     1    17     2    21
 -8.8395588101947464E-01 a      1197     1    17     2    22
 -1.0525281945864644E-01 a      1198     1    17     2    23
 -1.2437599328312816E+00 a      1199     1    17     2    24
 -4.0103484339218781E-01 a      1200     1    17     2    25
  1.0979014040524712E-01 a      1201     1    18     2     1
  1.2292072006952190E+00 a      1202     1    18     2     2
  7.5187593512933015E-01 a      1203     1    18     2     3
  1.3393111230930782E-01 a      1204     1    18     2     4
 -9.9941357639303285E-01 a      1205     1    18     2     5
 -5.2722259109414193E-01 a      1206     1    18     2     6
 -2.0419014204447676E+00 a      1207     1    18     2     7
  3.9569506487227719E+00 a      1208     1    18     2     8
  9.0559995585341202E-01 a      1209     1    18     2     9
  2.0371275867476615E+00 a      1210     1    18     2    10
  2.8274954603098865E+00 a      1211     1    18     2    11
 -1.0960064404771541E+00 a      1212     1    18     2    12
  1.7738299863779026E+00 a      1213     1    18     2    13
 -8.6751276676921463E-01 a      1214     1    18     2    14
 -4.6283028635471790E-01 a      1215     1    18     2    15
 -5.4693082543053151E-01 a      1216     1    18     2    16
  1.4442871227637366E+00 a      1217     1    18     2    17
 -7.6539821822322973E-01 a      1218     1    18     2    18
  3.6994391750136657E-01 a      1219     1    18     2    19
 -1.2676862884137448E+00 a      1220     1    18     2    20
  8.6539933519131684E-01 a      1221     1    18     2    21
 -1.2867052139104860E+00 a      1222     1    18     2    22
 -9.5126681783216349E-01 a      1223     1    18     2    23
 -1.9226635415581256E-01 a      1224     1    18     2    24
  7.0511315574389932E-01 a      1225     1    18     2    25
 -1.4401090845908808E+00 a      1226     1    19     2     1
 -1.2938540629744097E+00 a      1227     1    19     2     2
  5.2388613410735485E-01 a      1228     1    19     2     3
 -2.1085689694640215E-02 a      1229     1    19     2     4
  1.0479427097289336E+00 a      1230     1    19     2     5
 -1.0950608625822655E+00 a      1231     1    19     2     6
  6.6255088459998390E-02 a      1232     1    19     2     7
 -7.3537512997336729E-01 a      1233     1    19     2     8
  1.4548164462767945E+00 a      1234     1    19     2     9
 -5.7665359113515180E-01 a      1235     1    19     2    10
 -5.5800907367847385E-01 a      1236     1    19     2    11
 -4.7326170244662225E-01 a      1237     1    19     2    12
  1.7060577935646919E+00 a      1238     1    19     2    13
 -4.4047062519582170E-01 a      1239     1    19     2    14
 -1.8116623558174947E+00 a      1240     1    19     2    15
 -1.3436925491707072E-01 a      1241     1    19     2    16
 -7.0382881649498452E-01 a      1242     1    19     2    17
 -1.1497393757867773E+00 a      1243     1    19     2    18
  4.6064930247240093E-01 a      1244     1    19     2    19
  5.1154343495231291E-01 a      1245     1    19     2    20
 -6.8195506652232263E-01 a      1246     1    19     2    21
 -4.4025871802798342E+00 a      1247     1    19     2    22
 -1.1211429771095320E+00 a      1248     1    19     2    23
  4.1089054651394825E+00 a      1249     1    19     2    24
  1.9775120154418930E+00 a      1250     1    19     2    25
  5.5468647186551134E-01 a      1251     1    20     2     1
  2.8826535706400397E-01 a      1252     1    20     2     2
  7.1155776574746060E-02 a      1253     1    20     2     3
  4.5953553042650308E-02 a      1254     1    20     2     4
 -4.0344518141159857E-01 a      1255     1    20     2     5
  3.7921955281124700E-02 a      1256     1    20     2     6
  6.7719062058460366E-01 a      1257     1    20     2     7
  8.1980023848051164E-01 a      1258     1    20     2     8
 -1.3260574210411802E+00 a      1259     1    20     2     9
 -1.7651819321060028E-02 a      1260     1    20     2    10
  2.2489054623947646E-01 a      1261     1    20     2    11
  1.4585291217466237E-01 a      1262     1    20     2    12
 -2.6974222623704396E-02 a      1263     1    20     2    13
 -5.3427079117803304E-02 a      1264     1    20     2    14
 -1.1935411442982213E+00 a      1265     1    20     2    15
  1.1351636844769881E+00 a      1266     1    20     2    16
 -1.3272388652895160E+00 a      1267     1    20     2    17
  2.8238254966516674E-01 a      1268     1    20     2    18
 -9.6676099864434573E-01 a      1269     1    20     2    19
  5.2079579199166570E-01 a      1270     1    20     2    20
 -4.5919131827371718E-01 a      1271     1    20     2    21
  8.8614508542426784E-01 a      1272     1    20     2    22
  5.8660733615660277E-01 a      1273     1    20     2    23
 -3.2611869784983877E-01 a      1274     1    20     2    24
  2.4259233207150412E+00 a      1275     1    20     2    25
  1.9524332714822914E+00 a      1276     1    21     2     1
 -4.5606049019528189E-01 a      1277     1    21     2     2
  2.0040073099917767E-02 a      1278     1    21     2     3
  3.2598930612929738E-01 a      1279     1    21     2     4
 -1.7129399113131485E-01 a      1280     1    21     2     5
 -1.3730780843496468E+00 a      1281     1    21     2     6
  9.5650053231889087E-01 a      1282     1    21     2     7
 -2.3453848440315372E+00 a      1283     1    21     2     8
 -6.3823698490038452E-02 a      1284     1    21     2     9
  3.6148076279953734E-01 a      1285     1    21     2    10
 -2.6114820441522966E+00 a      1286     1    21     2    11
  6.6672816748591768E-02 a      1287     1    21     2    12
  1.4069140958337694E+00 a      1288     1    21     2    13
 -2.3246808610220257E-01 a      1289     1    21     2    14
 -3.0761159657289907E+00 a      1290     1    21     2    15
 -8.6013229146351811E-01 a      1291     1    21     2    16
  9.9082739010198551E-01 a      1292     1    21     2    17
  3.1196603899069775E+00 a      1293     1    21     2    18
  8.1757306431634247E-01 a      1294     1    21     2    19
  9.1495484865389964E-01 a      1295     1    21     2    20
 -1.3442065873179467E+00 a      1296     1    21     2    21
 -3.1859675024143943E+00 a      1297     1    21     2    22
 -4.2467538624529494E-01 a      1298     1    21     2    23
  1.2417679334040315E+00 a      1299     1    21     2    24
 -2.6155063056838239E+00 a      1300     1    21     2    25
  3.0052951975012712E+00 a      1301     1    22     2     1
 -4.0808871543350905E-01 a      1302     1    22     2     2
  4.5473727087573279E-01 a      1303     1    22     2     3
  1.8195153467565650E+00 a      1304     1    22     2     4
 -1.3222365050427201E+00 a      1305     1    22     2     5
 -1.1442096768927438E-02 a      1306     1    22     2     6
  2.4617188257348639E+00 a      1307     1    22     2     7
  2.2321967071772923E+00 a      1308     1    22     2     8
 -4.4294548359055791E-01 a      1309     1    22     2     9
  1.0693885179056759E+00 a      1310     1    22     2    10
  8.9979030077192068E-01 a      1311     1    22     2    11
 -9.0081694886279962E-01 a      1312     1    22     2    12
 -1.7339524192907133E-01 a      1313     1    22     2    13
  1.1704513695756216E+00 a      1314     1    22     2    14
  1.9068903975442637E+00 a      1315     1    22     2    15
 -9.1880670284594179E-01 a      1316     1    22     2    16
  6.8658390485158716E-01 a      1317     1    22     2    17
 -5.8270124946698532E-01 a      1318     1    22     2    18
  6.0674469300016487E-01 a      1319     1    22     2    19
  1.6829212902675988E-01 a      1320     1    22     2    20
 -1.7575167748627114E+00 a      1321     1    22     2    21
  1.0419985513285406E+00 a      1322     1    22     2    22
 -1.3823593402109600E+00 a      1323     1    22     2    23
 -6.9829063999012531E-01 a      1324     1    22     2    24
 -2.1946808386660512E+00 a      1325     1    22     2    25
 -4.1814552718396159E-01 a      1326     1    23     2     1
  6.5141687156845607E-01 a      1327     1    23     2     2
  6.0873987449029743E-01 a      1328     1    23     2     3
  1.4638767428118487E+00 a      1329     1    23     2     4
  1.1339470521020344E-01 a      1330     1    23     2     5
  8.7710828841033750E-01 a      1331     1    23     2     6
  2.9734884137196715E+00 a      1332     1    23     2     7
  1.3357272334563802E+01 a      1333     1    23     2     8
  2.0845777858747746E-02 a      1334     1    23     2     9
 -4.1197636179528224E-01 a      1335     1    23     2    10
  7.4910033857565477E+00 a      1336     1    23     2    11
 -8.5441984784172764E-01 a      1337     1    23     2    12
 -1.0166377116499268E+00 a      1338     1    23     2    13
  2.7644621104312400E-01 a      1339     1    23     2    14
  1.2842993784214283E+00 a      1340     1    23     2    15
  1.5589822932513073E+00 a      1341     1    23     2    16
  3.0368902033159912E+00 a      1342     1    23     2    17
 -8.0886715976650105E+00 a      1343     1    23     2    18
 -1.1703820594309073E+00 a      1344     1    23     2    19
 -1.0792296389551193E+00 a      1345     1    23     2    20
  7.0899145478583414E-01 a      1346     1    23     2    21
  8.3536498156660977E-01 a      1347     1    23     2    22
 -4.3185569754940394E+00 a      1348     1    23     2    23
 -2.7556832835739948E+00 a      1349     1    23     2    24
  3.2161225187245424E+00 a      1350     1    23     2    25
 -6.8441919281516017E-01 a      1351     1    24     2     1
 -5.2807941044646020E-02 a      1352     1    24     2     2
  1.7569157508592992E-01 a      1353     1    24     2     3
  2.4299984257201395E+00 a      1354     1    24     2     4
 -1.9567482228113833E+00 a      1355     1    24     2     5
 -1.4324944474943835E-01 a      1356     1    24     2     6
 -3.5179228938312307E-01 a      1357     1    24     2     7
  2.2586069914287477E-01 a      1358     1    24     2     8
  1.5012614869485006E+00 a      1359     1    24     2     9
  3.3000113246439561E-01 a      1360     1    24     2    10
  5.0402547122138330E-01 a      1361     1    24     2    11
  2.9585116327649980E-01 a      1362     1    24     2    12
 -1.1929609448511536E+00 a      1363     1    24     2    13
  5.1208022475666259E-01 a      1364     1    24     2    14
  1.4773287464442701E+00 a      1365     1    24     2    15
 -1.7311649464056873E+00 a      1366     1    24     2    16
 -7.6424956066974903E-01 a      1367     1    24     2    17
  1.3899966276672706E+00 a      1368     1    24     2    18
 -3.6396580401706791E-01 a      1369     1    24     2    19
 -1.1263658826357128E+00 a      1370     1    24     2    20
  4.8035516071842621E-01 a      1371     1    24     2    21
 -2.8780901263893410E+00 a      1372     1    24     2    22
  8.9237353004370001E-01 a      1373     1    24     2    23
 -4.9050783615267807E-01 a      1374     1    24     2    24
 -4.5546624530881769E-01 a      1375     1    24     2    25
 -5.0851798962260115E-02 a      1376     1    25     2     1
 -3.2416939540874251E-01 a      1377     1    25     2     2
 -6.7314236974732666E-01 a      1378     1    25     2     3
 -3.6778575210392739E+00 a      1379     1    25     2     4
 -7.0863027386887312E-01 a      1380     1    25     2     5
  1.0263239405800437E+00 a      1381     1    25     2     6
 -5.1900286768119119E-01 a      1382     1    25     2     7
  1.9366837737771019E+00 a      1383     1    25     2     8
  2.0518763877883867E-01 a      1384     1    25     2     9
 -1.0002841060089429E+00 a      1385     1    25     2    10
  7.9019097391684423E-01 a      1386     1    25     2    11
  1.2170445713962725E+00 a      1387     1    25     2    12
  2.0727685702115059E-01 a      1388     1    25     2    13
 -9.9095506438796521E-01 a      1389     1    25     2    14
  1.1631314254432841E+00 a      1390     1    25     2    15
  1.1727185466125183E+00 a      1391     1    25     2    16
 -1.2787284091318361E+00 a      1392     1    25     2    17
  3.1079156181031919E-01 a      1393     1    25     2    18
 -6.4354350215140976E-01 a      1394     1    25     2    19
 -8.8408367286833578E-01 a      1395     1    25     2    20
  7.0608542037156796E-01 a      1396     1    25     2    21
  2.2995613984723411E+00 a      1397     1    25     2    22
  1.5751623857546377E+00 a      1398     1    25     2    23
 -1.4796241769311662E+00 a      1399     1    25     2    24
 -1.0842417070480403E+00 a      1400     1    25     2    25
  6.7923007900407395E+00 b      1401     2     1
  4.7510144939651955E+00 b      1402     2     2
 -1.7807434526484380E+00 b      1403     2     3
 -6.2190930848145758E+00 b      1404     2     4
  1.9899824094670175E+00 b      1405     2     5
  3.6049355690236680E+00 b      1406     2     6
  1.4948212782440615E+00 b      1407     2     7
 -2.2982253462123197E+00 b      1408     2     8
  2.4435058912126832E+00 b      1409     2     9
 -3.3405081280071030E+00 b      1410     2    10
  1.1987902986641719E-01 b      1411     2    11
  3.5792854450194067E+00 b      1412     2    12
  4.3759731297788651E+00 b      1413     2    13
  3.4108559790621072E-02 b      1414     2    14
  5.8165343063614330E+00 b      1415     2    15
 -4.8273167898710350E+00 b      1416     2    16
 -9.2976054904883050E+00 b      1417     2    17
  1.3322296466093212E+01 b      1418     2    18
 -9.6816236900033847E-01 b      1419     2    19
 -1.1350808331791384E+00 b      1420     2    20
 -3.0025817053268118E+00 b      1421     2    21
  3.3587037800208031E-01 b      1422     2    22
  4.1071964326803254E+00 b      1423     2    23
  1.8850547819592658E+00 b      1424     2    24
  1.2860911502057949E+01 b      1425     2    25
 -1.8434998336266646E+00 a      1426     2     1     3     1
 -2.7474722236130162E+00 a      1427     2     2     3     1
 -2.6741168546078842E+00 a      1428     2     3     3     1
 -4.4067628637510831E-01 a      1429     2     4     3     1
 -1.5745443457332595E+00 a      1430     2     5     3     1
  8.1861126260656714E-01 a      1431     2     6     3     1
  9.8871563317381739E-01 a      1432     2     7     3     1
 -9.5112613432141646E-01 a      1433     2     8     3     1
 -1.1034737748152015E+00 a      1434     2     9     3     1
 -3.0417693024784556E+00 a      1435     2    10     3     1
  1.2958062007361375E+00 a      1436     2    11     3     1
  3.1108862100452521E+00 a      1437     2    12     3     1
 -1.5365151127191568E+00 a      1438     2    13     3     1
  1.9947806943365927E+00 a      1439     2    14     3     1
 -9.0641411454916010E-01 a      1440     2    15     3     1
  1.5481853937941197E+00 a      1441     2    16     3     1
 -1.2480265410678020E+00 a      1442     2    17     3     1
 -1.2492094203247230E+00 a      1443     2    18     3     1
 -3.2293062683456126E+00 a      1444     2    19     3     1
  1.7430884120099384E+00 a      1445     2    20     3     1
  1.2889772119615710E+00 a      1446     2    21     3     1
  2.4959043043688331E-01 a      1447     2    22     3     1
  1.8805421759051451E+00 a      1448     2    23     3     1
 -1.0536525241622892E+00 a      1449     2    24     3     1
  6.0216848311098614E-01 a      1450     2    25     3     1
 -2.3852130676750254E+00 b      1451     3     1
