################################################################################
# Neural network connection values (weights and biases).
################################################################################
# Col  Name       Description
################################################################################
# 1    connection Neural network connection value.
# 2    t          Connection type (a = weight, b = bias).
# 3    index      Index enumerating weights.
# 4    l_s        Starting point layer (end point layer for biases).
# 5    n_s        Starting point neuron in starting layer (end point neuron for biases).
# 6    l_e        End point layer.
# 7    n_e        End point neuron in end layer.
################################################################################
#                      1 2         3     4     5     6     7
#             connection t     index   l_s   n_s   l_e   n_e
############################################################
 -9.6358133560049242E-01 a         1     0     1     1     1
 -4.4227027094639988E+00 a         2     0     1     1     2
  9.5764992812184673E+00 a         3     0     1     1     3
 -9.2392075862825145E+00 a         4     0     1     1     4
  5.6916738944843870E-01 a         5     0     1     1     5
 -5.8498906639111352E+00 a         6     0     1     1     6
 -2.2069296813121987E+01 a         7     0     1     1     7
  4.2942135961608621E+00 a         8     0     1     1     8
 -1.9154265461989368E+01 a         9     0     1     1     9
  2.9562637382512262E+00 a        10     0     1     1    10
  1.1332399308873930E+01 a        11     0     1     1    11
  5.9357656696156109E+00 a        12     0     1     1    12
 -5.6064407506080869E+00 a        13     0     1     1    13
 -1.7993242035622622E+01 a        14     0     1     1    14
 -6.8561958745590488E+00 a        15     0     1     1    15
  8.0375385481412671E+00 a        16     0     1     1    16
  4.2400659697394100E-01 a        17     0     1     1    17
  1.4341093458015090E+01 a        18     0     1     1    18
  2.4918126560533191E+00 a        19     0     1     1    19
  9.7555847364701531E+00 a        20     0     1     1    20
 -4.6296566652318969E+00 a        21     0     1     1    21
 -1.7233696107189783E-01 a        22     0     1     1    22
  1.6124834217498815E+01 a        23     0     1     1    23
 -6.6569416926188936E+00 a        24     0     1     1    24
 -1.1021193215257339E+01 a        25     0     1     1    25
 -9.1649876795505563E+00 a        26     0     2     1     1
  6.4474009814483360E+00 a        27     0     2     1     2
  1.5055116454971513E+01 a        28     0     2     1     3
 -6.5215023632955127E+00 a        29     0     2     1     4
  6.6574244914010956E+00 a        30     0     2     1     5
  2.1503147919282462E+01 a        31     0     2     1     6
  4.7865715158309328E+01 a        32     0     2     1     7
 -1.5371908695710151E-01 a        33     0     2     1     8
  1.2957127479771765E+01 a        34     0     2     1     9
  2.8334190343721475E+00 a        35     0     2     1    10
 -1.9761223907779737E+01 a        36     0     2     1    11
  3.4095920368525920E+00 a        37     0     2     1    12
 -3.4317483257923516E+00 a        38     0     2     1    13
  6.3409313021344040E+00 a        39     0     2     1    14
 -6.4160898067774208E-01 a        40     0     2     1    15
  3.3795401637726536E+00 a        41     0     2     1    16
 -1.0647604281014765E+01 a        42     0     2     1    17
 -6.2388127962899746E+00 a        43     0     2     1    18
 -8.1828460845892170E+00 a        44     0     2     1    19
 -8.1296485587471974E+00 a        45     0     2     1    20
  1.4647232156624597E+00 a        46     0     2     1    21
 -4.0615562189316803E+00 a        47     0     2     1    22
 -2.6256660611072622E+01 a        48     0     2     1    23
 -1.1140665314767237E+01 a        49     0     2     1    24
  2.0863749522858619E+00 a        50     0     2     1    25
  3.3461286452647543E+00 a        51     0     3     1     1
 -2.3289247649809250E+00 a        52     0     3     1     2
 -2.4139733685241573E+01 a        53     0     3     1     3
  1.7527254469671089E+01 a        54     0     3     1     4
 -6.1542020553067767E+00 a        55     0     3     1     5
 -6.4823983476981095E-01 a        56     0     3     1     6
  1.5245331028724573E+01 a        57     0     3     1     7
 -1.3840260581984749E+01 a        58     0     3     1     8
  2.5068024721695561E+01 a        59     0     3     1     9
 -6.3581539379666516E+00 a        60     0     3     1    10
 -1.0142692974520068E+01 a        61     0     3     1    11
 -1.2202793042464883E+01 a        62     0     3     1    12
  1.3020859599476537E+01 a        63     0     3     1    13
  1.5395652039773209E+01 a        64     0     3     1    14
  1.1212789653438824E+01 a        65     0     3     1    15
 -1.3319777541710321E+01 a        66     0     3     1    16
  6.2079661125329242E+00 a        67     0     3     1    17
 -2.0860422834540682E+01 a        68     0     3     1    18
 -1.4350813289408511E+00 a        69     0     3     1    19
  6.2626833747923909E+00 a        70     0     3     1    20
  1.0598845852115183E+01 a        71     0     3     1    21
  4.7620191970551966E+00 a        72     0     3     1    22
 -1.1746622635173505E+01 a        73     0     3     1    23
  1.5331545774912930E+01 a        74     0     3     1    24
  1.6532863266687656E+01 a        75     0     3     1    25
  1.7891894190379951E+01 a        76     0     4     1     1
  2.2051561223575762E+00 a        77     0     4     1     2
 -2.7605318023054824E+01 a        78     0     4     1     3
  1.9187025412277276E+01 a        79     0     4     1     4
 -1.2348265243718570E+00 a        80     0     4     1     5
 -2.5697704080719713E+01 a        81     0     4     1     6
 -6.2512700307512233E+01 a        82     0     4     1     7
  8.8105573191527071E+00 a        83     0     4     1     8
 -2.0871045338531868E+01 a        84     0     4     1     9
 -8.6175605813695579E+00 a        85     0     4     1    10
  2.4394216596058772E+01 a        86     0     4     1    11
  1.1943982067297745E+00 a        87     0     4     1    12
 -2.4295098442346190E+00 a        88     0     4     1    13
  2.5662575360873676E+00 a        89     0     4     1    14
  4.0341686997311639E+00 a        90     0     4     1    15
  1.1466201212730274E+00 a        91     0     4     1    16
  1.0504049757607495E+01 a        92     0     4     1    17
  7.2750686870736416E+00 a        93     0     4     1    18
  1.4389764483511147E+01 a        94     0     4     1    19
  2.7571533841832938E+00 a        95     0     4     1    20
  7.7303734473898067E-01 a        96     0     4     1    21
 -2.3511795399767301E+00 a        97     0     4     1    22
  3.0552908942345240E+01 a        98     0     4     1    23
  2.8375835464596747E+01 a        99     0     4     1    24
 -8.6179356175655741E-01 a       100     0     4     1    25
 -1.3588245729020532E+00 a       101     0     5     1     1
  1.4852661825800903E-01 a       102     0     5     1     2
  3.2218145937962355E+01 a       103     0     5     1     3
 -2.1433165262748734E+01 a       104     0     5     1     4
  5.7445352157387424E+00 a       105     0     5     1     5
  2.8343000923669894E+00 a       106     0     5     1     6
  4.1570036901188665E+00 a       107     0     5     1     7
  1.5336288189686002E+01 a       108     0     5     1     8
  1.0288976369405146E+01 a       109     0     5     1     9
  8.9842532012719101E+00 a       110     0     5     1    10
  2.8946080665518386E+00 a       111     0     5     1    11
  3.2284245729658263E+00 a       112     0     5     1    12
 -2.9511591170909095E+00 a       113     0     5     1    13
  4.2638769805830279E+00 a       114     0     5     1    14
  3.3726491423055487E+00 a       115     0     5     1    15
 -4.5071072427038000E-01 a       116     0     5     1    16
 -2.7230961733258581E+00 a       117     0     5     1    17
  1.4303308060645239E+01 a       118     0     5     1    18
 -1.7414479745690621E+00 a       119     0     5     1    19
 -3.6297590431746158E+01 a       120     0     5     1    20
 -1.5009208769676338E+01 a       121     0     5     1    21
 -2.4246581212950655E+00 a       122     0     5     1    22
  3.0092258792163324E+00 a       123     0     5     1    23
 -2.2219278239660127E+01 a       124     0     5     1    24
 -9.3380320384510966E+00 a       125     0     5     1    25
 -2.3304723500681714E+01 a       126     0     6     1     1
 -1.3662091870858765E+01 a       127     0     6     1     2
  7.6913930736354512E+00 a       128     0     6     1     3
 -2.9249284737478998E+01 a       129     0     6     1     4
 -1.3509812246110755E+01 a       130     0     6     1     5
  8.9726202068344509E+00 a       131     0     6     1     6
  3.1037143380276650E+01 a       132     0     6     1     7
 -1.9502036949993393E+01 a       133     0     6     1     8
  6.4668345411096313E+00 a       134     0     6     1     9
 -3.9187838324957665E+00 a       135     0     6     1    10
 -1.1298102237805891E+01 a       136     0     6     1    11
 -8.0993952607611330E+00 a       137     0     6     1    12
  7.3569260291547325E+00 a       138     0     6     1    13
 -1.1436393891958431E+01 a       139     0     6     1    14
 -1.5426565019140636E+01 a       140     0     6     1    15
 -1.0792255936126591E+00 a       141     0     6     1    16
 -8.7437644215826378E+00 a       142     0     6     1    17
  1.7012064255613231E+00 a       143     0     6     1    18
 -1.0260460577050900E+01 a       144     0     6     1    19
  1.8728608809738187E+01 a       145     0     6     1    20
 -9.5031823697000917E+00 a       146     0     6     1    21
  1.2298753843011141E+01 a       147     0     6     1    22
 -6.8521595003693490E+00 a       148     0     6     1    23
 -2.9598186739265820E+01 a       149     0     6     1    24
 -2.4958411721861489E+00 a       150     0     6     1    25
  9.3870074203462195E-01 a       151     0     7     1     1
  8.9701686489355641E+00 a       152     0     7     1     2
 -1.6647250455619133E+01 a       153     0     7     1     3
  2.6168647185815598E+01 a       154     0     7     1     4
  4.9656714672211422E-01 a       155     0     7     1     5
  4.9844571760735484E-01 a       156     0     7     1     6
 -1.8862931721476144E+00 a       157     0     7     1     7
 -5.0015692564654168E+00 a       158     0     7     1     8
 -3.6445750286821379E+01 a       159     0     7     1     9
 -3.2234975844476110E-01 a       160     0     7     1    10
 -4.1627381818668505E+00 a       161     0     7     1    11
  1.4203940059282440E+01 a       162     0     7     1    12
 -7.6415030757512392E+00 a       163     0     7     1    13
 -1.8026682827042400E+01 a       164     0     7     1    14
 -1.0456729851370103E+01 a       165     0     7     1    15
 -5.5989419996881056E+00 a       166     0     7     1    16
 -2.1161665302141581E+00 a       167     0     7     1    17
 -1.1403641268457317E+01 a       168     0     7     1    18
 -9.2523911270892578E-01 a       169     0     7     1    19
  3.1358830075310472E+01 a       170     0     7     1    20
  1.8828017962306852E+01 a       171     0     7     1    21
 -5.6779088933134068E+00 a       172     0     7     1    22
 -1.4814671724619142E+01 a       173     0     7     1    23
  2.1032133732664434E+01 a       174     0     7     1    24
  5.6376544771998907E+00 a       175     0     7     1    25
  1.7492221570228864E+01 a       176     0     8     1     1
  9.9116683923606654E+00 a       177     0     8     1     2
 -1.2615098228572572E+01 a       178     0     8     1     3
  2.9578677805221997E+01 a       179     0     8     1     4
  2.0794554541819540E+01 a       180     0     8     1     5
 -7.1784535914387577E+00 a       181     0     8     1     6
 -3.3710908289715977E+00 a       182     0     8     1     7
  2.2432108469972107E+01 a       183     0     8     1     8
  3.5582020471696039E+00 a       184     0     8     1     9
  8.5584746991074852E+00 a       185     0     8     1    10
  7.9974910178673344E+00 a       186     0     8     1    11
  1.5959622648669917E+01 a       187     0     8     1    12
 -9.1999135153173768E+00 a       188     0     8     1    13
  1.2483894053813328E+01 a       189     0     8     1    14
  1.5169758575826599E+01 a       190     0     8     1    15
  5.8455056875037714E+00 a       191     0     8     1    16
  3.7855656882955477E+00 a       192     0     8     1    17
 -3.9200620656712828E+00 a       193     0     8     1    18
  9.0403592587989827E+00 a       194     0     8     1    19
 -1.9404837552581235E+01 a       195     0     8     1    20
  1.5533892287302146E+01 a       196     0     8     1    21
 -6.7795962529419151E+00 a       197     0     8     1    22
 -9.5058158227725720E+00 a       198     0     8     1    23
  1.5527061832263170E+01 a       199     0     8     1    24
  5.9118328069756920E+00 a       200     0     8     1    25
 -8.7270520841331187E+00 a       201     0     9     1     1
 -8.3652145279747483E+00 a       202     0     9     1     2
  7.3629308438021477E+00 a       203     0     9     1     3
 -9.5629975081390253E+00 a       204     0     9     1     4
 -8.5662358138282446E+00 a       205     0     9     1     5
 -2.1583461954381500E+00 a       206     0     9     1     6
  2.1255755624478438E+00 a       207     0     9     1     7
 -9.6021558168958716E+00 a       208     0     9     1     8
 -8.2573110741374496E+00 a       209     0     9     1     9
 -9.6284217904568834E+00 a       210     0     9     1    10
 -3.6183016013462241E+00 a       211     0     9     1    11
 -1.4346737477868210E+01 a       212     0     9     1    12
  5.0511231955979454E+00 a       213     0     9     1    13
 -6.0085663178900255E+00 a       214     0     9     1    14
 -1.1736703742024352E+01 a       215     0     9     1    15
 -7.8799323311515812E-01 a       216     0     9     1    16
 -1.5636233464844334E+00 a       217     0     9     1    17
 -2.4282196713919331E+00 a       218     0     9     1    18
 -2.5656456020436678E+00 a       219     0     9     1    19
  6.9456068581630914E+00 a       220     0     9     1    20
 -6.0523292575308991E+00 a       221     0     9     1    21
  4.2730966003826953E+00 a       222     0     9     1    22
  3.6100116532001643E+00 a       223     0     9     1    23
  1.1187001844322999E+00 a       224     0     9     1    24
 -8.5011476239352941E+00 a       225     0     9     1    25
  2.8561884121359116E+00 a       226     0    10     1     1
 -2.1286951374444456E+00 a       227     0    10     1     2
  7.7781171865695953E+00 a       228     0    10     1     3
 -1.6321814166729620E+01 a       229     0    10     1     4
 -1.0775108238914246E+00 a       230     0    10     1     5
 -3.5065108275129226E+00 a       231     0    10     1     6
 -8.6958056283488983E+00 a       232     0    10     1     7
 -2.0301562555667698E+00 a       233     0    10     1     8
  2.3938006251558278E+01 a       234     0    10     1     9
 -4.9200790457223871E+00 a       235     0    10     1    10
 -3.1037021548393645E-01 a       236     0    10     1    11
 -8.7290379208693736E+00 a       237     0    10     1    12
  1.2521048531283558E+01 a       238     0    10     1    13
  1.2246878246811224E+01 a       239     0    10     1    14
  7.0162963121297812E+00 a       240     0    10     1    15
  2.3954091194618979E-01 a       241     0    10     1    16
  5.8455801817837463E+00 a       242     0    10     1    17
  5.4883142862819030E+00 a       243     0    10     1    18
  1.6008397982240297E+00 a       244     0    10     1    19
 -1.7089181219773341E+01 a       245     0    10     1    20
 -1.1689937441441558E+01 a       246     0    10     1    21
 -2.2480048211352721E+00 a       247     0    10     1    22
  1.0551618363143525E+01 a       248     0    10     1    23
 -1.2788735577112755E+01 a       249     0    10     1    24
 -3.9069753084409015E-01 a       250     0    10     1    25
 -1.3047095515334730E+00 a       251     0    11     1     1
  2.0062443682357678E+00 a       252     0    11     1     2
 -3.5310730627047096E+00 a       253     0    11     1     3
  9.1619831335517361E+00 a       254     0    11     1     4
  2.5076417693829893E+00 a       255     0    11     1     5
 -4.2791640949013299E-01 a       256     0    11     1     6
 -2.9611307414017290E-01 a       257     0    11     1     7
  5.5212823187007531E+00 a       258     0    11     1     8
  2.2424688337970378E+00 a       259     0    11     1     9
 -5.0656208123685520E+00 a       260     0    11     1    10
 -1.8850277693076047E+00 a       261     0    11     1    11
  5.5499600137034806E+00 a       262     0    11     1    12
 -4.0886082065492939E+00 a       263     0    11     1    13
  1.5456995973811170E+00 a       264     0    11     1    14
  4.6511624930769085E-01 a       265     0    11     1    15
 -7.1438888766262243E-01 a       266     0    11     1    16
 -5.9718088831015175E+00 a       267     0    11     1    17
  1.2540196182858310E+00 a       268     0    11     1    18
 -8.4354165745085241E-01 a       269     0    11     1    19
 -5.2425556805990290E+00 a       270     0    11     1    20
  6.0364164893227201E+00 a       271     0    11     1    21
  2.4531917944914152E+00 a       272     0    11     1    22
  6.6764204520854409E-01 a       273     0    11     1    23
 -1.5827713822227440E+00 a       274     0    11     1    24
  5.5250338412728892E+00 a       275     0    11     1    25
 -2.8710651853911209E+00 a       276     0    12     1     1
 -6.4192388615983358E+00 a       277     0    12     1     2
 -4.6678261563228114E+00 a       278     0    12     1     3
 -4.7835604985469740E+00 a       279     0    12     1     4
 -9.5672919249890809E-01 a       280     0    12     1     5
  3.3097890780373329E+00 a       281     0    12     1     6
  4.8803190271901107E+00 a       282     0    12     1     7
 -5.6679875963735382E-01 a       283     0    12     1     8
 -3.0926195626502904E+00 a       284     0    12     1     9
  6.4139647602392591E-01 a       285     0    12     1    10
 -3.1202169942170843E+00 a       286     0    12     1    11
  4.3916578219882556E+00 a       287     0    12     1    12
 -1.2647158924654571E+01 a       288     0    12     1    13
 -4.5087614225057626E+00 a       289     0    12     1    14
 -1.3628828355703506E+00 a       290     0    12     1    15
 -7.6342453261233194E+00 a       291     0    12     1    16
 -2.4830024520048855E+00 a       292     0    12     1    17
 -6.8977913197527066E-02 a       293     0    12     1    18
 -1.9323979111763243E+00 a       294     0    12     1    19
  2.8688425037594851E+00 a       295     0    12     1    20
  5.3838013203884638E-01 a       296     0    12     1    21
  6.5668546462437840E+00 a       297     0    12     1    22
  5.2441201175573948E-01 a       298     0    12     1    23
  8.5827298827171805E-01 a       299     0    12     1    24
  5.3782697942281299E-01 a       300     0    12     1    25
  2.1904305872779464E+00 a       301     0    13     1     1
 -6.0717748252859985E-02 a       302     0    13     1     2
 -5.8794243011549185E-01 a       303     0    13     1     3
 -4.2937842832090123E+00 a       304     0    13     1     4
 -1.6311884604477489E+00 a       305     0    13     1     5
  1.3885759808006792E+00 a       306     0    13     1     6
  1.3916988393461318E+00 a       307     0    13     1     7
 -4.5301029690662055E-02 a       308     0    13     1     8
  2.2069830049872703E+00 a       309     0    13     1     9
  3.5997683728639438E+00 a       310     0    13     1    10
  1.5562384620815175E+00 a       311     0    13     1    11
 -9.2673510750491428E-01 a       312     0    13     1    12
  3.3369788116377239E+00 a       313     0    13     1    13
  2.2261848541384506E+00 a       314     0    13     1    14
  1.5534880117992771E+00 a       315     0    13     1    15
  2.9429396442347344E-01 a       316     0    13     1    16
  2.1621870179904623E+00 a       317     0    13     1    17
  2.3320110052528920E+00 a       318     0    13     1    18
  1.6819515488248888E+00 a       319     0    13     1    19
  1.1621820169169965E+00 a       320     0    13     1    20
 -9.6289761149431918E-01 a       321     0    13     1    21
 -2.6406413745183928E+00 a       322     0    13     1    22
  5.2551506122268377E-01 a       323     0    13     1    23
  1.9798640183212743E-01 a       324     0    13     1    24
 -1.3280592195155418E+00 a       325     0    13     1    25
  1.5463807038701771E+00 a       326     0    14     1     1
  4.2283871149222279E+00 a       327     0    14     1     2
  4.6863526161166220E+00 a       328     0    14     1     3
 -2.0806779560844304E+00 a       329     0    14     1     4
 -6.2477069239123106E-01 a       330     0    14     1     5
 -1.7501759820823626E+00 a       331     0    14     1     6
 -5.6667596344084814E-01 a       332     0    14     1     7
 -4.9171351508970383E-03 a       333     0    14     1     8
  3.3833180822866198E+00 a       334     0    14     1     9
  5.0140420840657041E-01 a       335     0    14     1    10
  2.2684087781693885E-02 a       336     0    14     1    11
 -2.6021533789591622E+00 a       337     0    14     1    12
  8.2504713169248998E+00 a       338     0    14     1    13
  1.6852741083257810E+00 a       339     0    14     1    14
  5.6524000124906415E-01 a       340     0    14     1    15
  3.8546555430635929E+00 a       341     0    14     1    16
  1.0804417146300280E+00 a       342     0    14     1    17
  9.4463721316810501E-01 a       343     0    14     1    18
 -8.2385180165179561E-01 a       344     0    14     1    19
 -3.2771921290393138E+00 a       345     0    14     1    20
 -4.9179364158301189E+00 a       346     0    14     1    21
 -8.8231921962211697E+00 a       347     0    14     1    22
  2.4518414775950133E+00 a       348     0    14     1    23
 -2.2750765081009150E+00 a       349     0    14     1    24
  9.7636128243445353E-01 a       350     0    14     1    25
 -2.4821846229603300E-01 a       351     0    15     1     1
 -1.0454718116406718E+00 a       352     0    15     1     2
  2.1910461620123818E+00 a       353     0    15     1     3
 -8.3006231223782334E-01 a       354     0    15     1     4
 -1.0895216761410751E+00 a       355     0    15     1     5
 -1.7209042833095314E+00 a       356     0    15     1     6
 -9.0571600426916166E-01 a       357     0    15     1     7
 -4.1149526633478933E-01 a       358     0    15     1     8
 -1.6902505608035010E+00 a       359     0    15     1     9
 -1.0363124217418278E+00 a       360     0    15     1    10
 -3.2514472502100449E+00 a       361     0    15     1    11
 -4.7925974353909362E-01 a       362     0    15     1    12
 -1.0460823927781291E+00 a       363     0    15     1    13
 -3.4836780714646998E+00 a       364     0    15     1    14
 -5.4035527734953170E-01 a       365     0    15     1    15
 -6.6092620728475138E-01 a       366     0    15     1    16
  1.9986316041953336E+00 a       367     0    15     1    17
  1.4134393773076859E+00 a       368     0    15     1    18
 -1.4001182395569864E+00 a       369     0    15     1    19
  2.4770868933078893E-01 a       370     0    15     1    20
  1.3203708897173877E-01 a       371     0    15     1    21
  2.2320724427647116E+00 a       372     0    15     1    22
  1.3358788086368203E+00 a       373     0    15     1    23
 -2.5063322107776374E-02 a       374     0    15     1    24
  2.1270731576583133E+00 a       375     0    15     1    25
  4.1767831856990062E-01 a       376     0    16     1     1
 -1.5737303987552167E+00 a       377     0    16     1     2
  1.7772812613175759E+00 a       378     0    16     1     3
 -6.2137784046265276E-01 a       379     0    16     1     4
 -7.6018436024500757E-01 a       380     0    16     1     5
 -4.5943873313381184E-01 a       381     0    16     1     6
 -1.6296988372639352E-02 a       382     0    16     1     7
 -5.3101335848155085E-01 a       383     0    16     1     8
  1.7872387348594063E-01 a       384     0    16     1     9
 -1.3467299467398965E+00 a       385     0    16     1    10
 -1.2015090434179561E+00 a       386     0    16     1    11
 -3.1821651695835490E-01 a       387     0    16     1    12
  1.5147580834711963E+01 a       388     0    16     1    13
 -3.1663468723656735E-01 a       389     0    16     1    14
  1.9611167262281998E-01 a       390     0    16     1    15
 -6.8725751890595888E-01 a       391     0    16     1    16
 -1.8534632789997416E-01 a       392     0    16     1    17
  4.0372146065696085E-01 a       393     0    16     1    18
  1.4516708086654224E+00 a       394     0    16     1    19
  4.8272621806138155E-01 a       395     0    16     1    20
 -6.0094947292249701E-01 a       396     0    16     1    21
  5.4888946803461938E+00 a       397     0    16     1    22
 -3.0469329838079401E-01 a       398     0    16     1    23
 -7.1393080117412655E-01 a       399     0    16     1    24
  1.0864101683862419E-01 a       400     0    16     1    25
 -4.4279024834974662E-01 a       401     0    17     1     1
  4.7447110168094424E+00 a       402     0    17     1     2
  3.6301870785983597E+00 a       403     0    17     1     3
 -1.8359623976218702E+00 a       404     0    17     1     4
 -4.3925011827117082E+00 a       405     0    17     1     5
  5.6913478755102342E-01 a       406     0    17     1     6
  6.0091930057040903E+00 a       407     0    17     1     7
 -4.1000507451687268E-01 a       408     0    17     1     8
  4.5906339671775314E+00 a       409     0    17     1     9
  2.3297611431679632E+00 a       410     0    17     1    10
 -2.7722685096436533E-01 a       411     0    17     1    11
 -1.2254277787328476E+00 a       412     0    17     1    12
  1.4449090688813466E+00 a       413     0    17     1    13
 -3.5079799238600101E-01 a       414     0    17     1    14
  9.7715559586721057E-01 a       415     0    17     1    15
 -2.1557694173061108E+00 a       416     0    17     1    16
  1.4920240675741465E+00 a       417     0    17     1    17
  4.6373303689074491E-01 a       418     0    17     1    18
 -2.2814202361211291E+00 a       419     0    17     1    19
 -9.3534786779053503E-01 a       420     0    17     1    20
 -2.0021432400379253E+00 a       421     0    17     1    21
 -1.4413997614759003E-01 a       422     0    17     1    22
 -1.9213012038117967E+00 a       423     0    17     1    23
  1.6650706073117432E+00 a       424     0    17     1    24
 -7.5138134331384143E-01 a       425     0    17     1    25
  2.7645983691374001E+00 a       426     0    18     1     1
  2.3808226170541982E+00 a       427     0    18     1     2
 -1.0694891157400242E+01 a       428     0    18     1     3
  8.4358128667531211E+00 a       429     0    18     1     4
 -1.2863749824456230E+00 a       430     0    18     1     5
 -1.3199436954703726E+01 a       431     0    18     1     6
 -5.8221107934983838E+00 a       432     0    18     1     7
  2.9159005872656234E+00 a       433     0    18     1     8
 -7.5371415647401028E+00 a       434     0    18     1     9
  6.4198585606162704E+00 a       435     0    18     1    10
  1.0796347896873957E+01 a       436     0    18     1    11
 -1.7396239782680785E+00 a       437     0    18     1    12
  2.5300508115759506E+00 a       438     0    18     1    13
 -7.5285642078945010E+00 a       439     0    18     1    14
 -3.5370702786453441E+00 a       440     0    18     1    15
 -1.9648770249214444E+01 a       441     0    18     1    16
  1.2819484925740903E+00 a       442     0    18     1    17
  2.4109678629398998E+00 a       443     0    18     1    18
  4.9383826666133563E+00 a       444     0    18     1    19
 -2.3246708722422998E+01 a       445     0    18     1    20
  7.0999576942432674E-01 a       446     0    18     1    21
 -1.5253827164874298E+00 a       447     0    18     1    22
 -1.5891314835742129E+01 a       448     0    18     1    23
 -4.9353382052874295E+00 a       449     0    18     1    24
  1.5995991833387838E-01 a       450     0    18     1    25
 -2.6216715662831604E+00 a       451     0    19     1     1
 -7.9802384906636004E+00 a       452     0    19     1     2
 -3.9575462216710329E+00 a       453     0    19     1     3
  9.4794125459977130E-01 a       454     0    19     1     4
  3.9554551046428559E+00 a       455     0    19     1     5
  1.2235761135020911E+00 a       456     0    19     1     6
  7.3404767630744505E-01 a       457     0    19     1     7
  1.1006803266207563E+00 a       458     0    19     1     8
 -5.8362254211926787E+00 a       459     0    19     1     9
 -4.4926945106145846E+00 a       460     0    19     1    10
  5.0352307530922857E-01 a       461     0    19     1    11
  1.3125097515301043E+00 a       462     0    19     1    12
 -2.7857876972397997E+00 a       463     0    19     1    13
  4.6597003960825609E-04 a       464     0    19     1    14
  1.0023856634552194E+01 a       465     0    19     1    15
  9.4186485218094240E-01 a       466     0    19     1    16
 -1.8631022579119556E+00 a       467     0    19     1    17
  5.7739012406811752E-01 a       468     0    19     1    18
  1.2068490097747431E+00 a       469     0    19     1    19
  2.6014570472094003E+00 a       470     0    19     1    20
  3.3986914274973121E+00 a       471     0    19     1    21
 -3.1500823477368323E-01 a       472     0    19     1    22
 -1.0498702450818098E+00 a       473     0    19     1    23
  4.7932150341755808E-01 a       474     0    19     1    24
  5.4139675735985227E-01 a       475     0    19     1    25
  4.9374036591693589E+00 a       476     0    20     1     1
 -1.4113107315782234E+00 a       477     0    20     1     2
  2.6061135607273904E+01 a       478     0    20     1     3
 -6.4920102987476627E+00 a       479     0    20     1     4
 -8.1793599398664329E-01 a       480     0    20     1     5
  2.2601948544920514E+01 a       481     0    20     1     6
 -1.2981027563058721E+01 a       482     0    20     1     7
 -9.4059819046340838E+00 a       483     0    20     1     8
  1.4244341010173814E+01 a       484     0    20     1     9
 -6.2941243130411539E-01 a       485     0    20     1    10
 -8.3955082088805373E+00 a       486     0    20     1    11
 -1.5242478915023154E+01 a       487     0    20     1    12
  3.4337368138916173E+00 a       488     0    20     1    13
  2.1456403834457706E+01 a       489     0    20     1    14
 -2.0014872970252253E+00 a       490     0    20     1    15
  2.9094140893581361E+01 a       491     0    20     1    16
  3.5197176622320829E+00 a       492     0    20     1    17
 -1.4859867192239610E+01 a       493     0    20     1    18
 -7.0887469455079160E+00 a       494     0    20     1    19
  2.2323407926962432E+01 a       495     0    20     1    20
 -1.1513717317365246E+00 a       496     0    20     1    21
 -7.1312551030062750E+00 a       497     0    20     1    22
  1.8714123221047874E+01 a       498     0    20     1    23
  4.6916301863841587E+00 a       499     0    20     1    24
  3.3220112484395568E+00 a       500     0    20     1    25
  1.4569996458734810E+01 a       501     0    21     1     1
  7.8108414235602730E+00 a       502     0    21     1     2
  8.0136328751744443E+00 a       503     0    21     1     3
  6.0274813405130843E+00 a       504     0    21     1     4
 -2.9055788078491966E+00 a       505     0    21     1     5
 -1.1780322062549082E+01 a       506     0    21     1     6
  9.4354799549371169E+00 a       507     0    21     1     7
 -6.1412615915419255E-01 a       508     0    21     1     8
 -1.2409406023652105E+01 a       509     0    21     1     9
 -2.6856042960617135E+00 a       510     0    21     1    10
  4.4325800003964861E+00 a       511     0    21     1    11
 -3.2720490366017827E+01 a       512     0    21     1    12
  1.8767050507995723E+01 a       513     0    21     1    13
  1.3436225061494577E+01 a       514     0    21     1    14
  5.1550265697198565E+00 a       515     0    21     1    15
  4.3692702609445329E+00 a       516     0    21     1    16
 -1.7207347260163854E+01 a       517     0    21     1    17
 -1.1953972532247686E+01 a       518     0    21     1    18
  2.8450193955299889E+00 a       519     0    21     1    19
 -5.2533937030101709E+00 a       520     0    21     1    20
 -3.8555142284774839E+00 a       521     0    21     1    21
 -3.2311906527324137E+00 a       522     0    21     1    22
 -8.3006990307741990E+00 a       523     0    21     1    23
  4.1494070987085756E+00 a       524     0    21     1    24
  1.8374384651435756E+00 a       525     0    21     1    25
 -2.3632602125338209E-01 a       526     0    22     1     1
  2.4538294609713485E-01 a       527     0    22     1     2
  1.4281190389985834E+00 a       528     0    22     1     3
 -1.3775228325195688E+01 a       529     0    22     1     4
 -1.6128767120749298E+01 a       530     0    22     1     5
  4.2942300348193347E+00 a       531     0    22     1     6
 -2.3698446127325873E+01 a       532     0    22     1     7
 -1.1582382084484562E+01 a       533     0    22     1     8
  9.6713414204719395E-01 a       534     0    22     1     9
  1.2648656183610031E+01 a       535     0    22     1    10
  3.4642885058733750E+00 a       536     0    22     1    11
  7.5591837694135497E+00 a       537     0    22     1    12
  4.6437490603128873E-01 a       538     0    22     1    13
  1.7523433909488362E+00 a       539     0    22     1    14
 -5.3770616579633286E+00 a       540     0    22     1    15
 -4.6209399946406498E+00 a       541     0    22     1    16
  1.2066508590248525E+01 a       542     0    22     1    17
  4.1298413973893338E+00 a       543     0    22     1    18
  5.1724337418405497E-01 a       544     0    22     1    19
  1.0253951956899320E+01 a       545     0    22     1    20
 -5.6127457415414126E+00 a       546     0    22     1    21
 -6.6275143727429260E+00 a       547     0    22     1    22
  1.0137089689889814E+01 a       548     0    22     1    23
 -8.3685046491814958E+00 a       549     0    22     1    24
  4.5395021657198642E+00 a       550     0    22     1    25
 -1.9485251797336815E+01 a       551     0    23     1     1
 -6.6174920401251853E+00 a       552     0    23     1     2
 -4.0033394061889680E+01 a       553     0    23     1     3
  7.4093338721847524E-01 a       554     0    23     1     4
  2.8672275777538175E-01 a       555     0    23     1     5
  1.3960595440180775E+01 a       556     0    23     1     6
  9.7496433351100054E-01 a       557     0    23     1     7
  5.9342596423801215E+00 a       558     0    23     1     8
  1.3868419528727829E+01 a       559     0    23     1     9
  7.3034062864466422E+00 a       560     0    23     1    10
 -4.0790807343090207E-01 a       561     0    23     1    11
  1.9717832547025299E+01 a       562     0    23     1    12
 -3.5252120898628753E+01 a       563     0    23     1    13
 -2.5217010882430628E+01 a       564     0    23     1    14
 -5.4777163676426577E+00 a       565     0    23     1    15
 -2.9708362250673157E+00 a       566     0    23     1    16
  1.3671455038811649E+01 a       567     0    23     1    17
  1.9923245854335665E+01 a       568     0    23     1    18
  6.2696398857319435E-01 a       569     0    23     1    19
  2.4404090938048784E+00 a       570     0    23     1    20
  3.2669110773235581E+00 a       571     0    23     1    21
  2.7542902964744957E+01 a       572     0    23     1    22
  1.4732128062414244E+01 a       573     0    23     1    23
  9.8577897676608313E+00 a       574     0    23     1    24
 -1.1641007656289066E+01 a       575     0    23     1    25
 -4.2302613732600008E-01 a       576     0    24     1     1
  4.2496695386616651E-01 a       577     0    24     1     2
  1.8189869204646708E+01 a       578     0    24     1     3
 -5.2576290731110360E+00 a       579     0    24     1     4
  1.5608558634844307E+00 a       580     0    24     1     5
 -7.4030526516272301E+00 a       581     0    24     1     6
  1.4463258843247759E+01 a       582     0    24     1     7
  3.5201713966184163E+00 a       583     0    24     1     8
 -5.3479806362015694E+00 a       584     0    24     1     9
 -1.0032855791112755E+01 a       585     0    24     1    10
 -7.0511451582418694E+00 a       586     0    24     1    11
  3.8215988530870666E+00 a       587     0    24     1    12
  5.9635872999811790E+00 a       588     0    24     1    13
 -5.5895161835436706E+00 a       589     0    24     1    14
 -1.5331079059007174E-01 a       590     0    24     1    15
 -6.2653917102538621E+00 a       591     0    24     1    16
 -1.6495557324497877E+01 a       592     0    24     1    17
 -2.5802726395186759E-01 a       593     0    24     1    18
 -1.6806367402065869E+00 a       594     0    24     1    19
 -5.2350997040169869E+00 a       595     0    24     1    20
  2.5548523442202762E+00 a       596     0    24     1    21
 -1.1902057583192581E+01 a       597     0    24     1    22
 -7.5480698390501608E+00 a       598     0    24     1    23
  2.1436537565180938E-01 a       599     0    24     1    24
 -2.7076805675165558E+00 a       600     0    24     1    25
 -6.7857547861247287E+00 a       601     0    25     1     1
 -2.5817518401128838E+00 a       602     0    25     1     2
  2.0348379461164732E+00 a       603     0    25     1     3
  1.2646335111075528E+01 a       604     0    25     1     4
  9.3658189165931596E+00 a       605     0    25     1     5
  1.1722151241298695E+01 a       606     0    25     1     6
 -3.5973746781436993E+00 a       607     0    25     1     7
  3.2477652206069014E+00 a       608     0    25     1     8
  6.9069684068884269E+00 a       609     0    25     1     9
  2.1517713100273950E+00 a       610     0    25     1    10
  2.1437542233002356E+00 a       611     0    25     1    11
  7.7625743698199914E+00 a       612     0    25     1    12
 -8.6165058584705321E+00 a       613     0    25     1    13
 -2.8055352862976819E+00 a       614     0    25     1    14
 -6.7705986457448324E+00 a       615     0    25     1    15
  8.4127068325312937E+00 a       616     0    25     1    16
  4.9728560037557319E+00 a       617     0    25     1    17
  1.4129290980150733E+00 a       618     0    25     1    18
 -3.0182227847801326E+00 a       619     0    25     1    19
  4.0949370582446276E+00 a       620     0    25     1    20
  8.8511935294455508E+00 a       621     0    25     1    21
  9.4927446006947935E+00 a       622     0    25     1    22
  4.3273278349599403E-01 a       623     0    25     1    23
  7.9656555814284014E+00 a       624     0    25     1    24
 -3.9787598745107271E+00 a       625     0    25     1    25
  1.0929600019213821E+01 a       626     0    26     1     1
  1.7328221358918483E+01 a       627     0    26     1     2
  1.1036437918051604E+01 a       628     0    26     1     3
  5.6929846217908908E+00 a       629     0    26     1     4
 -2.5580388060423140E+00 a       630     0    26     1     5
 -1.2245634467437934E+01 a       631     0    26     1     6
 -4.3872031289557432E-02 a       632     0    26     1     7
  2.8183383767664800E+00 a       633     0    26     1     8
 -9.3445651571423465E+00 a       634     0    26     1     9
 -1.6925842373042628E+00 a       635     0    26     1    10
  6.8203253421397942E+00 a       636     0    26     1    11
 -1.5681395299173197E+01 a       637     0    26     1    12
  2.6539001641191458E+01 a       638     0    26     1    13
  5.6520284510748855E+00 a       639     0    26     1    14
  7.9292988329435783E+00 a       640     0    26     1    15
 -8.9680968464543498E-01 a       641     0    26     1    16
  2.8766687818034868E+00 a       642     0    26     1    17
 -3.3528222221178838E+00 a       643     0    26     1    18
  2.5557761724472261E+00 a       644     0    26     1    19
 -2.3298017978645928E+00 a       645     0    26     1    20
 -7.0359522279134676E+00 a       646     0    26     1    21
 -9.8135002027497578E+00 a       647     0    26     1    22
 -1.5712799048230629E+01 a       648     0    26     1    23
 -8.7398177204933525E+00 a       649     0    26     1    24
  6.4419971164890732E+00 a       650     0    26     1    25
 -1.0903097641505710E+00 a       651     0    27     1     1
 -4.2873153065612550E+00 a       652     0    27     1     2
 -3.0720505035143488E+00 a       653     0    27     1     3
  1.0458259787566726E+00 a       654     0    27     1     4
  1.2123178636763514E+00 a       655     0    27     1     5
  1.8729210375827969E+00 a       656     0    27     1     6
 -5.2656159155369431E-01 a       657     0    27     1     7
 -3.5624438440758253E+00 a       658     0    27     1     8
 -2.3703665514780389E-01 a       659     0    27     1     9
  4.1926652022337274E+00 a       660     0    27     1    10
  5.8683225071024936E-01 a       661     0    27     1    11
  1.7528457747098651E+00 a       662     0    27     1    12
 -7.8868520137612226E+00 a       663     0    27     1    13
  7.7711392569837598E-02 a       664     0    27     1    14
 -1.2402048709851849E+00 a       665     0    27     1    15
  3.0089224075833620E-01 a       666     0    27     1    16
 -1.1473841018609328E+00 a       667     0    27     1    17
 -1.3674449766516770E+00 a       668     0    27     1    18
 -6.2599873267195481E+00 a       669     0    27     1    19
  1.1985740221407686E+00 a       670     0    27     1    20
  1.0060175186051425E+00 a       671     0    27     1    21
  1.2140570485220700E-01 a       672     0    27     1    22
 -4.8216905619285662E-02 a       673     0    27     1    23
  2.0880698915183680E+00 a       674     0    27     1    24
 -7.6347842939356347E-01 a       675     0    27     1    25
  5.9541247285587540E-01 b       676     1     1
 -1.1295206802558648E+00 b       677     1     2
  1.9572449004321242E+00 b       678     1     3
  4.6530632697417340E-01 b       679     1     4
 -2.1374190921069909E+00 b       680     1     5
  2.6111140770407160E-01 b       681     1     6
  1.3628741689903801E+00 b       682     1     7
 -1.4510156422831713E+00 b       683     1     8
 -1.3948841488694441E+00 b       684     1     9
  1.9347179222963189E+00 b       685     1    10
 -7.7748684640498811E-01 b       686     1    11
 -1.6446024686519640E+00 b       687     1    12
  3.2586693562056315E+00 b       688     1    13
  1.0405145772501458E+00 b       689     1    14
  1.3871253575746059E+00 b       690     1    15
 -6.3119371489257980E-01 b       691     1    16
  7.9739182854457913E-01 b       692     1    17
  1.5343547662737551E+00 b       693     1    18
 -2.0899464459801131E+00 b       694     1    19
  5.6558889000512369E-01 b       695     1    20
 -1.3781918733529077E+00 b       696     1    21
  1.2288468074344083E+00 b       697     1    22
  3.7641923019895374E-01 b       698     1    23
  2.4032744284864985E-01 b       699     1    24
 -1.5762553045448477E+00 b       700     1    25
 -1.2773587440243022E+00 a       701     1     1     2     1
 -3.3392834392994208E-01 a       702     1     1     2     2
 -2.7855687630605006E+00 a       703     1     1     2     3
 -4.5415808154466530E-01 a       704     1     1     2     4
  5.2485396251672634E-01 a       705     1     1     2     5
 -1.9570398455073699E+00 a       706     1     1     2     6
  7.8415231235304772E-01 a       707     1     1     2     7
  6.7274271048002030E-02 a       708     1     1     2     8
 -2.3025687158540664E-01 a       709     1     1     2     9
  2.0302923872422940E+00 a       710     1     1     2    10
 -5.6134787957830667E-01 a       711     1     1     2    11
  1.1797837574207559E-01 a       712     1     1     2    12
 -1.2468253047165190E+00 a       713     1     1     2    13
  9.0392632900717329E-01 a       714     1     1     2    14
 -1.9304691919430417E+00 a       715     1     1     2    15
 -3.5923966697068199E-01 a       716     1     1     2    16
  2.2713232034606308E+00 a       717     1     1     2    17
 -1.2413999976528047E+00 a       718     1     1     2    18
  7.7272658067611866E-01 a       719     1     1     2    19
  2.5199567857537691E-01 a       720     1     1     2    20
 -5.0103987962837382E-01 a       721     1     1     2    21
 -2.4561602168133829E+00 a       722     1     1     2    22
 -3.0242780410512504E-01 a       723     1     1     2    23
 -1.6096585691096241E+00 a       724     1     1     2    24
  1.9401897533462947E-01 a       725     1     1     2    25
  2.2736435589176571E-01 a       726     1     2     2     1
 -4.1088129504013199E-01 a       727     1     2     2     2
  1.5328835161348678E-01 a       728     1     2     2     3
 -3.2571166035763950E+00 a       729     1     2     2     4
 -3.1004349008713550E-01 a       730     1     2     2     5
 -2.6065337343955047E-01 a       731     1     2     2     6
 -8.2062388649645230E-03 a       732     1     2     2     7
  2.8665952203371664E-01 a       733     1     2     2     8
  3.2477341907437218E-01 a       734     1     2     2     9
 -1.1889017279736283E+00 a       735     1     2     2    10
  5.1198840809098728E-02 a       736     1     2     2    11
  1.2313732027370437E-03 a       737     1     2     2    12
  2.5240363113293057E-01 a       738     1     2     2    13
 -3.6931876887444939E-02 a       739     1     2     2    14
 -4.7013071389190625E-01 a       740     1     2     2    15
 -3.8112059855058755E-01 a       741     1     2     2    16
 -5.1702870183622607E-01 a       742     1     2     2    17
 -8.8383422016277309E-03 a       743     1     2     2    18
  7.6178137009734817E-02 a       744     1     2     2    19
 -5.9937313972207507E-01 a       745     1     2     2    20
  1.9946086821081213E+00 a       746     1     2     2    21
 -2.3564308898450531E-01 a       747     1     2     2    22
 -6.8965676431627626E-02 a       748     1     2     2    23
  1.0695007131819936E+00 a       749     1     2     2    24
  7.2132236828174578E-01 a       750     1     2     2    25
  6.8783764714277407E+00 a       751     1     3     2     1
 -5.7103419775779096E-01 a       752     1     3     2     2
 -2.7543431174951527E+00 a       753     1     3     2     3
 -9.1027892191708979E+00 a       754     1     3     2     4
  1.2928461466979073E+00 a       755     1     3     2     5
  2.0137526617149710E+00 a       756     1     3     2     6
 -3.1752961206853065E+00 a       757     1     3     2     7
  1.8436807473684822E+00 a       758     1     3     2     8
 -7.5087604852603960E+00 a       759     1     3     2     9
  3.0297669562313394E+00 a       760     1     3     2    10
 -1.7540951838269463E+00 a       761     1     3     2    11
  1.4465039580911974E+00 a       762     1     3     2    12
  5.8485473622757080E+00 a       763     1     3     2    13
  5.4061007010302733E+00 a       764     1     3     2    14
 -2.1385537442018334E+00 a       765     1     3     2    15
  3.9574622186155839E+00 a       766     1     3     2    16
  1.2918452116258514E+00 a       767     1     3     2    17
 -7.0349566914584727E-01 a       768     1     3     2    18
  1.2367929963854609E+00 a       769     1     3     2    19
 -1.9531469140798627E+00 a       770     1     3     2    20
  2.2679033509782407E+00 a       771     1     3     2    21
 -1.1365160891036998E+00 a       772     1     3     2    22
  3.1338915419889601E+00 a       773     1     3     2    23
 -3.4731527331525331E+00 a       774     1     3     2    24
  1.4774759713100942E+00 a       775     1     3     2    25
 -1.5482838483320853E+00 a       776     1     4     2     1
  6.6594517554114829E-01 a       777     1     4     2     2
  1.7011513973198342E+00 a       778     1     4     2     3
 -8.0454854691725741E-01 a       779     1     4     2     4
  3.0947388214858429E-01 a       780     1     4     2     5
 -9.0011883840905738E-01 a       781     1     4     2     6
 -6.2314321685328000E-01 a       782     1     4     2     7
 -1.1847379005202296E+00 a       783     1     4     2     8
  1.4392957508722790E-01 a       784     1     4     2     9
 -7.2492457886584782E-01 a       785     1     4     2    10
 -1.3057043321471836E-02 a       786     1     4     2    11
  4.1083518650083334E-02 a       787     1     4     2    12
 -9.3424489699935709E-01 a       788     1     4     2    13
  2.1037380778147701E+00 a       789     1     4     2    14
  1.8785911163748170E-01 a       790     1     4     2    15
 -9.6935301856084699E-01 a       791     1     4     2    16
  8.0786713220716427E-02 a       792     1     4     2    17
  6.6358482867494584E-01 a       793     1     4     2    18
 -4.0698114485139747E-01 a       794     1     4     2    19
 -7.9607568324647338E-01 a       795     1     4     2    20
 -2.1372640420606032E-01 a       796     1     4     2    21
  2.8230847880778560E+00 a       797     1     4     2    22
 -5.1935022803120334E-01 a       798     1     4     2    23
  2.1595663162395953E-01 a       799     1     4     2    24
  5.9024750195408600E-02 a       800     1     4     2    25
 -1.1411887071599198E+01 a       801     1     5     2     1
  1.1417560621370130E+01 a       802     1     5     2     2
  8.1569323708380939E+00 a       803     1     5     2     3
  7.3793712855045301E+00 a       804     1     5     2     4
  9.0230432676682533E+00 a       805     1     5     2     5
 -1.1155959392996005E+01 a       806     1     5     2     6
 -5.6815366497502673E+00 a       807     1     5     2     7
 -1.4136887344123215E+00 a       808     1     5     2     8
 -1.2429709364273029E+01 a       809     1     5     2     9
 -1.3882800178920679E+01 a       810     1     5     2    10
  5.6926130050007595E+00 a       811     1     5     2    11
 -3.8881732435763157E+00 a       812     1     5     2    12
  5.4132332335150335E-01 a       813     1     5     2    13
 -5.4469099755772621E-01 a       814     1     5     2    14
  3.7016765309344350E+00 a       815     1     5     2    15
 -1.2519321832875089E+01 a       816     1     5     2    16
 -1.1382467294150326E+01 a       817     1     5     2    17
  2.5436709103393480E+00 a       818     1     5     2    18
 -2.7001023708559262E+00 a       819     1     5     2    19
 -2.2638470767864560E+00 a       820     1     5     2    20
 -1.0688420407748907E+01 a       821     1     5     2    21
 -1.3767995779196240E+00 a       822     1     5     2    22
 -5.6799956979027011E-01 a       823     1     5     2    23
  2.6500416751694460E+00 a       824     1     5     2    24
 -2.6465321401814257E+00 a       825     1     5     2    25
  1.2769923392831020E+00 a       826     1     6     2     1
 -8.9546205420294700E-01 a       827     1     6     2     2
 -8.7161862264447248E-02 a       828     1     6     2     3
  1.6976349023515915E+00 a       829     1     6     2     4
  1.7127475651673943E-01 a       830     1     6     2     5
  1.8127633383407111E+00 a       831     1     6     2     6
  1.5625472931907805E-01 a       832     1     6     2     7
 -6.0614900484998324E-01 a       833     1     6     2     8
 -3.8948371355726535E-01 a       834     1     6     2     9
  7.1186754171544450E-02 a       835     1     6     2    10
 -6.9129936670150449E-01 a       836     1     6     2    11
  3.4617655142351150E-01 a       837     1     6     2    12
  3.7015554734590300E-01 a       838     1     6     2    13
  2.5835078980734534E+00 a       839     1     6     2    14
  1.5939121907006557E-01 a       840     1     6     2    15
  1.6233826940582055E+00 a       841     1     6     2    16
  1.2821555869195920E+00 a       842     1     6     2    17
 -2.0697074669092375E-01 a       843     1     6     2    18
  3.2929887198001889E-01 a       844     1     6     2    19
  1.4020129773254295E+00 a       845     1     6     2    20
  5.4798342474426454E-01 a       846     1     6     2    21
  3.6218011732710198E-01 a       847     1     6     2    22
  1.4523707135503544E-02 a       848     1     6     2    23
 -5.5942048153614798E-01 a       849     1     6     2    24
  2.4804446880067840E-01 a       850     1     6     2    25
 -4.5315590440949993E-01 a       851     1     7     2     1
 -1.7933418466956510E+00 a       852     1     7     2     2
 -5.9390301742185803E-01 a       853     1     7     2     3
 -4.0835889450773344E+00 a       854     1     7     2     4
  5.7723411602769559E-01 a       855     1     7     2     5
 -1.2897697311265066E+00 a       856     1     7     2     6
 -2.2495909895944502E-01 a       857     1     7     2     7
 -1.6345440910399061E+00 a       858     1     7     2     8
 -7.4208594719976286E-03 a       859     1     7     2     9
  1.1930174014975570E+00 a       860     1     7     2    10
 -5.4688445840104949E-01 a       861     1     7     2    11
  3.9097771608118564E-01 a       862     1     7     2    12
 -3.2521671807552244E-01 a       863     1     7     2    13
  1.0808185371995478E+00 a       864     1     7     2    14
 -4.2550473430941449E-01 a       865     1     7     2    15
 -2.9551521335482384E-01 a       866     1     7     2    16
 -8.9734413879570873E-01 a       867     1     7     2    17
  2.2019676442671232E-01 a       868     1     7     2    18
  3.9348446032176720E-01 a       869     1     7     2    19
  1.1221430891500626E+00 a       870     1     7     2    20
 -9.5493526121109029E-01 a       871     1     7     2    21
  1.4490606956863235E+00 a       872     1     7     2    22
 -6.5905631702336753E-01 a       873     1     7     2    23
 -5.7073538037560934E-01 a       874     1     7     2    24
  1.1529005453972252E+00 a       875     1     7     2    25
 -8.2901545447354974E-01 a       876     1     8     2     1
  1.1147385409186614E+00 a       877     1     8     2     2
  1.2841350085015890E+00 a       878     1     8     2     3
 -4.7167332216857427E-02 a       879     1     8     2     4
 -2.8568977739506479E-01 a       880     1     8     2     5
 -1.0488882236389758E+00 a       881     1     8     2     6
  7.9720090520703585E-02 a       882     1     8     2     7
  5.0404510326427965E-01 a       883     1     8     2     8
 -7.1401511166700460E-01 a       884     1     8     2     9
  5.7889559891709697E+00 a       885     1     8     2    10
 -1.1277457873558865E+00 a       886     1     8     2    11
 -1.6051801959032388E+00 a       887     1     8     2    12
 -1.7290832180146456E+00 a       888     1     8     2    13
  4.0955603317439611E+00 a       889     1     8     2    14
  1.0176988550421693E+00 a       890     1     8     2    15
  5.3292543771238678E+00 a       891     1     8     2    16
 -1.4969166887276937E+00 a       892     1     8     2    17
  9.0172634082374914E-01 a       893     1     8     2    18
  9.4090163111136338E-01 a       894     1     8     2    19
  2.4584786061896922E+00 a       895     1     8     2    20
 -6.0346983142854151E+00 a       896     1     8     2    21
 -8.3253874766867952E-01 a       897     1     8     2    22
  1.9649528443151074E+00 a       898     1     8     2    23
 -3.4652588639151567E+00 a       899     1     8     2    24
 -9.2202075867164113E-01 a       900     1     8     2    25
 -1.5209347454206774E+00 a       901     1     9     2     1
 -2.6096577826706806E+00 a       902     1     9     2     2
 -2.2211037925064447E+00 a       903     1     9     2     3
 -1.9566817370793628E+00 a       904     1     9     2     4
 -1.2256015606946848E-01 a       905     1     9     2     5
 -1.1595569295623083E+00 a       906     1     9     2     6
 -1.0624465587171823E+00 a       907     1     9     2     7
  1.3481460606327864E+00 a       908     1     9     2     8
  4.0904095518995931E-01 a       909     1     9     2     9
  3.4113979550593576E-01 a       910     1     9     2    10
  1.2384499252716419E+00 a       911     1     9     2    11
  1.3719425679918498E+00 a       912     1     9     2    12
 -1.0441296265611562E+00 a       913     1     9     2    13
  4.3071141146624820E-01 a       914     1     9     2    14
 -2.2847453507679016E-01 a       915     1     9     2    15
 -4.1294170591179640E+00 a       916     1     9     2    16
 -1.5997270407396189E+00 a       917     1     9     2    17
 -1.1437656168381927E-01 a       918     1     9     2    18
 -7.8665184773220764E-01 a       919     1     9     2    19
  1.1936019498920631E+00 a       920     1     9     2    20
  1.0226446237850415E+00 a       921     1     9     2    21
 -2.4160595905347784E-01 a       922     1     9     2    22
 -3.4997836299395320E+00 a       923     1     9     2    23
 -2.0558264399631843E+00 a       924     1     9     2    24
  4.9549027700246973E-01 a       925     1     9     2    25
 -3.8996670875829026E-01 a       926     1    10     2     1
  2.6767846377096909E+00 a       927     1    10     2     2
  1.1884571105445880E+00 a       928     1    10     2     3
  3.1535731137579126E+00 a       929     1    10     2     4
 -1.7217551659656916E+00 a       930     1    10     2     5
  1.0752023267462172E+00 a       931     1    10     2     6
  9.0756125843919577E-01 a       932     1    10     2     7
  3.0075258171924495E+00 a       933     1    10     2     8
 -2.3969619802096069E+00 a       934     1    10     2     9
  2.0453697684473413E+00 a       935     1    10     2    10
  6.4679158161643796E-02 a       936     1    10     2    11
 -3.3345633810892874E+00 a       937     1    10     2    12
 -3.2556062592549879E+00 a       938     1    10     2    13
 -5.7171543599252690E+00 a       939     1    10     2    14
  1.7879954008081274E+00 a       940     1    10     2    15
 -2.4494428691721613E+00 a       941     1    10     2    16
 -3.1163405728082831E+00 a       942     1    10     2    17
  2.0459942198597703E+00 a       943     1    10     2    18
  2.5061953788377850E-01 a       944     1    10     2    19
 -2.1036705954223867E+00 a       945     1    10     2    20
 -3.4267101910875306E+00 a       946     1    10     2    21
  6.4294274579292232E-01 a       947     1    10     2    22
 -1.7225180488144889E-01 a       948     1    10     2    23
 -3.2001002543845325E+00 a       949     1    10     2    24
  1.3546995391717032E+00 a       950     1    10     2    25
  7.1829173436685523E-01 a       951     1    11     2     1
 -1.1487661148918578E+00 a       952     1    11     2     2
 -1.3305745678587291E+00 a       953     1    11     2     3
  1.9168209811992289E+00 a       954     1    11     2     4
 -4.0714933192734531E-01 a       955     1    11     2     5
 -1.1093584064957116E+00 a       956     1    11     2     6
 -7.1520645090805894E+00 a       957     1    11     2     7
  8.0729236354011091E-01 a       958     1    11     2     8
  8.4032989494898813E-01 a       959     1    11     2     9
 -4.3419111637942270E-01 a       960     1    11     2    10
  8.5373262484023091E-02 a       961     1    11     2    11
 -2.2757522035203975E-01 a       962     1    11     2    12
 -1.2194955673271661E+00 a       963     1    11     2    13
  6.7643669984473831E-01 a       964     1    11     2    14
  1.3685690904142411E+00 a       965     1    11     2    15
 -3.9617254287604337E-01 a       966     1    11     2    16
  1.1782161164445872E+00 a       967     1    11     2    17
 -4.2245500450588580E-01 a       968     1    11     2    18
  6.6928390837379081E-01 a       969     1    11     2    19
  1.2705577341645831E+00 a       970     1    11     2    20
  9.2818660447541579E-01 a       971     1    11     2    21
 -1.9578475218961944E-01 a       972     1    11     2    22
 -1.0815618357610210E-01 a       973     1    11     2    23
 -5.2700169436616573E-01 a       974     1    11     2    24
 -6.6487026090851076E-01 a       975     1    11     2    25
  2.8416257611506448E+00 a       976     1    12     2     1
 -9.1639996256849798E+00 a       977     1    12     2     2
 -2.4424589121211846E+00 a       978     1    12     2     3
  3.7712904221219850E+00 a       979     1    12     2     4
 -4.1387191276646362E+00 a       980     1    12     2     5
  5.8666489373921245E+00 a       981     1    12     2     6
  8.7868868285983670E-02 a       982     1    12     2     7
  1.5601573126720762E+00 a       983     1    12     2     8
 -1.4876217109914435E+01 a       984     1    12     2     9
  4.2977475622029511E+00 a       985     1    12     2    10
 -4.3133536171544158E+00 a       986     1    12     2    11
  4.9025858272772078E+00 a       987     1    12     2    12
 -1.8767484794682945E-01 a       988     1    12     2    13
 -6.1622247418899008E+00 a       989     1    12     2    14
  1.4667827061040790E+00 a       990     1    12     2    15
  4.7374513719509936E+00 a       991     1    12     2    16
  3.7787374058994554E+00 a       992     1    12     2    17
  1.5165532363955141E+00 a       993     1    12     2    18
 -1.0404823558928247E+00 a       994     1    12     2    19
  6.1568661121950692E+00 a       995     1    12     2    20
 -2.2315092120788266E-01 a       996     1    12     2    21
 -2.0599516991001603E+00 a       997     1    12     2    22
  3.3846686688163913E-01 a       998     1    12     2    23
 -3.2364338768200520E+00 a       999     1    12     2    24
  1.6646105909136316E-01 a      1000     1    12     2    25
 -4.3551057544769369E+00 a      1001     1    13     2     1
 -2.6441044238954059E-01 a      1002     1    13     2     2
  1.3275379742310907E+00 a      1003     1    13     2     3
  1.1498357679907050E+01 a      1004     1    13     2     4
 -9.6565402682672630E-01 a      1005     1    13     2     5
  5.8886734341634006E-01 a      1006     1    13     2     6
  5.5047859140484490E-01 a      1007     1    13     2     7
 -1.0440482964315008E+00 a      1008     1    13     2     8
 -6.5916024983512500E+00 a      1009     1    13     2     9
 -9.7291618346845410E-01 a      1010     1    13     2    10
  8.6614479052813387E-01 a      1011     1    13     2    11
 -8.6524998878712867E-01 a      1012     1    13     2    12
  4.7053288826748183E+00 a      1013     1    13     2    13
 -5.2107811988431791E+00 a      1014     1    13     2    14
  2.7995176775040740E+00 a      1015     1    13     2    15
  2.8978580365663178E+00 a      1016     1    13     2    16
 -8.3195432338062130E+00 a      1017     1    13     2    17
 -6.7602282912671119E-02 a      1018     1    13     2    18
  3.8357027801633825E-01 a      1019     1    13     2    19
 -1.8278869884893473E-01 a      1020     1    13     2    20
 -1.2247188552445909E+00 a      1021     1    13     2    21
  3.1578362795748989E+00 a      1022     1    13     2    22
  9.8075815963572488E-01 a      1023     1    13     2    23
  1.6023787657484676E+00 a      1024     1    13     2    24
  1.9548072809351447E+00 a      1025     1    13     2    25
  1.9801076529229149E+00 a      1026     1    14     2     1
  6.0911825929357077E-01 a      1027     1    14     2     2
  1.6650521344358373E+00 a      1028     1    14     2     3
 -3.6915578013369249E-01 a      1029     1    14     2     4
  3.1335179215926162E-01 a      1030     1    14     2     5
 -1.0703780019127396E+00 a      1031     1    14     2     6
 -1.0853870384865592E+00 a      1032     1    14     2     7
 -7.5290243648543898E-01 a      1033     1    14     2     8
  2.3632035794336583E+00 a      1034     1    14     2     9
 -3.6716675160948226E-01 a      1035     1    14     2    10
  7.4818115885012570E-01 a      1036     1    14     2    11
  1.1934834117141251E+00 a      1037     1    14     2    12
 -1.8671518000711684E+00 a      1038     1    14     2    13
  1.3700176188183750E+00 a      1039     1    14     2    14
 -1.8752482624223968E-01 a      1040     1    14     2    15
 -5.1525063626447776E-01 a      1041     1    14     2    16
 -5.7299017953363962E-01 a      1042     1    14     2    17
  5.0192756918761694E-01 a      1043     1    14     2    18
 -3.6828395804580893E-01 a      1044     1    14     2    19
 -3.3935494375059388E-01 a      1045     1    14     2    20
 -2.0156866287183743E+00 a      1046     1    14     2    21
  3.3591029670665749E+00 a      1047     1    14     2    22
 -5.9503232323225774E-01 a      1048     1    14     2    23
  3.3025013248457382E+00 a      1049     1    14     2    24
  1.0851981132922128E+00 a      1050     1    14     2    25
 -1.2866425358346780E+00 a      1051     1    15     2     1
  1.3185835978098162E+00 a      1052     1    15     2     2
 -8.7746425397966760E-02 a      1053     1    15     2     3
 -4.8273899094769679E-01 a      1054     1    15     2     4
 -6.7528371555089528E-04 a      1055     1    15     2     5
  1.3541842783753191E-01 a      1056     1    15     2     6
 -3.4982808550075623E-01 a      1057     1    15     2     7
  6.6096269702116417E-01 a      1058     1    15     2     8
  7.2653941805290301E-01 a      1059     1    15     2     9
 -1.6718180387082384E+00 a      1060     1    15     2    10
  1.7863117573831783E-01 a      1061     1    15     2    11
 -2.9029467861202568E-01 a      1062     1    15     2    12
 -1.6927446341798377E-01 a      1063     1    15     2    13
 -1.5037523408566342E-01 a      1064     1    15     2    14
  4.0182760039481791E-01 a      1065     1    15     2    15
  3.4772059098379732E-01 a      1066     1    15     2    16
  2.6777571438833697E-01 a      1067     1    15     2    17
 -3.6239622716125114E-01 a      1068     1    15     2    18
 -5.0168767177691331E-01 a      1069     1    15     2    19
 -3.8335899695593456E-01 a      1070     1    15     2    20
  4.9905842772161285E-01 a      1071     1    15     2    21
  2.6048862094184677E-01 a      1072     1    15     2    22
  2.1299644210503033E-01 a      1073     1    15     2    23
 -4.5332111303134481E-01 a      1074     1    15     2    24
 -9.8614506174436556E-01 a      1075     1    15     2    25
 -2.6582386392363029E+00 a      1076     1    16     2     1
  2.5877779796442946E+00 a      1077     1    16     2     2
  7.4046522968306283E-01 a      1078     1    16     2     3
 -6.6032047878529043E-01 a      1079     1    16     2     4
  8.3422481912078661E-01 a      1080     1    16     2     5
  1.1010836565127207E+00 a      1081     1    16     2     6
 -1.1136940738217002E-01 a      1082     1    16     2     7
 -3.7358104894814431E-01 a      1083     1    16     2     8
 -2.3966183536753958E+00 a      1084     1    16     2     9
 -2.7881094837982484E-01 a      1085     1    16     2    10
  8.7101620743895425E-01 a      1086     1    16     2    11
  1.4815196048817797E-01 a      1087     1    16     2    12
  9.2734398530604123E-01 a      1088     1    16     2    13
 -4.4793093594834597E+00 a      1089     1    16     2    14
 -9.5095475794762163E-01 a      1090     1    16     2    15
 -1.2528457722608651E-03 a      1091     1    16     2    16
 -2.7778886275634291E+00 a      1092     1    16     2    17
 -2.9075768751706060E-01 a      1093     1    16     2    18
 -8.6493524810724143E-01 a      1094     1    16     2    19
 -1.6308929777691732E+00 a      1095     1    16     2    20
  6.4502975123916340E-01 a      1096     1    16     2    21
 -1.4742024912750824E+00 a      1097     1    16     2    22
  5.0572410991946248E-01 a      1098     1    16     2    23
  1.0582321537554220E+00 a      1099     1    16     2    24
  7.6649770195861144E-01 a      1100     1    16     2    25
  2.0808611297962173E-01 a      1101     1    17     2     1
 -1.8234384883075253E-01 a      1102     1    17     2     2
 -2.3848115516378141E-01 a      1103     1    17     2     3
 -9.7406152561264892E-01 a      1104     1    17     2     4
 -6.8697672953599498E-01 a      1105     1    17     2     5
  5.6591635818413766E-01 a      1106     1    17     2     6
 -6.0089363185031530E-01 a      1107     1    17     2     7
 -2.2685494036851193E+00 a      1108     1    17     2     8
  4.5450706195310020E-01 a      1109     1    17     2     9
  1.8526966849368580E+00 a      1110     1    17     2    10
 -1.2586814379934284E+00 a      1111     1    17     2    11
  1.9577348506872492E+00 a      1112     1    17     2    12
 -2.3057474957628113E-01 a      1113     1    17     2    13
 -6.8643526279695211E-01 a      1114     1    17     2    14
  5.2232971910018622E-01 a      1115     1    17     2    15
 -6.1246237942641424E-01 a      1116     1    17     2    16
  4.3140204596970100E-01 a      1117     1    17     2    17
  8.7858357232559170E-01 a      1118     1    17     2    18
 -3.7627670098181652E-02 a      1119     1    17     2    19
 -2.0011078072730767E-01 a      1120     1    17     2    20
  1.7136262256018451E+00 a      1121     1    17     2    21
  7.4325752057431727E-01 a      1122     1    17     2    22
  1.0295587361585180E-02 a      1123     1    17     2    23
  2.9956023578129991E+00 a      1124     1    17     2    24
 -1.7775733193285964E-01 a      1125     1    17     2    25
  7.1094436582285914E-01 a      1126     1    18     2     1
  7.8534923387171107E-02 a      1127     1    18     2     2
 -5.3205278140111645E-01 a      1128     1    18     2     3
  1.4713939816585309E-01 a      1129     1    18     2     4
  1.0941621706812668E+00 a      1130     1    18     2     5
  1.4166466423380035E-02 a      1131     1    18     2     6
 -5.4208559462974319E+00 a      1132     1    18     2     7
  4.7267396072441983E-03 a      1133     1    18     2     8
 -7.4355732153691101E-01 a      1134     1    18     2     9
  3.1702246372700555E+00 a      1135     1    18     2    10
  9.3310645509649892E-01 a      1136     1    18     2    11
  9.9976608030790937E-01 a      1137     1    18     2    12
 -3.0983700117362567E-01 a      1138     1    18     2    13
 -5.3040670092115971E-01 a      1139     1    18     2    14
  9.2008178977490351E-01 a      1140     1    18     2    15
 -3.6314289733129503E+00 a      1141     1    18     2    16
 -1.9380001984990775E-01 a      1142     1    18     2    17
  9.1753067247074449E-01 a      1143     1    18     2    18
 -1.1251442625992720E+00 a      1144     1    18     2    19
 -4.2674601395208378E-01 a      1145     1    18     2    20
  4.1754941483414205E+00 a      1146     1    18     2    21
  5.7905517191821210E-01 a      1147     1    18     2    22
 -2.2370452414749099E-02 a      1148     1    18     2    23
  5.5290198047414629E-01 a      1149     1    18     2    24
  3.0197826695041741E-01 a      1150     1    18     2    25
 -1.0239309842990501E+00 a      1151     1    19     2     1
  3.4223832490160775E+00 a      1152     1    19     2     2
  1.0113282016618927E+00 a      1153     1    19     2     3
 -6.0655196580244795E+00 a      1154     1    19     2     4
 -2.0075915600190410E+00 a      1155     1    19     2     5
 -1.8411191297447658E+00 a      1156     1    19     2     6
 -9.3842639571064068E-01 a      1157     1    19     2     7
 -2.3943284264957514E+00 a      1158     1    19     2     8
  7.1819410600614315E+00 a      1159     1    19     2     9
  3.7682952306161734E+00 a      1160     1    19     2    10
 -3.4825639726743872E-02 a      1161     1    19     2    11
 -8.6450716745663514E-01 a      1162     1    19     2    12
  1.0320203232897218E+00 a      1163     1    19     2    13
 -5.4457196932341230E+00 a      1164     1    19     2    14
 -2.9394251937457599E-01 a      1165     1    19     2    15
  4.1284793178229995E+00 a      1166     1    19     2    16
 -5.3304314158639299E+00 a      1167     1    19     2    17
  1.2710059320857325E-01 a      1168     1    19     2    18
  2.0301483228512311E+00 a      1169     1    19     2    19
 -2.1124225731122173E+00 a      1170     1    19     2    20
 -1.5503455616573765E+00 a      1171     1    19     2    21
 -2.7465935488020388E-01 a      1172     1    19     2    22
  2.0752847045840230E+00 a      1173     1    19     2    23
 -1.3853099201309607E+00 a      1174     1    19     2    24
  2.0991429598609850E+00 a      1175     1    19     2    25
 -1.5814547129615300E+00 a      1176     1    20     2     1
 -1.1010665826085464E+00 a      1177     1    20     2     2
 -1.0542204167593616E+00 a      1178     1    20     2     3
 -1.4140293909596693E-01 a      1179     1    20     2     4
  5.5914351243812299E-01 a      1180     1    20     2     5
 -1.2957672781689744E-01 a      1181     1    20     2     6
 -1.1896802454927746E-01 a      1182     1    20     2     7
 -6.2864759801385994E-01 a      1183     1    20     2     8
 -3.7164809395381004E-01 a      1184     1    20     2     9
  6.7265361938555512E-01 a      1185     1    20     2    10
  4.5036787703262060E-01 a      1186     1    20     2    11
  6.9665310102323219E-01 a      1187     1    20     2    12
 -1.6700189871703947E-01 a      1188     1    20     2    13
  5.3579345388415822E-01 a      1189     1    20     2    14
  4.6320033563843999E-01 a      1190     1    20     2    15
 -1.7296572135462787E-01 a      1191     1    20     2    16
 -4.6779215211235525E-01 a      1192     1    20     2    17
  1.9007807335205221E-01 a      1193     1    20     2    18
  1.5933104441250251E-01 a      1194     1    20     2    19
  2.5606207534095604E-01 a      1195     1    20     2    20
  4.8050668347548742E-01 a      1196     1    20     2    21
  1.3999268404163820E-01 a      1197     1    20     2    22
 -1.8904693539432915E-01 a      1198     1    20     2    23
  6.0426539546320923E-01 a      1199     1    20     2    24
 -1.0895190980329258E-01 a      1200     1    20     2    25
 -3.9021673114896305E+00 a      1201     1    21     2     1
  1.0994256046668742E+00 a      1202     1    21     2     2
 -4.6583533655647152E-01 a      1203     1    21     2     3
  4.1454582664489186E+00 a      1204     1    21     2     4
  2.0641430822971869E+00 a      1205     1    21     2     5
  4.0528182451449152E-01 a      1206     1    21     2     6
  4.2151049300507182E-01 a      1207     1    21     2     7
 -1.3950400778702718E-01 a      1208     1    21     2     8
 -1.7473289667385827E+00 a      1209     1    21     2     9
 -3.2722774443262428E+00 a      1210     1    21     2    10
  9.2035403894789103E-01 a      1211     1    21     2    11
 -5.4633016534101797E-01 a      1212     1    21     2    12
  9.8995290764675326E-03 a      1213     1    21     2    13
  1.0880958216227834E+00 a      1214     1    21     2    14
 -1.2106210620052484E+00 a      1215     1    21     2    15
 -4.5254033520254904E+00 a      1216     1    21     2    16
  2.3262104998899660E+00 a      1217     1    21     2    17
 -6.9711577828233307E-01 a      1218     1    21     2    18
 -2.2292405487121447E-01 a      1219     1    21     2    19
  1.4745815348358380E+00 a      1220     1    21     2    20
  4.5138311798882489E+00 a      1221     1    21     2    21
  1.2918901332213244E+00 a      1222     1    21     2    22
 -1.5388124297205485E+00 a      1223     1    21     2    23
  1.0988513554722195E+00 a      1224     1    21     2    24
  5.6752518342589091E-02 a      1225     1    21     2    25
  1.2304420561886888E+00 a      1226     1    22     2     1
 -9.3352425010748930E-01 a      1227     1    22     2     2
  4.7691096994517196E-01 a      1228     1    22     2     3
  5.9254355706481476E+00 a      1229     1    22     2     4
 -1.8998073763709122E-01 a      1230     1    22     2     5
 -6.5054671670874165E-01 a      1231     1    22     2     6
 -1.7662841832163723E+00 a      1232     1    22     2     7
  4.1176874737005936E-01 a      1233     1    22     2     8
  8.2711236515182185E-01 a      1234     1    22     2     9
 -2.2065352200285155E+00 a      1235     1    22     2    10
 -1.4193842999401804E-01 a      1236     1    22     2    11
 -3.5928530106361356E-01 a      1237     1    22     2    12
 -9.7406614893466836E-01 a      1238     1    22     2    13
  2.6947724430040687E-01 a      1239     1    22     2    14
  4.4250367045491906E-01 a      1240     1    22     2    15
  1.5831626028297316E-01 a      1241     1    22     2    16
 -7.2123901606798013E-01 a      1242     1    22     2    17
 -9.3572233085156831E-02 a      1243     1    22     2    18
  7.2526920756378654E-01 a      1244     1    22     2    19
  8.9274905968013241E-01 a      1245     1    22     2    20
 -3.4394173319207216E-02 a      1246     1    22     2    21
 -1.2082041995986510E+00 a      1247     1    22     2    22
  1.1093102617140646E-02 a      1248     1    22     2    23
  5.1395067290983809E-01 a      1249     1    22     2    24
  4.1368276518255453E-01 a      1250     1    22     2    25
  7.4990026445182856E-01 a      1251     1    23     2     1
 -6.3443867916714536E-01 a      1252     1    23     2     2
  2.3264761647682100E-01 a      1253     1    23     2     3
 -2.6639904733281079E+00 a      1254     1    23     2     4
  5.0281044053430979E-01 a      1255     1    23     2     5
  4.8013381573740610E-01 a      1256     1    23     2     6
 -1.0829853240061652E-01 a      1257     1    23     2     7
 -2.1962280283948557E-01 a      1258     1    23     2     8
 -5.7538315552306196E-01 a      1259     1    23     2     9
 -9.0683608299192664E-01 a      1260     1    23     2    10
  1.0330847243052133E-01 a      1261     1    23     2    11
  7.6745749078303493E-01 a      1262     1    23     2    12
  3.4053999918467326E-01 a      1263     1    23     2    13
 -8.6997607900964335E-01 a      1264     1    23     2    14
  1.3889279028364784E-01 a      1265     1    23     2    15
 -3.4682921644511622E-01 a      1266     1    23     2    16
  9.1894265854528900E-01 a      1267     1    23     2    17
 -5.9517198259064139E-02 a      1268     1    23     2    18
 -2.1178028522057898E-01 a      1269     1    23     2    19
 -1.4802161864231924E+00 a      1270     1    23     2    20
 -1.2063378350879490E+00 a      1271     1    23     2    21
 -4.7192546974787164E-01 a      1272     1    23     2    22
 -4.1343283770318556E-01 a      1273     1    23     2    23
  8.7779469743754401E-01 a      1274     1    23     2    24
  1.8235789704590241E-01 a      1275     1    23     2    25
 -1.2256981924855044E+00 a      1276     1    24     2     1
  1.1721042665816436E-01 a      1277     1    24     2     2
  4.2791074229811280E-02 a      1278     1    24     2     3
  1.1760139075629403E+00 a      1279     1    24     2     4
  1.0669095912819280E+00 a      1280     1    24     2     5
 -9.3885082582154611E-01 a      1281     1    24     2     6
  5.6660464751990036E-01 a      1282     1    24     2     7
  1.5380761318483032E+00 a      1283     1    24     2     8
  1.7580715020661524E+00 a      1284     1    24     2     9
 -4.1144090555182966E-01 a      1285     1    24     2    10
  4.6629337471164167E-01 a      1286     1    24     2    11
  5.1930197663578738E-02 a      1287     1    24     2    12
  1.6651672750462335E-01 a      1288     1    24     2    13
 -2.6463259830779466E+00 a      1289     1    24     2    14
 -1.2841025256008762E+00 a      1290     1    24     2    15
 -1.4004034008448680E+00 a      1291     1    24     2    16
 -6.7760518259369476E-02 a      1292     1    24     2    17
  6.1660162072123170E-01 a      1293     1    24     2    18
 -1.9283558403884309E+00 a      1294     1    24     2    19
  9.7996509292184908E-01 a      1295     1    24     2    20
 -1.2175175998229468E+00 a      1296     1    24     2    21
  7.7015371657793386E-01 a      1297     1    24     2    22
 -8.9722951052214539E-01 a      1298     1    24     2    23
  1.3148411127434105E+00 a      1299     1    24     2    24
  2.2661765391574457E-01 a      1300     1    24     2    25
 -1.2670351589415498E+00 a      1301     1    25     2     1
  1.3200249006869909E+00 a      1302     1    25     2     2
  4.7510734846596753E-01 a      1303     1    25     2     3
 -2.0754800662234527E+00 a      1304     1    25     2     4
 -9.5959150893308520E-01 a      1305     1    25     2     5
 -5.0920169881264010E-01 a      1306     1    25     2     6
  8.0785634536708117E-01 a      1307     1    25     2     7
 -1.4757791883731491E-01 a      1308     1    25     2     8
  2.9918294987926628E+00 a      1309     1    25     2     9
 -3.0239601789091015E+00 a      1310     1    25     2    10
 -3.2540690679129225E-01 a      1311     1    25     2    11
 -9.4675140852248285E-01 a      1312     1    25     2    12
 -6.8484999707016203E-01 a      1313     1    25     2    13
  4.7196772783425160E+00 a      1314     1    25     2    14
 -9.9788215123068391E-01 a      1315     1    25     2    15
  4.9302271766989980E+00 a      1316     1    25     2    16
  8.2911843863132689E-02 a      1317     1    25     2    17
 -1.0524333396781398E+00 a      1318     1    25     2    18
  2.4218111420508848E+00 a      1319     1    25     2    19
 -3.5293295642847413E+00 a      1320     1    25     2    20
 -2.0576031481676513E+00 a      1321     1    25     2    21
 -2.8207577594132338E-01 a      1322     1    25     2    22
  2.0383373723380038E+00 a      1323     1    25     2    23
  3.9067591033995103E-01 a      1324     1    25     2    24
 -4.4326998915675964E-01 a      1325     1    25     2    25
 -2.0742731597312147E+01 b      1326     2     1
  7.5035185532031150E+00 b      1327     2     2
  7.9853452599868726E+00 b      1328     2     3
  2.0438687335460628E+00 b      1329     2     4
  2.2856234258463068E+00 b      1330     2     5
 -9.5195211906579953E+00 b      1331     2     6
 -5.5537019135984123E+00 b      1332     2     7
 -4.7419171720973025E-01 b      1333     2     8
 -1.0110730159900976E+01 b      1334     2     9
 -9.8935959633118511E+00 b      1335     2    10
  3.3889707686410322E+00 b      1336     2    11
 -1.6162372645099790E+00 b      1337     2    12
 -4.8341988655191725E+00 b      1338     2    13
 -6.6737823405792787E+00 b      1339     2    14
  2.7008817086513348E+00 b      1340     2    15
 -5.0004007311274936E+00 b      1341     2    16
 -6.1660061317055268E+00 b      1342     2    17
  3.1324279521764314E-01 b      1343     2    18
  7.0908483962739755E-01 b      1344     2    19
  3.6525556823349836E+00 b      1345     2    20
 -1.2492436853529476E+01 b      1346     2    21
 -3.4137075837864145E-01 b      1347     2    22
 -1.6590124474466592E+00 b      1348     2    23
 -6.5334159398382115E+00 b      1349     2    24
 -7.0311850319847711E+00 b      1350     2    25
 -4.4668249534743504E-01 a      1351     2     1     3     1
  8.8063141648447985E-01 a      1352     2     2     3     1
 -7.3583419105112546E-01 a      1353     2     3     3     1
 -2.8989519301053259E+00 a      1354     2     4     3     1
 -1.1504449827851027E+00 a      1355     2     5     3     1
 -1.0357513755363665E+00 a      1356     2     6     3     1
  9.0475768602801629E+00 a      1357     2     7     3     1
  1.3624945214512261E+00 a      1358     2     8     3     1
 -1.0123285975088161E+00 a      1359     2     9     3     1
 -1.7382800242751641E+00 a      1360     2    10     3     1
 -1.2115801499862044E+00 a      1361     2    11     3     1
 -9.9192239889009359E-01 a      1362     2    12     3     1
  6.0001505765715102E-01 a      1363     2    13     3     1
 -8.4023501771557694E+00 a      1364     2    14     3     1
 -2.7272906653069633E+00 a      1365     2    15     3     1
  6.2945344043222418E-01 a      1366     2    16     3     1
  5.9068941769929839E-01 a      1367     2    17     3     1
 -1.2982171199187178E+00 a      1368     2    18     3     1
  1.7147272368718729E+00 a      1369     2    19     3     1
  7.9605083684778366E-01 a      1370     2    20     3     1
 -3.1872718463324884E-01 a      1371     2    21     3     1
  3.0787919930690690E+00 a      1372     2    22     3     1
  1.3669450119406650E+00 a      1373     2    23     3     1
 -6.9528826229328955E-01 a      1374     2    24     3     1
 -1.2226108013891144E+00 a      1375     2    25     3     1
  5.8843075988945177E+00 b      1376     3     1
