################################################################################
# Neural network connection values (weights and biases).
################################################################################
# Col  Name       Description
################################################################################
# 1    connection Neural network connection value.
# 2    t          Connection type (a = weight, b = bias).
# 3    index      Index enumerating weights.
# 4    l_s        Starting point layer (end point layer for biases).
# 5    n_s        Starting point neuron in starting layer (end point neuron for biases).
# 6    l_e        End point layer.
# 7    n_e        End point neuron in end layer.
################################################################################
#                      1 2         3     4     5     6     7
#             connection t     index   l_s   n_s   l_e   n_e
############################################################
 -3.6120136373547203E+00 a         1     0     1     1     1
 -7.4405479095534073E+00 a         2     0     1     1     2
  8.0263113562552189E+00 a         3     0     1     1     3
 -4.9199045768948713E+00 a         4     0     1     1     4
  8.2989380372564658E-03 a         5     0     1     1     5
  1.9398132811671321E+01 a         6     0     1     1     6
  7.4804403151191323E+00 a         7     0     1     1     7
  7.2396414080562286E+00 a         8     0     1     1     8
  5.5710443221576886E+00 a         9     0     1     1     9
  5.3951900119305396E+00 a        10     0     1     1    10
  7.6450027249305235E+00 a        11     0     1     1    11
  1.4415671832096564E+01 a        12     0     1     1    12
  1.2586577179586614E+01 a        13     0     1     1    13
 -5.9196501347887995E+00 a        14     0     1     1    14
 -4.6794864525304734E+00 a        15     0     1     1    15
 -1.7936018728061991E+00 a        16     0     1     1    16
  1.1091637341141700E+01 a        17     0     1     1    17
  2.0807936405381575E+01 a        18     0     1     1    18
  1.9687641189344184E+01 a        19     0     1     1    19
  9.0986984217941753E+00 a        20     0     1     1    20
 -2.6645075968556934E+01 a        21     0     1     1    21
 -4.3904673695278484E+00 a        22     0     1     1    22
  1.5096235697589646E+00 a        23     0     1     1    23
 -4.6406756803394869E+00 a        24     0     1     1    24
  7.0561463432914158E+00 a        25     0     1     1    25
 -5.6409406825510935E+00 a        26     0     2     1     1
  1.9081850519961986E+01 a        27     0     2     1     2
 -1.3100489796082874E+01 a        28     0     2     1     3
  2.9293967772263483E+00 a        29     0     2     1     4
 -5.6709044112928240E+00 a        30     0     2     1     5
 -2.5901259948541224E+01 a        31     0     2     1     6
  5.2516699127062374E+00 a        32     0     2     1     7
 -3.8013905187902712E+00 a        33     0     2     1     8
  1.6350505732290202E+01 a        34     0     2     1     9
 -2.5737338756973149E-01 a        35     0     2     1    10
  1.2965734180644038E+01 a        36     0     2     1    11
 -1.6877967343688354E+01 a        37     0     2     1    12
  9.7521442530841256E+00 a        38     0     2     1    13
 -2.4799502256383956E+00 a        39     0     2     1    14
  2.1162920247446987E+01 a        40     0     2     1    15
  7.3366676328992790E+00 a        41     0     2     1    16
 -1.6793169672087188E+01 a        42     0     2     1    17
 -6.3561144727764480E+00 a        43     0     2     1    18
 -9.3769269730506029E+00 a        44     0     2     1    19
 -3.2950739413347043E+00 a        45     0     2     1    20
  1.3279676340677429E-01 a        46     0     2     1    21
  7.7876534888088775E+00 a        47     0     2     1    22
 -3.9898733398299173E+00 a        48     0     2     1    23
 -1.1506722597896777E+01 a        49     0     2     1    24
  3.5977133189567239E+00 a        50     0     2     1    25
  9.1608019935434246E+00 a        51     0     3     1     1
 -1.8489265810043793E+01 a        52     0     3     1     2
 -6.8738503732784331E+00 a        53     0     3     1     3
  4.2505184792361792E+00 a        54     0     3     1     4
  3.0721556614813297E+00 a        55     0     3     1     5
 -1.5424705942641786E+01 a        56     0     3     1     6
 -2.4128114851993988E+01 a        57     0     3     1     7
 -5.9511091552767059E+00 a        58     0     3     1     8
 -1.7990488842640019E+01 a        59     0     3     1     9
 -9.8847359951258831E+00 a        60     0     3     1    10
 -1.3964820870763672E+01 a        61     0     3     1    11
 -8.5251753909027936E+00 a        62     0     3     1    12
 -2.2399049063325826E+01 a        63     0     3     1    13
  1.4605730001435656E+01 a        64     0     3     1    14
 -2.5991761863278029E+00 a        65     0     3     1    15
  1.4514636358480212E+01 a        66     0     3     1    16
 -9.6810556676570130E+00 a        67     0     3     1    17
 -7.9186176005608448E+00 a        68     0     3     1    18
 -1.0791534551045823E+01 a        69     0     3     1    19
 -7.8744730355015813E+00 a        70     0     3     1    20
  2.9418869606372610E+01 a        71     0     3     1    21
 -5.3283440491818246E-01 a        72     0     3     1    22
  9.1259489977334898E+00 a        73     0     3     1    23
  1.0742254629904469E+01 a        74     0     3     1    24
 -1.3674213611888106E+01 a        75     0     3     1    25
  9.6277207996294205E+00 a        76     0     4     1     1
  2.3415055949373005E+00 a        77     0     4     1     2
  1.3582265761540985E+01 a        78     0     4     1     3
 -5.1483104406798574E+00 a        79     0     4     1     4
  1.6538018943189459E+00 a        80     0     4     1     5
  3.7684206674155540E+01 a        81     0     4     1     6
  2.7895737401841076E+00 a        82     0     4     1     7
  6.7149082397342141E+00 a        83     0     4     1     8
 -2.8877139807698878E+01 a        84     0     4     1     9
  4.9459147223951211E-01 a        85     0     4     1    10
 -2.3711330815119886E+01 a        86     0     4     1    11
  1.8811122634741796E+01 a        87     0     4     1    12
 -2.5145105607743627E+01 a        88     0     4     1    13
  2.1278905767819318E+00 a        89     0     4     1    14
 -4.2895124165827873E+01 a        90     0     4     1    15
 -1.7144047803311153E+01 a        91     0     4     1    16
  1.6319747425928565E+01 a        92     0     4     1    17
  9.0659648726686708E+00 a        93     0     4     1    18
 -1.2551599040266661E+01 a        94     0     4     1    19
  3.3228616502496693E+00 a        95     0     4     1    20
  9.8981999001344967E+00 a        96     0     4     1    21
 -9.8500740259891284E+00 a        97     0     4     1    22
  7.7382351648716829E-01 a        98     0     4     1    23
  2.4063063513133056E+01 a        99     0     4     1    24
 -8.1161412145638749E+00 a       100     0     4     1    25
  2.6521461420943151E+00 a       101     0     5     1     1
  1.5508715510617078E+01 a       102     0     5     1     2
  4.8778167267122985E+00 a       103     0     5     1     3
  1.0174002840107804E+01 a       104     0     5     1     4
  6.2393377427783525E+00 a       105     0     5     1     5
 -7.8186703249816523E+00 a       106     0     5     1     6
  1.7622823739431528E+01 a       107     0     5     1     7
 -5.9804292507394239E+00 a       108     0     5     1     8
  2.1499417211854311E+01 a       109     0     5     1     9
  1.6668013431478130E+01 a       110     0     5     1    10
 -1.4849843099839466E+00 a       111     0     5     1    11
 -2.1228431396210725E+00 a       112     0     5     1    12
  2.4966954079795165E+01 a       113     0     5     1    13
 -1.9659310892401731E+01 a       114     0     5     1    14
  2.5126429233731127E+00 a       115     0     5     1    15
 -1.4977678190651064E+01 a       116     0     5     1    16
  9.1276783692295833E+00 a       117     0     5     1    17
 -2.9421845131571544E+01 a       118     0     5     1    18
  6.3817242676256996E+00 a       119     0     5     1    19
 -2.9801606432835164E+00 a       120     0     5     1    20
  2.0755176336730567E+01 a       121     0     5     1    21
 -4.3672804779796017E+00 a       122     0     5     1    22
 -2.1880038315299419E+01 a       123     0     5     1    23
 -2.1689384702552925E+01 a       124     0     5     1    24
  1.8876019657186994E+01 a       125     0     5     1    25
 -6.1497430380233515E+00 a       126     0     6     1     1
 -3.8833838047295304E+00 a       127     0     6     1     2
  1.8111619207265142E+00 a       128     0     6     1     3
  5.5942162875704360E-01 a       129     0     6     1     4
  3.7816995967860731E+00 a       130     0     6     1     5
 -1.9075606169501345E+01 a       131     0     6     1     6
 -7.1319281799914256E+00 a       132     0     6     1     7
 -3.0294020193169544E+00 a       133     0     6     1     8
  1.2081529086647162E+01 a       134     0     6     1     9
 -6.1774707768187103E+00 a       135     0     6     1    10
  2.2709378348513571E+01 a       136     0     6     1    11
 -1.4877417362527478E+01 a       137     0     6     1    12
  1.6590851835829632E+01 a       138     0     6     1    13
  5.6991345695930002E+00 a       139     0     6     1    14
  3.3212851857654634E+01 a       140     0     6     1    15
  1.6213252609465624E+01 a       141     0     6     1    16
 -8.9058948126993407E+00 a       142     0     6     1    17
  8.4488564316293875E+00 a       143     0     6     1    18
  2.0559954221586462E+01 a       144     0     6     1    19
  1.5206125579995775E+00 a       145     0     6     1    20
 -9.4916544682419559E+00 a       146     0     6     1    21
  4.5782055107651383E+00 a       147     0     6     1    22
  2.8346507086609090E+01 a       148     0     6     1    23
 -2.4868553455981687E+01 a       149     0     6     1    24
  2.0362731300696645E+01 a       150     0     6     1    25
 -1.1064770204057474E+01 a       151     0     7     1     1
  1.1517607529419385E+01 a       152     0     7     1     2
 -2.0521545370752547E+00 a       153     0     7     1     3
 -1.3180590567210295E+01 a       154     0     7     1     4
 -6.3901062502681496E+00 a       155     0     7     1     5
  7.7410567238514325E+00 a       156     0     7     1     6
  1.9966116292306453E+00 a       157     0     7     1     7
  9.1764426166701007E-01 a       158     0     7     1     8
 -1.7976534259807849E+01 a       159     0     7     1     9
 -1.4159963616196601E+01 a       160     0     7     1    10
  3.6573824966707451E+00 a       161     0     7     1    11
  4.6385042284514180E+00 a       162     0     7     1    12
 -2.4044067279217181E+01 a       163     0     7     1    13
  1.1584541647572435E+01 a       164     0     7     1    14
  8.1737538475864842E+00 a       165     0     7     1    15
  3.0068563497095319E-01 a       166     0     7     1    16
 -3.0036017643913859E+00 a       167     0     7     1    17
  2.3676291595122184E+01 a       168     0     7     1    18
  4.0893147103946399E+00 a       169     0     7     1    19
  4.1774033778387913E+00 a       170     0     7     1    20
 -5.5232532558313984E+01 a       171     0     7     1    21
  1.1857011072671675E+01 a       172     0     7     1    22
  1.0757686822676304E+01 a       173     0     7     1    23
  2.6281390653507948E+01 a       174     0     7     1    24
 -1.6801003954221496E+01 a       175     0     7     1    25
 -2.2091902893092090E+01 a       176     0     8     1     1
  1.0500981204246904E+00 a       177     0     8     1     2
  1.5499752723086797E+01 a       178     0     8     1     3
 -1.3051170295298968E+01 a       179     0     8     1     4
  8.3940504842651595E+00 a       180     0     8     1     5
  2.4790230100396506E+01 a       181     0     8     1     6
 -2.1459587226338236E+01 a       182     0     8     1     7
  4.4899969210774877E+00 a       183     0     8     1     8
 -1.0506199283149364E+00 a       184     0     8     1     9
 -1.5745795703257368E+01 a       185     0     8     1    10
 -7.0602363553361540E+00 a       186     0     8     1    11
  7.7152005936054886E+00 a       187     0     8     1    12
 -6.5456659655372418E-01 a       188     0     8     1    13
 -3.9493858791101855E+00 a       189     0     8     1    14
  1.9524819859139786E+01 a       190     0     8     1    15
 -1.8815142775361813E+00 a       191     0     8     1    16
 -2.6353169337068827E+01 a       192     0     8     1    17
 -1.1888801142166068E+01 a       193     0     8     1    18
  4.9382776248823035E+00 a       194     0     8     1    19
  1.0633632448342622E+01 a       195     0     8     1    20
 -1.7927585883271259E+01 a       196     0     8     1    21
  3.9262110096240175E+00 a       197     0     8     1    22
 -1.8881449756558435E+01 a       198     0     8     1    23
  2.3443293334003354E+01 a       199     0     8     1    24
 -2.7705602597689555E+01 a       200     0     8     1    25
  6.2368036963800249E+00 a       201     0     9     1     1
 -1.8195712764348226E+01 a       202     0     9     1     2
 -8.3241751969447311E+00 a       203     0     9     1     3
  9.5853750240368392E+00 a       204     0     9     1     4
  9.8793321388791693E+00 a       205     0     9     1     5
 -1.0161922410956526E+01 a       206     0     9     1     6
  4.3596431170912933E+00 a       207     0     9     1     7
  4.3053262168250122E+00 a       208     0     9     1     8
  5.9519672201801495E+00 a       209     0     9     1     9
  1.2713811374532719E+01 a       210     0     9     1    10
 -5.6639660375901961E+00 a       211     0     9     1    11
 -2.9075879620996070E+00 a       212     0     9     1    12
  1.5517935077505914E+01 a       213     0     9     1    13
 -8.6875443771590479E+00 a       214     0     9     1    14
 -8.3602648951318699E+00 a       215     0     9     1    15
  1.1441897950352806E+00 a       216     0     9     1    16
  7.4517267502107787E+00 a       217     0     9     1    17
 -2.3178467386474018E+00 a       218     0     9     1    18
 -3.3873100323811309E+00 a       219     0     9     1    19
  4.2213391803332643E+00 a       220     0     9     1    20
  3.2557520004828127E+01 a       221     0     9     1    21
 -1.0445819033121452E+01 a       222     0     9     1    22
 -3.2336088930463807E+00 a       223     0     9     1    23
 -7.4503943149726135E+00 a       224     0     9     1    24
  5.2493887046244083E+00 a       225     0     9     1    25
  8.1903336680420349E+00 a       226     0    10     1     1
  4.5842881544518006E+00 a       227     0    10     1     2
 -1.7205390301623261E+01 a       228     0    10     1     3
  1.7195071799470860E+01 a       229     0    10     1     4
 -4.7734043801063466E+00 a       230     0    10     1     5
 -9.5630769245480245E+00 a       231     0    10     1     6
  7.3726980803894540E+00 a       232     0    10     1     7
 -1.0483663532546268E+00 a       233     0    10     1     8
  1.1333176841046793E+00 a       234     0    10     1     9
  1.2220104677503778E+01 a       235     0    10     1    10
 -1.0811074852604579E+00 a       236     0    10     1    11
  2.9968488474210009E+00 a       237     0    10     1    12
  1.0293282113106763E+00 a       238     0    10     1    13
 -1.5450626760281714E+00 a       239     0    10     1    14
 -1.8519947881834007E+01 a       240     0    10     1    15
  1.7144212496276507E+00 a       241     0    10     1    16
  1.4454676333591873E+01 a       242     0    10     1    17
 -2.7518060210056778E+00 a       243     0    10     1    18
  2.1589086262897967E+00 a       244     0    10     1    19
 -2.5486347935573583E+00 a       245     0    10     1    20
  1.0521025343396600E+01 a       246     0    10     1    21
 -7.6982554447584297E+00 a       247     0    10     1    22
 -8.0279321368706746E+00 a       248     0    10     1    23
 -5.7616214897800777E+00 a       249     0    10     1    24
 -4.6033541213474272E-01 a       250     0    10     1    25
  4.3286048970989333E-01 a       251     0    11     1     1
  5.1221326522292463E+00 a       252     0    11     1     2
  8.7455416360479603E+00 a       253     0    11     1     3
 -6.3389568102364535E+00 a       254     0    11     1     4
 -2.8789613254666996E-01 a       255     0    11     1     5
  4.3424306698696329E+00 a       256     0    11     1     6
  4.1484192750102716E-01 a       257     0    11     1     7
  1.2605271978286083E+00 a       258     0    11     1     8
 -2.6860930912726331E+00 a       259     0    11     1     9
 -1.2180179029827294E+00 a       260     0    11     1    10
  1.9624915029893477E+00 a       261     0    11     1    11
 -4.4576482844116971E-01 a       262     0    11     1    12
 -8.2117326876093202E+00 a       263     0    11     1    13
  4.3290327378265072E+00 a       264     0    11     1    14
  1.8244558667038537E+00 a       265     0    11     1    15
 -2.9789169542436231E+00 a       266     0    11     1    16
 -2.2435882452110536E+00 a       267     0    11     1    17
  3.2201558090276650E+00 a       268     0    11     1    18
  6.2651457548201628E-01 a       269     0    11     1    19
 -1.7093384204351367E+00 a       270     0    11     1    20
 -1.2879588924752571E+01 a       271     0    11     1    21
  6.4217378525283229E+00 a       272     0    11     1    22
 -2.6665789429683469E+00 a       273     0    11     1    23
  5.0158983994776243E+00 a       274     0    11     1    24
 -3.1189133011457999E+00 a       275     0    11     1    25
  1.2623600009800999E+00 a       276     0    12     1     1
  5.7008836146588093E-01 a       277     0    12     1     2
  5.7095392459165497E+00 a       278     0    12     1     3
 -1.5271227282995460E+01 a       279     0    12     1     4
 -4.9466090681058210E+00 a       280     0    12     1     5
  8.3906770452802248E-01 a       281     0    12     1     6
  6.7213132712341050E-01 a       282     0    12     1     7
 -1.8732640646812515E-01 a       283     0    12     1     8
 -2.4573227163880351E+00 a       284     0    12     1     9
 -8.8485927003337341E+00 a       285     0    12     1    10
 -4.3698127422135880E+00 a       286     0    12     1    11
 -5.6219088129101547E+00 a       287     0    12     1    12
 -5.1591933294283603E+00 a       288     0    12     1    13
 -5.9789868022798065E-02 a       289     0    12     1    14
 -3.0459519348936559E+00 a       290     0    12     1    15
 -7.4941909999607326E+00 a       291     0    12     1    16
  4.9133239949868662E-01 a       292     0    12     1    17
  1.0093112447707078E+01 a       293     0    12     1    18
 -6.1662105319265708E+00 a       294     0    12     1    19
 -3.7829723474986054E+00 a       295     0    12     1    20
  3.1862318242885110E+00 a       296     0    12     1    21
  8.5418909667231357E+00 a       297     0    12     1    22
  3.3837164798407211E+00 a       298     0    12     1    23
 -2.1380300704143647E+00 a       299     0    12     1    24
  3.4528814425422900E+00 a       300     0    12     1    25
  1.1489734517474028E+00 a       301     0    13     1     1
 -2.1267151903486363E+00 a       302     0    13     1     2
 -3.3259250484129455E+00 a       303     0    13     1     3
 -7.3219928984566618E-01 a       304     0    13     1     4
  1.7581778913229509E-01 a       305     0    13     1     5
 -1.5700088544102222E+00 a       306     0    13     1     6
  1.6763845921593417E+00 a       307     0    13     1     7
 -4.4346303874096158E+00 a       308     0    13     1     8
  8.8783629720329285E-02 a       309     0    13     1     9
  1.1124047078882013E+00 a       310     0    13     1    10
  3.4738505618716969E-01 a       311     0    13     1    11
 -1.5862375694783353E+00 a       312     0    13     1    12
  2.0370543433434349E+00 a       313     0    13     1    13
  2.4380676215540961E-02 a       314     0    13     1    14
 -3.1728637606735139E+00 a       315     0    13     1    15
 -7.0397522073720187E-01 a       316     0    13     1    16
  3.3521792284378432E-01 a       317     0    13     1    17
 -8.3313881948209758E+00 a       318     0    13     1    18
 -1.5181031587566127E+00 a       319     0    13     1    19
  6.2394383914396623E-01 a       320     0    13     1    20
  3.9097996217068842E+00 a       321     0    13     1    21
 -2.8308582561986855E+00 a       322     0    13     1    22
  4.2982376700916730E-01 a       323     0    13     1    23
 -3.3262117088873877E+00 a       324     0    13     1    24
 -8.5548589694356858E-01 a       325     0    13     1    25
  2.4862243410393639E-01 a       326     0    14     1     1
 -4.4769921568976159E+00 a       327     0    14     1     2
 -2.4836468786854762E+00 a       328     0    14     1     3
  7.4548282129057322E+00 a       329     0    14     1     4
 -1.4634596581163892E+00 a       330     0    14     1     5
 -1.3254101868973938E+00 a       331     0    14     1     6
  2.1967281622398387E+00 a       332     0    14     1     7
 -4.3191449103667146E-01 a       333     0    14     1     8
 -1.3099849976053776E-01 a       334     0    14     1     9
  3.1337490265810981E+00 a       335     0    14     1    10
  8.2123647933500021E-01 a       336     0    14     1    11
  1.1670226158933561E+00 a       337     0    14     1    12
  6.3589352223730217E-02 a       338     0    14     1    13
 -8.6673042352352969E-01 a       339     0    14     1    14
 -2.3557192083249583E+00 a       340     0    14     1    15
  6.1013586725509841E+00 a       341     0    14     1    16
  2.2829940677626759E+00 a       342     0    14     1    17
 -3.4933724392048955E+00 a       343     0    14     1    18
 -8.0140236106490348E-01 a       344     0    14     1    19
 -6.5485251517256027E-01 a       345     0    14     1    20
  1.0694579478411339E+00 a       346     0    14     1    21
 -4.6953404276038588E+00 a       347     0    14     1    22
 -1.6947909701971959E+00 a       348     0    14     1    23
 -3.4634716268010486E+00 a       349     0    14     1    24
 -1.1779479226146112E+00 a       350     0    14     1    25
  8.6592884420922434E-01 a       351     0    15     1     1
  3.3179645831916349E-01 a       352     0    15     1     2
  1.6720163064536193E+00 a       353     0    15     1     3
  5.7476156401047644E+00 a       354     0    15     1     4
 -6.6640415503474382E-01 a       355     0    15     1     5
  7.0397896433949569E-01 a       356     0    15     1     6
 -5.5953705926410835E-01 a       357     0    15     1     7
  2.4113956558183842E+00 a       358     0    15     1     8
  1.8038647476260912E+00 a       359     0    15     1     9
 -6.8039879592382224E-02 a       360     0    15     1    10
  7.2081354224344521E-03 a       361     0    15     1    11
  1.6815843469402660E+00 a       362     0    15     1    12
  4.2835773439409747E-01 a       363     0    15     1    13
  2.0552806679100626E+00 a       364     0    15     1    14
  3.9326263857126437E-01 a       365     0    15     1    15
 -9.6050282256540986E-01 a       366     0    15     1    16
 -7.0781140478460380E-01 a       367     0    15     1    17
  4.5006580029178487E+00 a       368     0    15     1    18
  4.8392899359137020E-01 a       369     0    15     1    19
 -2.8383546411832500E-01 a       370     0    15     1    20
  1.0415826752661674E+00 a       371     0    15     1    21
  1.3465679764126823E+00 a       372     0    15     1    22
  6.4092981389255377E-01 a       373     0    15     1    23
 -1.0728877868648683E+00 a       374     0    15     1    24
  8.7737460744682338E-01 a       375     0    15     1    25
  1.7944364520224818E-01 a       376     0    16     1     1
  2.5134750674514144E+00 a       377     0    16     1     2
  1.8448763471931500E+00 a       378     0    16     1     3
  6.2894567361143929E+00 a       379     0    16     1     4
 -4.2515327722702709E+00 a       380     0    16     1     5
 -1.3520813901872233E+00 a       381     0    16     1     6
  4.2317110659428792E-01 a       382     0    16     1     7
  1.3609727424549070E+00 a       383     0    16     1     8
 -1.4935045308968282E+00 a       384     0    16     1     9
 -1.0110411862200672E+00 a       385     0    16     1    10
 -1.5006632749029825E+00 a       386     0    16     1    11
 -4.8016084386371660E-01 a       387     0    16     1    12
  1.0712574338130496E+00 a       388     0    16     1    13
 -1.1762053433937658E+00 a       389     0    16     1    14
 -2.9182488790781327E+00 a       390     0    16     1    15
 -2.0369617360161181E+00 a       391     0    16     1    16
 -8.4716537525804991E-01 a       392     0    16     1    17
  2.6923448175745324E+00 a       393     0    16     1    18
 -2.7490867731713338E+00 a       394     0    16     1    19
 -3.9288968533070917E-01 a       395     0    16     1    20
  3.9116528597415035E+00 a       396     0    16     1    21
  1.4458515201628557E+00 a       397     0    16     1    22
  1.4281635781756770E+00 a       398     0    16     1    23
 -6.7906756908816479E-01 a       399     0    16     1    24
  1.0251506608690502E+00 a       400     0    16     1    25
 -2.7149580565490924E-02 a       401     0    17     1     1
 -4.7523541654500141E+00 a       402     0    17     1     2
 -1.0028638110721896E+01 a       403     0    17     1     3
  2.2224153169623571E+00 a       404     0    17     1     4
  5.4942640755327909E+00 a       405     0    17     1     5
  4.0114927105197564E+00 a       406     0    17     1     6
  7.9279722549643594E+00 a       407     0    17     1     7
 -2.9885417320409524E+00 a       408     0    17     1     8
 -4.4543237708759511E+00 a       409     0    17     1     9
  1.2419299441463068E+01 a       410     0    17     1    10
 -7.2768103291290176E-01 a       411     0    17     1    11
 -9.2291373089451394E+00 a       412     0    17     1    12
  7.2901467524170265E+00 a       413     0    17     1    13
  3.7104323914154169E+00 a       414     0    17     1    14
  1.1489837577206151E+01 a       415     0    17     1    15
 -1.4481902192180824E+01 a       416     0    17     1    16
  1.1240003722773972E+01 a       417     0    17     1    17
  1.1507850766476864E+01 a       418     0    17     1    18
 -5.7096449181484026E+00 a       419     0    17     1    19
 -5.9734111799456890E+00 a       420     0    17     1    20
 -6.7429838508875062E-01 a       421     0    17     1    21
 -1.2161232489080927E+01 a       422     0    17     1    22
  7.7157688354613674E+00 a       423     0    17     1    23
 -1.5863314330087146E+00 a       424     0    17     1    24
  2.3491056601289517E+00 a       425     0    17     1    25
  8.0771005249644876E+00 a       426     0    18     1     1
 -2.2668019996499349E+00 a       427     0    18     1     2
  1.0688485440084248E+01 a       428     0    18     1     3
 -1.0937953596318464E+00 a       429     0    18     1     4
  4.6280658659724692E+00 a       430     0    18     1     5
 -4.7441040552512774E+00 a       431     0    18     1     6
 -3.8326980546849216E+00 a       432     0    18     1     7
 -2.4587600588055918E+00 a       433     0    18     1     8
  1.4977437866082930E+00 a       434     0    18     1     9
 -9.4341191419055797E+00 a       435     0    18     1    10
 -4.0800479783724732E+00 a       436     0    18     1    11
  2.9429933836357969E+00 a       437     0    18     1    12
 -1.7164017484124785E+00 a       438     0    18     1    13
 -2.3500726587666989E+00 a       439     0    18     1    14
 -6.2468797987051872E+00 a       440     0    18     1    15
  1.1315382737661171E+01 a       441     0    18     1    16
 -1.3294296082835334E+01 a       442     0    18     1    17
 -7.7230251200906528E+00 a       443     0    18     1    18
  5.5821254306514234E+00 a       444     0    18     1    19
 -6.1081517246600212E+00 a       445     0    18     1    20
  5.4393455622094509E+00 a       446     0    18     1    21
  5.1507661931432089E+00 a       447     0    18     1    22
 -4.2088983684866301E+00 a       448     0    18     1    23
 -1.1712643252622534E+00 a       449     0    18     1    24
 -1.4141616576768676E+00 a       450     0    18     1    25
 -2.5713476545332932E+00 a       451     0    19     1     1
 -3.2073545009496698E+01 a       452     0    19     1     2
  2.9766003026071064E+00 a       453     0    19     1     3
 -4.0833045371064332E+00 a       454     0    19     1     4
  3.4327799331801900E+00 a       455     0    19     1     5
  7.1154281899093998E+00 a       456     0    19     1     6
 -3.7101785528875566E+00 a       457     0    19     1     7
  6.9759568230572642E+00 a       458     0    19     1     8
  3.2354913458889584E+01 a       459     0    19     1     9
  6.8178771889408694E+00 a       460     0    19     1    10
  7.5539167313478706E-01 a       461     0    19     1    11
  2.6385898471972973E+00 a       462     0    19     1    12
  1.3434363672170506E+00 a       463     0    19     1    13
 -6.1065477084906394E+00 a       464     0    19     1    14
  9.0757703690724316E+00 a       465     0    19     1    15
 -5.8992470437551168E+00 a       466     0    19     1    16
 -2.0540897467962765E+01 a       467     0    19     1    17
 -1.6173683092675667E+01 a       468     0    19     1    18
 -1.9301077357507683E+01 a       469     0    19     1    19
  1.5900166339044445E+01 a       470     0    19     1    20
  6.3121597525438675E+00 a       471     0    19     1    21
  1.5466022401388036E+01 a       472     0    19     1    22
 -2.7641508361195037E+01 a       473     0    19     1    23
  2.1111243191791345E+01 a       474     0    19     1    24
 -3.9469183993190086E+01 a       475     0    19     1    25
 -3.5945770988152046E+00 a       476     0    20     1     1
  1.9660867616054411E+01 a       477     0    20     1     2
 -6.7683484718748304E+00 a       478     0    20     1     3
  5.7546019723885173E+00 a       479     0    20     1     4
 -4.9954516872837507E-01 a       480     0    20     1     5
 -1.3602516869752254E+01 a       481     0    20     1     6
 -5.4954540411084551E-01 a       482     0    20     1     7
  1.4192896139113045E+00 a       483     0    20     1     8
 -1.2316743931779582E+01 a       484     0    20     1     9
 -4.7854141225446538E+00 a       485     0    20     1    10
  1.6781645463208548E+00 a       486     0    20     1    11
  9.6034658821175487E+00 a       487     0    20     1    12
  4.5491173755474907E+00 a       488     0    20     1    13
  3.0480118011160737E+00 a       489     0    20     1    14
  1.4905778576038220E+01 a       490     0    20     1    15
  5.5229846244910785E-01 a       491     0    20     1    16
  1.2683915424264589E+01 a       492     0    20     1    17
 -8.6448838584675460E+00 a       493     0    20     1    18
  6.2428415358405180E+00 a       494     0    20     1    19
 -1.7739255587537954E+01 a       495     0    20     1    20
 -1.9826534654681023E+01 a       496     0    20     1    21
  1.6699250536522712E+00 a       497     0    20     1    22
 -9.7635559233211200E-01 a       498     0    20     1    23
 -8.2598463475597637E+00 a       499     0    20     1    24
  1.9400636707522899E+01 a       500     0    20     1    25
 -4.8635950893405089E-01 a       501     0    21     1     1
 -5.8613193829218779E-01 a       502     0    21     1     2
  2.5251074584821792E-01 a       503     0    21     1     3
 -7.2967169197513844E+00 a       504     0    21     1     4
 -1.3492067098172824E+00 a       505     0    21     1     5
 -9.9401708804348277E-01 a       506     0    21     1     6
 -3.1727519207842807E+00 a       507     0    21     1     7
 -5.3084187967588548E-01 a       508     0    21     1     8
  5.3807872720615411E+00 a       509     0    21     1     9
 -2.1743799014364109E+00 a       510     0    21     1    10
 -1.0251875867456164E+00 a       511     0    21     1    11
  3.8075658882592718E+00 a       512     0    21     1    12
 -5.4375462942781927E-01 a       513     0    21     1    13
 -1.8749578829180087E+00 a       514     0    21     1    14
 -5.6597291933274345E+00 a       515     0    21     1    15
  8.5419595875628858E+00 a       516     0    21     1    16
 -2.1487192635738519E+00 a       517     0    21     1    17
 -9.7907450561078435E-01 a       518     0    21     1    18
  2.9566567828523502E+00 a       519     0    21     1    19
 -5.2909103046513628E-01 a       520     0    21     1    20
 -3.6389835464965653E-01 a       521     0    21     1    21
  4.0912621710682284E+00 a       522     0    21     1    22
 -2.6354455542641637E+00 a       523     0    21     1    23
 -6.2068882261347480E-01 a       524     0    21     1    24
 -2.3345691137022357E+00 a       525     0    21     1    25
  8.2255867038477715E-01 a       526     0    22     1     1
  2.1649654388492468E+01 a       527     0    22     1     2
  1.2238922500183309E+00 a       528     0    22     1     3
  6.7983491480099660E+00 a       529     0    22     1     4
 -1.0364785870552347E+00 a       530     0    22     1     5
  2.3204038468896089E+00 a       531     0    22     1     6
  5.8876240211606730E+00 a       532     0    22     1     7
 -7.3060140131015210E+00 a       533     0    22     1     8
 -1.0937570571879476E+01 a       534     0    22     1     9
 -1.0017545825931744E+01 a       535     0    22     1    10
  4.2199179312898565E+00 a       536     0    22     1    11
 -1.0570900238547063E+01 a       537     0    22     1    12
 -6.6782898699506212E+00 a       538     0    22     1    13
  3.2850133517643658E+00 a       539     0    22     1    14
 -8.3629185641105348E+00 a       540     0    22     1    15
 -4.2097720276530630E+00 a       541     0    22     1    16
  3.1083441971513608E+00 a       542     0    22     1    17
  5.3686431463300668E+00 a       543     0    22     1    18
  2.1134995235538012E+00 a       544     0    22     1    19
 -1.2432091575934801E+00 a       545     0    22     1    20
 -3.0230543289022780E+00 a       546     0    22     1    21
  1.0277139948182634E+00 a       547     0    22     1    22
  9.5082570104929029E+00 a       548     0    22     1    23
 -5.9449902723118626E+00 a       549     0    22     1    24
  9.0792912442473828E+00 a       550     0    22     1    25
 -5.7875896200765160E+00 a       551     0    23     1     1
  1.0466622697916806E+01 a       552     0    23     1     2
  2.3937586341415209E+01 a       553     0    23     1     3
  2.2434166169908647E+01 a       554     0    23     1     4
 -8.4656334227474392E+00 a       555     0    23     1     5
  1.2099036797697165E+01 a       556     0    23     1     6
 -1.2666155988453841E+01 a       557     0    23     1     7
 -2.8452965388871956E+00 a       558     0    23     1     8
 -9.0971232221825886E+00 a       559     0    23     1     9
 -1.3203484765431595E+01 a       560     0    23     1    10
  9.3561360572515966E+00 a       561     0    23     1    11
  3.5463524299524960E+00 a       562     0    23     1    12
 -7.8268711922876246E+00 a       563     0    23     1    13
  1.1875603982003208E+01 a       564     0    23     1    14
 -1.0612991169156947E+00 a       565     0    23     1    15
 -2.4015378672186372E+00 a       566     0    23     1    16
 -1.8847384691342306E+01 a       567     0    23     1    17
 -3.0491310822638532E+01 a       568     0    23     1    18
 -8.6615452552020020E+00 a       569     0    23     1    19
 -9.3640447014370327E+00 a       570     0    23     1    20
  1.9350008872980990E+01 a       571     0    23     1    21
  1.0889658515882873E+01 a       572     0    23     1    22
  1.6237001503711783E+00 a       573     0    23     1    23
 -7.9884135959314113E+00 a       574     0    23     1    24
  2.1871937252481990E+00 a       575     0    23     1    25
  2.8740747051149640E+01 a       576     0    24     1     1
 -2.1806921265187270E+01 a       577     0    24     1     2
 -1.5834467198925214E+01 a       578     0    24     1     3
 -8.1797255544442553E+00 a       579     0    24     1     4
  4.3829622960842833E+00 a       580     0    24     1     5
 -2.2698959175834432E+01 a       581     0    24     1     6
  2.0847747008709149E+01 a       582     0    24     1     7
  1.7033998633372029E+01 a       583     0    24     1     8
  5.3544561995540167E+00 a       584     0    24     1     9
  4.5296966680397031E+00 a       585     0    24     1    10
  4.4678959202522153E+00 a       586     0    24     1    11
 -1.8890684868677486E+01 a       587     0    24     1    12
  7.2470474429642300E+00 a       588     0    24     1    13
  3.5439179802553147E+00 a       589     0    24     1    14
 -2.6715471813593652E+01 a       590     0    24     1    15
 -2.2576049879228471E+01 a       591     0    24     1    16
  1.4432048011515013E+00 a       592     0    24     1    17
  1.4282399304472298E+01 a       593     0    24     1    18
 -1.0043173575759026E+01 a       594     0    24     1    19
  1.2322354954334486E+01 a       595     0    24     1    20
 -2.1801547991096083E+01 a       596     0    24     1    21
 -2.4368207301303972E+01 a       597     0    24     1    22
  8.2312977128208971E+00 a       598     0    24     1    23
  3.1623244225568454E+00 a       599     0    24     1    24
  1.2669290787738095E+01 a       600     0    24     1    25
 -1.5619544197579206E+01 a       601     0    25     1     1
  6.9267011166350869E+00 a       602     0    25     1     2
 -6.6460026010982958E+00 a       603     0    25     1     3
  3.3471385272838026E+00 a       604     0    25     1     4
  4.6534595182289991E+01 a       605     0    25     1     5
  4.0860313392179132E-01 a       606     0    25     1     6
 -8.1548666816985644E+00 a       607     0    25     1     7
 -1.0285235561224418E+01 a       608     0    25     1     8
 -9.0131742722378103E+00 a       609     0    25     1     9
  9.7114063459241624E+00 a       610     0    25     1    10
 -9.2302080657442627E+00 a       611     0    25     1    11
  2.1784867536974528E-01 a       612     0    25     1    12
  2.6515592947412671E+01 a       613     0    25     1    13
 -1.5432017927443596E+01 a       614     0    25     1    14
  3.0325198602801972E+01 a       615     0    25     1    15
  4.3793056829620181E+00 a       616     0    25     1    16
 -6.0099731569363719E+00 a       617     0    25     1    17
 -3.6344392375831061E+00 a       618     0    25     1    18
  1.5301186541739909E+01 a       619     0    25     1    19
  7.5932727350536044E+00 a       620     0    25     1    20
 -1.2143360784792725E+01 a       621     0    25     1    21
  1.7256818758736891E+01 a       622     0    25     1    22
 -2.0623145139177417E+01 a       623     0    25     1    23
 -6.8013931128067329E+00 a       624     0    25     1    24
 -1.5644024154100224E+01 a       625     0    25     1    25
  4.8659349994975827E+00 a       626     0    26     1     1
 -1.9572794214047573E+01 a       627     0    26     1     2
 -5.2326798394840557E+00 a       628     0    26     1     3
 -3.1314303095696584E+01 a       629     0    26     1     4
 -6.0055758100562686E+00 a       630     0    26     1     5
  3.9626420060255714E+00 a       631     0    26     1     6
 -9.3041008682963025E+00 a       632     0    26     1     7
  1.2382282975544921E+01 a       633     0    26     1     8
  1.1243211172020182E+00 a       634     0    26     1     9
  1.1144071121970134E+01 a       635     0    26     1    10
 -1.3458230054305346E+01 a       636     0    26     1    11
 -3.1804365083673600E+00 a       637     0    26     1    12
  8.2337844834700284E+00 a       638     0    26     1    13
 -2.0135776607481026E+00 a       639     0    26     1    14
  2.4944686437752139E+00 a       640     0    26     1    15
  6.6349818318442235E+00 a       641     0    26     1    16
  1.1875324452015823E+00 a       642     0    26     1    17
 -1.3022645606100417E+01 a       643     0    26     1    18
 -6.6768252069922021E+00 a       644     0    26     1    19
 -3.7375410573545129E+00 a       645     0    26     1    20
 -2.3758030904086902E-02 a       646     0    26     1    21
 -7.3392081009239645E+00 a       647     0    26     1    22
  1.8652367322016750E+00 a       648     0    26     1    23
  1.1456814223093401E-01 a       649     0    26     1    24
 -4.6839182869956115E+00 a       650     0    26     1    25
  3.0168690413419004E+00 a       651     0    27     1     1
  2.2737193580972075E+01 a       652     0    27     1     2
 -5.3188686078662872E+00 a       653     0    27     1     3
  2.5465520822831458E+01 a       654     0    27     1     4
 -1.2039261941555907E+01 a       655     0    27     1     5
 -9.0095708935909897E+00 a       656     0    27     1     6
  2.1599098624895174E+00 a       657     0    27     1     7
 -1.2957065641122652E+01 a       658     0    27     1     8
 -5.3514781432523781E+00 a       659     0    27     1     9
  1.8315320082632027E+01 a       660     0    27     1    10
  3.2025279617582122E+01 a       661     0    27     1    11
  2.4423747412758203E+01 a       662     0    27     1    12
  7.1310528641056647E+00 a       663     0    27     1    13
  8.1470139443376102E+00 a       664     0    27     1    14
  3.9959161787113171E+00 a       665     0    27     1    15
  1.8358467792405733E+01 a       666     0    27     1    16
  2.2849889422380716E+01 a       667     0    27     1    17
  2.5385683451166862E+01 a       668     0    27     1    18
  1.1425867900875552E+01 a       669     0    27     1    19
 -1.7397576313160322E+01 a       670     0    27     1    20
  1.5529742617514634E+01 a       671     0    27     1    21
 -3.9824515566055592E+00 a       672     0    27     1    22
  2.3116575660790605E+01 a       673     0    27     1    23
 -8.0489995977819024E+00 a       674     0    27     1    24
  2.9585116955475812E+01 a       675     0    27     1    25
  6.6552115443697941E+00 a       676     0    28     1     1
 -1.0278231014465687E+01 a       677     0    28     1     2
  1.0708396074390221E+01 a       678     0    28     1     3
 -1.2175563394497482E+01 a       679     0    28     1     4
 -1.6143545746964787E+01 a       680     0    28     1     5
  1.8954644905792868E+01 a       681     0    28     1     6
  5.0156905295153713E+00 a       682     0    28     1     7
 -8.5673177642303977E-02 a       683     0    28     1     8
  9.5327745795161309E+00 a       684     0    28     1     9
 -1.3177755248654366E+01 a       685     0    28     1    10
 -7.5621700989908351E+00 a       686     0    28     1    11
 -6.0765143892591862E+00 a       687     0    28     1    12
 -2.4967429157034417E+01 a       688     0    28     1    13
  4.3906100524876530E+00 a       689     0    28     1    14
 -3.5396483674572522E+01 a       690     0    28     1    15
 -2.9868566671133192E+00 a       691     0    28     1    16
  2.3184888509984432E+00 a       692     0    28     1    17
  2.9121117134540921E+00 a       693     0    28     1    18
 -2.7452594461701696E+00 a       694     0    28     1    19
  2.2147987247032773E+01 a       695     0    28     1    20
  8.4573947657432686E+00 a       696     0    28     1    21
 -9.2687129431494348E+00 a       697     0    28     1    22
  1.5029949436787291E+01 a       698     0    28     1    23
  8.0140400495701396E+00 a       699     0    28     1    24
 -2.9799347686158950E+00 a       700     0    28     1    25
 -3.8260208123270187E+00 a       701     0    29     1     1
 -4.5218823764977718E-02 a       702     0    29     1     2
 -1.2952532078467849E+01 a       703     0    29     1     3
 -1.6514192283614221E+01 a       704     0    29     1     4
  1.5947548852920910E+00 a       705     0    29     1     5
 -4.8615305043271340E+00 a       706     0    29     1     6
  3.1990411969278948E-01 a       707     0    29     1     7
 -6.8385815569323434E+00 a       708     0    29     1     8
 -1.6441903728437562E-01 a       709     0    29     1     9
  2.7821638303014251E+00 a       710     0    29     1    10
 -7.1303231217368914E+00 a       711     0    29     1    11
 -2.6723379796014832E+00 a       712     0    29     1    12
  4.7300463246875051E+00 a       713     0    29     1    13
 -7.5074317674536957E+00 a       714     0    29     1    14
  7.0873185725361392E+00 a       715     0    29     1    15
  4.2986175525736572E+00 a       716     0    29     1    16
  7.1361213874698706E+00 a       717     0    29     1    17
  7.3797435832924494E+00 a       718     0    29     1    18
  4.7296996012090764E+00 a       719     0    29     1    19
  4.3877492337218937E+00 a       720     0    29     1    20
 -5.9115827945567245E+00 a       721     0    29     1    21
  1.0239804343369305E-01 a       722     0    29     1    22
  3.0428398579124778E+00 a       723     0    29     1    23
 -2.8042087824142952E+00 a       724     0    29     1    24
  2.7169784235171393E+00 a       725     0    29     1    25
 -6.4330978082381896E-01 a       726     0    30     1     1
  5.5782256326222548E+00 a       727     0    30     1     2
  4.8851281014963117E+00 a       728     0    30     1     3
  1.2519608915363220E+01 a       729     0    30     1     4
 -1.6051506404691851E+00 a       730     0    30     1     5
  2.3150490602337541E+00 a       731     0    30     1     6
 -3.2906942455753935E-01 a       732     0    30     1     7
 -1.1911912941458842E+00 a       733     0    30     1     8
  5.1730568191193953E+00 a       734     0    30     1     9
 -8.9671415800462295E+00 a       735     0    30     1    10
  4.5839678526121368E+00 a       736     0    30     1    11
  8.4343188850098052E+00 a       737     0    30     1    12
 -3.5229960304403543E+00 a       738     0    30     1    13
  1.9334096660849083E+00 a       739     0    30     1    14
  3.8852554862880537E+00 a       740     0    30     1    15
 -1.2022623543721496E-01 a       741     0    30     1    16
 -6.6152027691252222E+00 a       742     0    30     1    17
  1.3259947995947943E+00 a       743     0    30     1    18
  2.4072851182541530E+00 a       744     0    30     1    19
 -4.3635353857785084E+00 a       745     0    30     1    20
  3.5303371215292856E+00 a       746     0    30     1    21
  4.3480406778638852E+00 a       747     0    30     1    22
 -1.1887765393679478E+01 a       748     0    30     1    23
  1.4247041430674772E+00 a       749     0    30     1    24
 -3.3591195992826122E+00 a       750     0    30     1    25
  1.5687925813854862E+00 b       751     1     1
  2.1791637890862097E+00 b       752     1     2
 -1.5072134338048382E+00 b       753     1     3
  2.2551249518179461E+00 b       754     1     4
  4.3822897154499796E-01 b       755     1     5
 -8.5516507403227568E-02 b       756     1     6
  8.0335775510721774E-01 b       757     1     7
 -1.2811539800620146E+00 b       758     1     8
 -3.9331634198732912E-01 b       759     1     9
 -2.8879954951326565E-02 b       760     1    10
 -5.4752865192237643E-01 b       761     1    11
  3.4295053234578887E-01 b       762     1    12
  5.8094508656536603E-01 b       763     1    13
 -1.6011131154908695E+00 b       764     1    14
 -9.4368315790466017E-01 b       765     1    15
 -1.0208879352530242E+00 b       766     1    16
 -9.7171536899847288E-01 b       767     1    17
 -2.6889719618386363E+00 b       768     1    18
 -1.5902347492342468E+00 b       769     1    19
  8.9802514477415318E-01 b       770     1    20
  9.5550437171230307E-01 b       771     1    21
  1.4843912056048270E+00 b       772     1    22
 -1.1295979822617725E+00 b       773     1    23
 -1.2195945503753927E+00 b       774     1    24
  6.5502078691624532E-01 b       775     1    25
  3.4417761388732365E-01 a       776     1     1     2     1
  1.0402446580741465E+00 a       777     1     1     2     2
  3.4496539069287167E+00 a       778     1     1     2     3
 -3.1860414462410453E+00 a       779     1     1     2     4
 -5.5491714763078530E+00 a       780     1     1     2     5
  2.5036709297347159E+00 a       781     1     1     2     6
  4.3931927391587271E+00 a       782     1     1     2     7
  3.6067391451574282E-01 a       783     1     1     2     8
 -1.4016669192538578E+00 a       784     1     1     2     9
  1.1624845060800966E+00 a       785     1     1     2    10
 -2.6206145947763297E+00 a       786     1     1     2    11
 -5.3216686022698700E-01 a       787     1     1     2    12
  2.1869958817940023E+00 a       788     1     1     2    13
  1.6568274619194709E+00 a       789     1     1     2    14
 -1.9112331146053174E+00 a       790     1     1     2    15
 -3.7779523918401923E+00 a       791     1     1     2    16
  4.0511157302859484E+00 a       792     1     1     2    17
  8.5033343571084308E-01 a       793     1     1     2    18
  3.9370286145717932E+00 a       794     1     1     2    19
  1.9838749136091824E+00 a       795     1     1     2    20
  4.4336388309598593E+00 a       796     1     1     2    21
 -1.9923020000940579E+00 a       797     1     1     2    22
  1.1878642640119492E+00 a       798     1     1     2    23
 -1.5689734325648881E+00 a       799     1     1     2    24
 -3.4451775255188921E+00 a       800     1     1     2    25
  6.1736412413071298E+00 a       801     1     2     2     1
  1.7846366508053749E-01 a       802     1     2     2     2
 -5.0057200333320049E+00 a       803     1     2     2     3
 -1.3699261025542640E+01 a       804     1     2     2     4
 -1.0916642509525065E+00 a       805     1     2     2     5
 -3.8149222692658293E+00 a       806     1     2     2     6
  1.1634040231877804E-01 a       807     1     2     2     7
  2.6590150091513005E-02 a       808     1     2     2     8
  1.9544656358206298E+00 a       809     1     2     2     9
 -4.4047771792338084E+00 a       810     1     2     2    10
 -4.3640530757644536E-01 a       811     1     2     2    11
 -7.5116230810719236E+00 a       812     1     2     2    12
  3.8933661084592437E+00 a       813     1     2     2    13
 -3.4144406463389082E-01 a       814     1     2     2    14
  2.4237358092895738E+00 a       815     1     2     2    15
 -1.2420531637699090E+00 a       816     1     2     2    16
 -6.3849533463507351E+00 a       817     1     2     2    17
  2.0302056249280471E+00 a       818     1     2     2    18
  3.4711915461343672E+00 a       819     1     2     2    19
  2.1870936787220212E+00 a       820     1     2     2    20
  5.2200532333165324E+00 a       821     1     2     2    21
  5.3419744882638387E+00 a       822     1     2     2    22
  5.2315300340854298E-01 a       823     1     2     2    23
 -1.2670673020007359E+00 a       824     1     2     2    24
 -4.5711968690030362E+00 a       825     1     2     2    25
  2.3039909802258220E+00 a       826     1     3     2     1
 -1.6474142072892632E+00 a       827     1     3     2     2
 -3.5392236005616033E+00 a       828     1     3     2     3
 -4.7720089390602638E+00 a       829     1     3     2     4
 -2.3273323823981231E+00 a       830     1     3     2     5
 -2.9677756883841383E-01 a       831     1     3     2     6
  1.5327679688526337E+00 a       832     1     3     2     7
  1.4819669848947128E+00 a       833     1     3     2     8
 -8.6937473216570571E-01 a       834     1     3     2     9
 -8.2683529936864186E+00 a       835     1     3     2    10
  1.7677363930823993E+00 a       836     1     3     2    11
 -1.4995637225642040E+00 a       837     1     3     2    12
 -4.2672459387055678E-01 a       838     1     3     2    13
 -2.4877895802798049E+00 a       839     1     3     2    14
  2.6422839430052667E+00 a       840     1     3     2    15
  8.5950787887927560E-01 a       841     1     3     2    16
  3.4577391482978856E+00 a       842     1     3     2    17
  3.0427493252461753E-02 a       843     1     3     2    18
 -8.0939058945352094E-01 a       844     1     3     2    19
 -4.1034412714517332E-01 a       845     1     3     2    20
  1.3108361245791362E+00 a       846     1     3     2    21
  3.9212304810145757E+00 a       847     1     3     2    22
 -1.3849107418647488E+00 a       848     1     3     2    23
  6.2649556460889144E-01 a       849     1     3     2    24
 -3.2402214898135426E+00 a       850     1     3     2    25
  5.0808254338508763E-01 a       851     1     4     2     1
 -1.0815374196033214E-01 a       852     1     4     2     2
  2.4079423173804928E+00 a       853     1     4     2     3
 -6.4415752427025490E+00 a       854     1     4     2     4
  1.9158512996809280E+00 a       855     1     4     2     5
  4.1012372990585932E+00 a       856     1     4     2     6
  2.2758748389088743E+00 a       857     1     4     2     7
 -6.2497570571095429E-01 a       858     1     4     2     8
 -1.1033101071039937E+00 a       859     1     4     2     9
  7.2387870304383917E-01 a       860     1     4     2    10
 -2.2941666347343985E+00 a       861     1     4     2    11
  5.6378562307168227E+00 a       862     1     4     2    12
 -4.4769078883699915E+00 a       863     1     4     2    13
  7.1309538285864726E-01 a       864     1     4     2    14
  1.8785664495239729E+00 a       865     1     4     2    15
  1.1229303809062702E-02 a       866     1     4     2    16
 -1.5393520287327869E-01 a       867     1     4     2    17
 -2.0284965554673948E+00 a       868     1     4     2    18
  3.3752869858862860E+00 a       869     1     4     2    19
  5.2232395440478829E-01 a       870     1     4     2    20
 -1.7495652497160175E+00 a       871     1     4     2    21
  8.4764337344622671E+00 a       872     1     4     2    22
  8.4664260157018256E-01 a       873     1     4     2    23
  8.0227138177796364E-01 a       874     1     4     2    24
 -7.8806769219488890E+00 a       875     1     4     2    25
 -6.3055630406871599E-01 a       876     1     5     2     1
  2.0514361936876413E-01 a       877     1     5     2     2
 -3.9364399395462008E-01 a       878     1     5     2     3
 -1.8055378488342841E-01 a       879     1     5     2     4
  1.0792570100178962E+00 a       880     1     5     2     5
  6.7374679903468848E-01 a       881     1     5     2     6
  5.0701147796181478E-01 a       882     1     5     2     7
 -8.0756331819476557E-01 a       883     1     5     2     8
  3.9457434222008519E-01 a       884     1     5     2     9
  1.5142867903897923E+00 a       885     1     5     2    10
 -1.1610931092844472E+00 a       886     1     5     2    11
 -1.5348718285875670E-01 a       887     1     5     2    12
  3.9882715345661007E-01 a       888     1     5     2    13
 -4.3109449057172960E-01 a       889     1     5     2    14
 -4.1256345829674318E-01 a       890     1     5     2    15
 -1.3559077063775343E-01 a       891     1     5     2    16
  2.9860363196898659E-01 a       892     1     5     2    17
  1.3863660736596097E+00 a       893     1     5     2    18
 -3.3543818450011065E-01 a       894     1     5     2    19
  4.7015669644331931E-01 a       895     1     5     2    20
 -7.1554113949220566E-01 a       896     1     5     2    21
 -1.2391499686428959E+00 a       897     1     5     2    22
 -9.6057389876775132E-02 a       898     1     5     2    23
  8.7196253605805107E-01 a       899     1     5     2    24
 -7.9297727854575351E-01 a       900     1     5     2    25
 -9.9212498865248910E-01 a       901     1     6     2     1
  2.4627963054265475E-01 a       902     1     6     2     2
  2.8758895826525216E-01 a       903     1     6     2     3
  9.7787564650901859E-01 a       904     1     6     2     4
  5.8166047096219320E-01 a       905     1     6     2     5
  9.5344828962483552E-01 a       906     1     6     2     6
  1.1705777852468218E+00 a       907     1     6     2     7
  2.8899463355608573E-01 a       908     1     6     2     8
 -1.5055490948772063E-01 a       909     1     6     2     9
 -7.0887602269448002E-01 a       910     1     6     2    10
 -5.9174058717902434E-01 a       911     1     6     2    11
  3.8596620876063514E-01 a       912     1     6     2    12
  1.4650823259273946E-01 a       913     1     6     2    13
 -6.8692447756330610E-01 a       914     1     6     2    14
  7.3222160272167602E-01 a       915     1     6     2    15
 -1.7383542018918272E-01 a       916     1     6     2    16
  3.4651484627086870E-01 a       917     1     6     2    17
 -1.8990328991162025E-01 a       918     1     6     2    18
 -1.7220428090729285E+00 a       919     1     6     2    19
 -1.1882928195472251E+00 a       920     1     6     2    20
 -1.5828053174949110E+00 a       921     1     6     2    21
  1.2363373120689776E+00 a       922     1     6     2    22
  2.4341449768650611E-01 a       923     1     6     2    23
 -9.0200911249360405E-01 a       924     1     6     2    24
  1.9084079056942758E+00 a       925     1     6     2    25
  2.4080970561750088E+00 a       926     1     7     2     1
  1.0743067863191627E+00 a       927     1     7     2     2
 -1.3720435102359614E+00 a       928     1     7     2     3
  6.1374795509968094E-01 a       929     1     7     2     4
 -1.2557553457294273E+00 a       930     1     7     2     5
  6.0320003938678368E-01 a       931     1     7     2     6
 -6.9374733614893636E-01 a       932     1     7     2     7
 -7.3233836076767389E-01 a       933     1     7     2     8
 -7.4409575086738744E-01 a       934     1     7     2     9
 -2.3857072190661697E+00 a       935     1     7     2    10
 -5.3660032491097354E-01 a       936     1     7     2    11
 -2.3219702498661756E+00 a       937     1     7     2    12
  5.3409758873514601E-01 a       938     1     7     2    13
  7.1808518929781184E-01 a       939     1     7     2    14
  1.0473775112168324E+00 a       940     1     7     2    15
 -1.4315424447929352E+00 a       941     1     7     2    16
  1.4303870161009140E+00 a       942     1     7     2    17
  5.4793980878226534E-01 a       943     1     7     2    18
 -2.3549445929393880E+00 a       944     1     7     2    19
  9.5703935142840291E-01 a       945     1     7     2    20
  6.8563627247322634E-01 a       946     1     7     2    21
 -4.7322184825363758E+00 a       947     1     7     2    22
  8.8773626903910319E-01 a       948     1     7     2    23
  1.0980854984964110E+00 a       949     1     7     2    24
 -1.5995969259313196E+00 a       950     1     7     2    25
 -2.4317031175739254E+00 a       951     1     8     2     1
 -8.2926523201691660E-01 a       952     1     8     2     2
  1.2630235090172213E+00 a       953     1     8     2     3
 -2.0673640838946133E-01 a       954     1     8     2     4
 -1.8647019276995027E+00 a       955     1     8     2     5
  1.1922088883552786E+00 a       956     1     8     2     6
  4.0279278580271658E+00 a       957     1     8     2     7
  7.4126734662003568E-01 a       958     1     8     2     8
 -1.4272996007999021E+00 a       959     1     8     2     9
 -4.5436982106297377E+00 a       960     1     8     2    10
 -1.2591138056126930E-01 a       961     1     8     2    11
 -3.4976135477005527E-01 a       962     1     8     2    12
 -9.4056571861515048E-01 a       963     1     8     2    13
  9.6435497847865592E-01 a       964     1     8     2    14
 -2.4437258896153569E-01 a       965     1     8     2    15
  8.2840024478278498E-02 a       966     1     8     2    16
 -1.1167756154871975E+00 a       967     1     8     2    17
  5.0297948688963179E-01 a       968     1     8     2    18
 -9.2988310098243521E-01 a       969     1     8     2    19
 -5.1604502010876141E-01 a       970     1     8     2    20
  3.5769172235699060E+00 a       971     1     8     2    21
  5.1065969400727340E-01 a       972     1     8     2    22
 -2.3794111754287353E+00 a       973     1     8     2    23
 -3.8023645038617054E-01 a       974     1     8     2    24
 -1.3680147138746662E-01 a       975     1     8     2    25
  5.1716304902300569E-01 a       976     1     9     2     1
 -1.1972058781531794E+00 a       977     1     9     2     2
 -1.6164080392467517E+00 a       978     1     9     2     3
 -3.8121050183810984E-01 a       979     1     9     2     4
  2.3799771813722625E-02 a       980     1     9     2     5
 -9.5584798227510848E-01 a       981     1     9     2     6
  4.0362500825008218E-01 a       982     1     9     2     7
  6.6094482035309798E-01 a       983     1     9     2     8
  8.7626299215739745E-01 a       984     1     9     2     9
 -3.0631813525160784E-01 a       985     1     9     2    10
  1.3501967092439398E+00 a       986     1     9     2    11
  9.1701636000042649E-02 a       987     1     9     2    12
 -3.1566182584470898E-01 a       988     1     9     2    13
 -1.1722207274416483E+00 a       989     1     9     2    14
  5.6948640615240098E-01 a       990     1     9     2    15
  7.5269177346608707E-01 a       991     1     9     2    16
 -4.9447228198151706E-02 a       992     1     9     2    17
 -5.2249008063290081E-01 a       993     1     9     2    18
  4.4928256235169828E-01 a       994     1     9     2    19
 -4.1824653369951759E-01 a       995     1     9     2    20
 -3.4582760121596290E+00 a       996     1     9     2    21
 -2.1531233177309667E-01 a       997     1     9     2    22
  7.1211464855282480E-01 a       998     1     9     2    23
  1.2485456869328639E-01 a       999     1     9     2    24
 -1.3026781881771987E+00 a      1000     1     9     2    25
  1.0749086684729472E+00 a      1001     1    10     2     1
  5.5504686631181532E-01 a      1002     1    10     2     2
  1.5541891351725570E+00 a      1003     1    10     2     3
 -2.9281666978027134E+00 a      1004     1    10     2     4
 -2.3462700161784047E-01 a      1005     1    10     2     5
 -3.5402167113682309E-01 a      1006     1    10     2     6
  8.2041736223980777E-01 a      1007     1    10     2     7
 -4.7355529459671919E-01 a      1008     1    10     2     8
  1.6088517232477270E-01 a      1009     1    10     2     9
  5.1762794281533642E-01 a      1010     1    10     2    10
 -8.5016386634163055E-02 a      1011     1    10     2    11
 -1.7461156643970799E+00 a      1012     1    10     2    12
  1.0303052263592771E+00 a      1013     1    10     2    13
 -4.0885673333352968E-01 a      1014     1    10     2    14
 -3.0623472549776265E-01 a      1015     1    10     2    15
 -6.9143637159072280E-01 a      1016     1    10     2    16
  9.1111095843405010E-01 a      1017     1    10     2    17
 -2.4585781357688649E-01 a      1018     1    10     2    18
  7.9794935643766585E-01 a      1019     1    10     2    19
  1.0379830569693480E+00 a      1020     1    10     2    20
  3.6042366554098191E+00 a      1021     1    10     2    21
  4.0320843507638227E+00 a      1022     1    10     2    22
  2.4348024733169471E-01 a      1023     1    10     2    23
  1.5517482696832888E-01 a      1024     1    10     2    24
 -1.6317473491345929E+00 a      1025     1    10     2    25
  1.1155567092055385E+00 a      1026     1    11     2     1
 -1.5629515123513626E+00 a      1027     1    11     2     2
 -2.3827587787012719E-01 a      1028     1    11     2     3
 -1.1629009152159755E+00 a      1029     1    11     2     4
  5.4113376052175796E-02 a      1030     1    11     2     5
  1.3828061255765822E+00 a      1031     1    11     2     6
  1.1259353164052772E+00 a      1032     1    11     2     7
  1.6525236066698810E+00 a      1033     1    11     2     8
  8.3671248305399260E-01 a      1034     1    11     2     9
  5.8810404031459838E+00 a      1035     1    11     2    10
  1.5681290003168624E-01 a      1036     1    11     2    11
 -4.4964537720876482E-02 a      1037     1    11     2    12
  2.6152297470297734E+00 a      1038     1    11     2    13
 -1.8687198275846333E+00 a      1039     1    11     2    14
  1.0785583612304372E+00 a      1040     1    11     2    15
  1.0675087694824587E-03 a      1041     1    11     2    16
 -2.7234349108423850E-01 a      1042     1    11     2    17
 -1.1081927980798922E+00 a      1043     1    11     2    18
  2.8183331044963245E+00 a      1044     1    11     2    19
 -2.9888948637601370E-02 a      1045     1    11     2    20
  1.7760963090890771E+00 a      1046     1    11     2    21
  3.6180469264802455E+00 a      1047     1    11     2    22
  9.9204928779132295E-01 a      1048     1    11     2    23
 -1.5498773077175487E+00 a      1049     1    11     2    24
 -1.7709617421405691E-01 a      1050     1    11     2    25
 -1.8379666036280826E+00 a      1051     1    12     2     1
 -2.0162625470481021E-01 a      1052     1    12     2     2
 -1.2943013516989905E+00 a      1053     1    12     2     3
  1.4151854630555589E+00 a      1054     1    12     2     4
 -3.8470067796147817E-01 a      1055     1    12     2     5
 -1.2143078304402783E+00 a      1056     1    12     2     6
 -1.6513335411930510E+00 a      1057     1    12     2     7
  3.3651720632410204E-01 a      1058     1    12     2     8
  9.3962783857065280E-01 a      1059     1    12     2     9
 -4.5236289143295985E-02 a      1060     1    12     2    10
  2.3973036829941288E+00 a      1061     1    12     2    11
 -9.8549217003779432E-01 a      1062     1    12     2    12
  1.0121037646561468E+00 a      1063     1    12     2    13
 -7.5569081718820486E-01 a      1064     1    12     2    14
  4.8396295566818248E-01 a      1065     1    12     2    15
  1.5000244236189722E-01 a      1066     1    12     2    16
  5.8441201282002373E-03 a      1067     1    12     2    17
  2.3924082129909166E-01 a      1068     1    12     2    18
 -1.1504718780267109E+00 a      1069     1    12     2    19
  3.3723861667516414E-01 a      1070     1    12     2    20
  3.6760680353687035E-02 a      1071     1    12     2    21
 -7.1053238039837407E-01 a      1072     1    12     2    22
 -3.3010362475342520E-01 a      1073     1    12     2    23
 -7.1600333741310029E-01 a      1074     1    12     2    24
  6.1261148264957188E-01 a      1075     1    12     2    25
  1.2930624301747666E+00 a      1076     1    13     2     1
  1.8791751077364294E+00 a      1077     1    13     2     2
  3.4547037451033802E-01 a      1078     1    13     2     3
 -1.9808908012574369E+00 a      1079     1    13     2     4
  5.2385163571730042E-01 a      1080     1    13     2     5
 -4.7107147806938227E-01 a      1081     1    13     2     6
  8.4489692347620687E-02 a      1082     1    13     2     7
 -1.6994673492510148E+00 a      1083     1    13     2     8
  3.9043727217069518E-01 a      1084     1    13     2     9
  1.4240052339292735E+00 a      1085     1    13     2    10
 -9.7642304165856109E-01 a      1086     1    13     2    11
 -3.9549271531160457E+00 a      1087     1    13     2    12
 -9.0394865109933975E-01 a      1088     1    13     2    13
 -9.5661776410120691E-01 a      1089     1    13     2    14
  7.6605533710483689E-02 a      1090     1    13     2    15
 -8.4790657944261072E-01 a      1091     1    13     2    16
  2.6007724368704793E-01 a      1092     1    13     2    17
  1.6099725281626862E+00 a      1093     1    13     2    18
 -5.7771387734692359E-01 a      1094     1    13     2    19
 -4.5659893137934954E-01 a      1095     1    13     2    20
 -2.5943763503255792E+00 a      1096     1    13     2    21
 -2.9878782382228791E-01 a      1097     1    13     2    22
  1.5481483629993547E+00 a      1098     1    13     2    23
  9.4409742685755882E-01 a      1099     1    13     2    24
 -3.0627372455352808E-01 a      1100     1    13     2    25
 -1.5298285306146242E+00 a      1101     1    14     2     1
  1.3058516888723073E-01 a      1102     1    14     2     2
 -1.3993784510604328E+00 a      1103     1    14     2     3
  6.8494836142456411E-02 a      1104     1    14     2     4
 -1.0428410350457706E+00 a      1105     1    14     2     5
  1.7658986966277244E+00 a      1106     1    14     2     6
  3.8633345088383253E-01 a      1107     1    14     2     7
 -2.0336870058890716E-01 a      1108     1    14     2     8
  8.2584155818987981E-01 a      1109     1    14     2     9
 -9.0393075685464719E-01 a      1110     1    14     2    10
 -1.9827596706249850E+00 a      1111     1    14     2    11
  3.6175513580828929E+00 a      1112     1    14     2    12
  1.1549144325998710E+00 a      1113     1    14     2    13
 -2.2856683083784834E+00 a      1114     1    14     2    14
  8.9890924917020076E-01 a      1115     1    14     2    15
  1.1512993437853503E+00 a      1116     1    14     2    16
 -1.8535180433822271E-01 a      1117     1    14     2    17
 -3.0166644611287291E-01 a      1118     1    14     2    18
  1.6691216240424156E+00 a      1119     1    14     2    19
 -9.8337471030099199E-01 a      1120     1    14     2    20
  3.8285832885649052E-01 a      1121     1    14     2    21
  6.8405850397095500E-02 a      1122     1    14     2    22
 -2.6099758241498333E-01 a      1123     1    14     2    23
 -2.0815217003567645E+00 a      1124     1    14     2    24
  2.9057621793142583E+00 a      1125     1    14     2    25
  3.5981593161248665E-01 a      1126     1    15     2     1
 -6.7670484458750557E-01 a      1127     1    15     2     2
  1.0527265786203255E+00 a      1128     1    15     2     3
  3.1152941654116600E-01 a      1129     1    15     2     4
  9.3885805320683802E-02 a      1130     1    15     2     5
  1.3083632199813846E+00 a      1131     1    15     2     6
  1.7676971673185105E+00 a      1132     1    15     2     7
  6.1345816934053288E-01 a      1133     1    15     2     8
 -3.4287317009112734E+00 a      1134     1    15     2     9
 -1.7183605096101566E+00 a      1135     1    15     2    10
 -8.2159664744507743E-01 a      1136     1    15     2    11
 -3.1061168278261847E-01 a      1137     1    15     2    12
  7.3756691810518538E-01 a      1138     1    15     2    13
  1.8362915450353750E+00 a      1139     1    15     2    14
 -8.5493713205822985E-01 a      1140     1    15     2    15
 -5.5133127540420504E-02 a      1141     1    15     2    16
 -7.1405998878854304E-01 a      1142     1    15     2    17
 -1.9348488450194818E+00 a      1143     1    15     2    18
  6.0121782791664491E-01 a      1144     1    15     2    19
 -6.5535012796114811E-01 a      1145     1    15     2    20
  1.9748510170661846E-02 a      1146     1    15     2    21
 -5.2255027408275732E+00 a      1147     1    15     2    22
  7.3217288731591734E-01 a      1148     1    15     2    23
 -4.6888082297543380E-03 a      1149     1    15     2    24
 -4.4940493442786797E+00 a      1150     1    15     2    25
  9.2615107279750664E-01 a      1151     1    16     2     1
 -1.4148713078289872E+00 a      1152     1    16     2     2
 -2.2928918032682164E+00 a      1153     1    16     2     3
  1.4441921796613431E+00 a      1154     1    16     2     4
 -2.7520754461671976E-01 a      1155     1    16     2     5
 -1.5888088750525078E+00 a      1156     1    16     2     6
 -7.5276211190910403E-01 a      1157     1    16     2     7
  1.3643928444003606E+00 a      1158     1    16     2     8
  3.1923501715571456E-01 a      1159     1    16     2     9
  2.9078998728257088E-02 a      1160     1    16     2    10
 -1.8443731538712264E-02 a      1161     1    16     2    11
 -2.2307694063036272E+00 a      1162     1    16     2    12
 -1.5260198531045508E+00 a      1163     1    16     2    13
  1.2389098895704946E-01 a      1164     1    16     2    14
  5.2585024324256158E-01 a      1165     1    16     2    15
  9.1759113674654502E-01 a      1166     1    16     2    16
 -8.3567142905039560E-01 a      1167     1    16     2    17
 -6.4170147669465116E-01 a      1168     1    16     2    18
 -1.1460443308814929E-02 a      1169     1    16     2    19
 -3.1039802921299353E-01 a      1170     1    16     2    20
  2.4950012931832602E-01 a      1171     1    16     2    21
 -1.7367361082245607E+00 a      1172     1    16     2    22
  1.0173079086369901E+00 a      1173     1    16     2    23
  3.3022157768222787E-01 a      1174     1    16     2    24
  3.0873503727097193E+00 a      1175     1    16     2    25
  5.7025197048148879E-01 a      1176     1    17     2     1
 -7.9213455108101338E-01 a      1177     1    17     2     2
 -1.1189581764522600E+00 a      1178     1    17     2     3
 -7.8208219731260187E-01 a      1179     1    17     2     4
 -1.2300855328749651E+00 a      1180     1    17     2     5
 -6.0951401488912904E-01 a      1181     1    17     2     6
 -1.3074986008309062E+00 a      1182     1    17     2     7
  1.5802746787146018E+00 a      1183     1    17     2     8
 -8.2217570571541265E-01 a      1184     1    17     2     9
 -5.1445356209932447E+00 a      1185     1    17     2    10
 -1.9704424402772842E+00 a      1186     1    17     2    11
 -2.7577955110464520E+00 a      1187     1    17     2    12
 -1.9526635903100888E+00 a      1188     1    17     2    13
  1.2418114269632019E+00 a      1189     1    17     2    14
  6.6888499862989026E-01 a      1190     1    17     2    15
 -4.5912057195453615E-01 a      1191     1    17     2    16
  2.0055429518694182E-01 a      1192     1    17     2    17
 -6.6724268746375570E-01 a      1193     1    17     2    18
  3.7084674197294532E-01 a      1194     1    17     2    19
 -1.8319498119664046E+00 a      1195     1    17     2    20
 -4.6270194444631418E-01 a      1196     1    17     2    21
  2.7490067435058529E+00 a      1197     1    17     2    22
 -1.7793768470330527E+00 a      1198     1    17     2    23
 -1.5977733795842703E+00 a      1199     1    17     2    24
  3.3329462887378264E-01 a      1200     1    17     2    25
  5.9018639343431349E+00 a      1201     1    18     2     1
 -6.3777862947720843E-01 a      1202     1    18     2     2
 -2.6297702749232630E+00 a      1203     1    18     2     3
 -2.8297026398689136E+00 a      1204     1    18     2     4
 -1.5909686290106495E+00 a      1205     1    18     2     5
 -1.5629586313982922E+00 a      1206     1    18     2     6
 -6.3659505463261619E+00 a      1207     1    18     2     7
  6.8121817698328935E-01 a      1208     1    18     2     8
  4.6406636922397331E+00 a      1209     1    18     2     9
 -6.7929127683878638E+00 a      1210     1    18     2    10
 -2.6730499256810486E-01 a      1211     1    18     2    11
 -4.0605536361977396E-01 a      1212     1    18     2    12
  6.9425736537774476E+00 a      1213     1    18     2    13
 -5.3245225986436484E+00 a      1214     1    18     2    14
  2.0650897553733358E-01 a      1215     1    18     2    15
 -1.6443237748585453E+00 a      1216     1    18     2    16
  2.8086312306772547E+00 a      1217     1    18     2    17
  4.9907398340998697E+00 a      1218     1    18     2    18
  5.2084435445407360E+00 a      1219     1    18     2    19
  8.4908069343748960E-01 a      1220     1    18     2    20
  5.4734799914728764E+00 a      1221     1    18     2    21
 -1.1988677774749130E+01 a      1222     1    18     2    22
  7.1052474068751437E+00 a      1223     1    18     2    23
  1.6108844963657920E+00 a      1224     1    18     2    24
 -5.6382479786284883E+00 a      1225     1    18     2    25
  1.4505565970744014E+00 a      1226     1    19     2     1
 -1.4156820990832650E+00 a      1227     1    19     2     2
  1.0539761285918237E+00 a      1228     1    19     2     3
 -1.9930297268782224E-01 a      1229     1    19     2     4
 -1.4838089015386191E-01 a      1230     1    19     2     5
 -1.3245428764468643E+00 a      1231     1    19     2     6
  3.5096633759314949E-01 a      1232     1    19     2     7
  1.4509336652071487E+00 a      1233     1    19     2     8
 -4.3862478968352070E+00 a      1234     1    19     2     9
  4.9225031606668574E+00 a      1235     1    19     2    10
 -5.3689064288547717E-01 a      1236     1    19     2    11
 -4.5093776851787465E-01 a      1237     1    19     2    12
  1.0961129460073760E+00 a      1238     1    19     2    13
  9.8714210296694382E-01 a      1239     1    19     2    14
  9.9695676505855968E-01 a      1240     1    19     2    15
 -5.5111137423846890E-01 a      1241     1    19     2    16
 -1.4997171333046226E+00 a      1242     1    19     2    17
  7.7972412398397084E-02 a      1243     1    19     2    18
 -1.8619292779492400E+00 a      1244     1    19     2    19
  2.3356198942320829E+00 a      1245     1    19     2    20
 -1.2394871277656898E+00 a      1246     1    19     2    21
 -3.3163310867193898E+00 a      1247     1    19     2    22
  5.4729331620460120E-01 a      1248     1    19     2    23
  5.7838203940718014E-01 a      1249     1    19     2    24
  1.2235833257143873E-01 a      1250     1    19     2    25
 -1.2249647650776178E-01 a      1251     1    20     2     1
 -4.0158837210400233E-01 a      1252     1    20     2     2
  2.0791004128719759E-01 a      1253     1    20     2     3
  1.5464611485743798E+00 a      1254     1    20     2     4
 -1.3692926798502834E+00 a      1255     1    20     2     5
 -6.7322048351466501E-01 a      1256     1    20     2     6
 -9.2897009353144133E-01 a      1257     1    20     2     7
  8.0115599036192281E-02 a      1258     1    20     2     8
 -1.9493333790625138E+00 a      1259     1    20     2     9
 -6.0450319626725051E+00 a      1260     1    20     2    10
  5.3657322502640092E-01 a      1261     1    20     2    11
  1.1614090780646757E+00 a      1262     1    20     2    12
 -1.0682437377128478E+00 a      1263     1    20     2    13
  3.2292053200600965E+00 a      1264     1    20     2    14
 -2.0748271800522367E-01 a      1265     1    20     2    15
 -1.2237681620341073E-01 a      1266     1    20     2    16
  1.6301906400108048E+00 a      1267     1    20     2    17
 -2.6157708690190034E+00 a      1268     1    20     2    18
 -7.2846872865796830E-01 a      1269     1    20     2    19
 -1.2755460697973104E+00 a      1270     1    20     2    20
  1.7036621561625729E+00 a      1271     1    20     2    21
 -2.7017480056837080E+00 a      1272     1    20     2    22
 -1.0079229977013502E+00 a      1273     1    20     2    23
 -8.7614061441181668E-01 a      1274     1    20     2    24
 -6.2733171454223891E-01 a      1275     1    20     2    25
  3.0525335078007310E-01 a      1276     1    21     2     1
 -6.6838099419653529E-01 a      1277     1    21     2     2
 -1.3755369133193820E+00 a      1278     1    21     2     3
 -4.3554272978721204E-01 a      1279     1    21     2     4
 -6.3987967931616896E-01 a      1280     1    21     2     5
  5.8375378149482737E-01 a      1281     1    21     2     6
 -3.9474207421926764E+00 a      1282     1    21     2     7
  9.5961123667119974E-01 a      1283     1    21     2     8
 -7.5594362565728945E-01 a      1284     1    21     2     9
  3.0794472530239725E+00 a      1285     1    21     2    10
 -4.7754383103510734E-01 a      1286     1    21     2    11
  1.7628536245552623E-01 a      1287     1    21     2    12
  2.3227760720516666E+00 a      1288     1    21     2    13
  3.9667813434226235E-01 a      1289     1    21     2    14
  3.8695057140974942E-01 a      1290     1    21     2    15
  1.8872496409594494E-01 a      1291     1    21     2    16
 -7.0346996382782023E-01 a      1292     1    21     2    17
 -5.8191327078066823E-01 a      1293     1    21     2    18
  2.9698219093467249E-01 a      1294     1    21     2    19
 -4.4573852574994205E-01 a      1295     1    21     2    20
  6.2945404013779094E-01 a      1296     1    21     2    21
 -1.1897366795948197E+00 a      1297     1    21     2    22
  1.9079507292084960E-01 a      1298     1    21     2    23
 -1.3124913311542235E+00 a      1299     1    21     2    24
  4.3000428102921556E-01 a      1300     1    21     2    25
 -2.0794290062146641E+00 a      1301     1    22     2     1
 -3.7395156669193141E-01 a      1302     1    22     2     2
  1.8193971719331743E+00 a      1303     1    22     2     3
  5.3906510311787876E+00 a      1304     1    22     2     4
  1.1530200152925008E+00 a      1305     1    22     2     5
 -1.0119384602753498E+00 a      1306     1    22     2     6
 -8.2626564291230160E+00 a      1307     1    22     2     7
  4.6400708485930742E-01 a      1308     1    22     2     8
 -2.3150242709913118E+00 a      1309     1    22     2     9
  6.6912399739475242E-02 a      1310     1    22     2    10
  1.4429865634378956E+00 a      1311     1    22     2    11
  6.7201798218178255E-01 a      1312     1    22     2    12
 -2.6390619706162117E+00 a      1313     1    22     2    13
 -4.3649840628914255E-01 a      1314     1    22     2    14
  5.6611676110699338E-01 a      1315     1    22     2    15
  7.3060562508632701E-02 a      1316     1    22     2    16
 -3.8079243707625503E+00 a      1317     1    22     2    17
 -9.5875252942539657E-01 a      1318     1    22     2    18
  1.8262223831216329E+00 a      1319     1    22     2    19
 -2.1344072662681444E+00 a      1320     1    22     2    20
 -1.4428997641114083E+00 a      1321     1    22     2    21
  1.4597603023080268E+00 a      1322     1    22     2    22
  5.2841026391358148E-01 a      1323     1    22     2    23
 -5.6788248215437143E-01 a      1324     1    22     2    24
  3.9282046014680807E+00 a      1325     1    22     2    25
 -8.9656384287201818E-01 a      1326     1    23     2     1
 -4.3457862399352326E-01 a      1327     1    23     2     2
 -2.6935019622359296E-01 a      1328     1    23     2     3
  1.1352756659323346E+00 a      1329     1    23     2     4
  1.3530171605765502E+00 a      1330     1    23     2     5
 -1.4279848966515427E+00 a      1331     1    23     2     6
 -1.4483596702405421E+00 a      1332     1    23     2     7
  9.7682158210194259E-01 a      1333     1    23     2     8
 -2.3997607443903321E-01 a      1334     1    23     2     9
  2.3316484748992683E+00 a      1335     1    23     2    10
  8.0523577264756518E-01 a      1336     1    23     2    11
  5.6134836798594372E-02 a      1337     1    23     2    12
  4.4748161019856447E-01 a      1338     1    23     2    13
 -5.9885474277233608E-01 a      1339     1    23     2    14
 -2.0518378849258695E-01 a      1340     1    23     2    15
  1.1485260514054436E-01 a      1341     1    23     2    16
 -1.6121521160065253E+00 a      1342     1    23     2    17
 -3.3382580238373866E-01 a      1343     1    23     2    18
  3.1484606288034045E-01 a      1344     1    23     2    19
 -1.3536607507130343E+00 a      1345     1    23     2    20
 -2.2485426458867774E+00 a      1346     1    23     2    21
  7.4567642190247796E-01 a      1347     1    23     2    22
  1.3245353486780043E+00 a      1348     1    23     2    23
 -1.3449039638058480E+00 a      1349     1    23     2    24
  2.0216975178240948E+00 a      1350     1    23     2    25
  6.3616297080046258E-01 a      1351     1    24     2     1
 -2.3670562617345650E+00 a      1352     1    24     2     2
  2.4866399160027695E+00 a      1353     1    24     2     3
 -7.7743282039954920E-01 a      1354     1    24     2     4
 -2.2021539980560294E+00 a      1355     1    24     2     5
  9.4453572592463231E-01 a      1356     1    24     2     6
  1.7619386081094182E-01 a      1357     1    24     2     7
  1.4059213833118818E+00 a      1358     1    24     2     8
  1.4656565381516047E+00 a      1359     1    24     2     9
 -6.4083083342848746E-01 a      1360     1    24     2    10
  1.1965938939803669E+00 a      1361     1    24     2    11
  2.4420958021397379E+00 a      1362     1    24     2    12
  1.5779888435830665E+00 a      1363     1    24     2    13
 -1.5428035421919233E+00 a      1364     1    24     2    14
  6.3899200256467292E-01 a      1365     1    24     2    15
 -1.2774937041358572E+00 a      1366     1    24     2    16
  3.0353755790849966E+00 a      1367     1    24     2    17
  7.0477485641830839E-01 a      1368     1    24     2    18
  1.2526786276204873E+00 a      1369     1    24     2    19
  1.7059788472049484E-01 a      1370     1    24     2    20
  8.6805357447950052E-02 a      1371     1    24     2    21
  2.1986414351886667E+00 a      1372     1    24     2    22
  1.3356252052674520E+00 a      1373     1    24     2    23
 -7.9362783215800581E-01 a      1374     1    24     2    24
 -1.2840758025044391E-01 a      1375     1    24     2    25
  8.0301495408419388E-01 a      1376     1    25     2     1
  1.1409435856419845E+00 a      1377     1    25     2     2
 -7.9926134816175720E-01 a      1378     1    25     2     3
  6.2412777504440653E-01 a      1379     1    25     2     4
  2.0908066031948906E+00 a      1380     1    25     2     5
 -4.6520060186658563E-01 a      1381     1    25     2     6
  7.4939707827881497E-01 a      1382     1    25     2     7
 -6.7844722779577415E-01 a      1383     1    25     2     8
  4.5637834560922325E-02 a      1384     1    25     2     9
  4.1642960759369423E+00 a      1385     1    25     2    10
 -9.9950659679628207E-01 a      1386     1    25     2    11
 -1.4935417010225065E+00 a      1387     1    25     2    12
  1.1552565560806560E+00 a      1388     1    25     2    13
 -1.5950160086115628E+00 a      1389     1    25     2    14
  3.1705672284839492E-01 a      1390     1    25     2    15
  8.4468309232322292E-02 a      1391     1    25     2    16
 -1.0087936218470068E+00 a      1392     1    25     2    17
  1.7024102718099616E+00 a      1393     1    25     2    18
 -3.4716609721737665E-02 a      1394     1    25     2    19
  1.1060249779621321E+00 a      1395     1    25     2    20
 -3.2919609056351262E-01 a      1396     1    25     2    21
 -9.0581222381609938E-01 a      1397     1    25     2    22
  1.2603131286121336E+00 a      1398     1    25     2    23
  8.8410730910939783E-01 a      1399     1    25     2    24
 -6.0247983992694354E-01 a      1400     1    25     2    25
  1.8193598395797761E+00 b      1401     2     1
  8.7734225667793986E-01 b      1402     2     2
 -3.1376606480322926E+00 b      1403     2     3
  1.1987803664728263E+01 b      1404     2     4
 -3.5804585737671326E+00 b      1405     2     5
 -2.2851595459470579E+00 b      1406     2     6
  6.9956857240998511E+00 b      1407     2     7
  6.2815785467505880E-01 b      1408     2     8
  2.9608650200183684E+00 b      1409     2     9
 -9.9160163258306948E+00 b      1410     2    10
  1.1759179098292347E+00 b      1411     2    11
  5.0025564926445885E+00 b      1412     2    12
  6.5676708386550615E+00 b      1413     2    13
 -1.3088897621441253E+01 b      1414     2    14
  1.2696129224695245E+00 b      1415     2    15
  5.0236701961976538E+00 b      1416     2    16
  9.8531961451374119E+00 b      1417     2    17
  2.0526756047232815E+00 b      1418     2    18
 -3.5729178183239561E+00 b      1419     2    19
 -4.0913842033353802E+00 b      1420     2    20
  1.9765878719659509E+00 b      1421     2    21
 -1.3158960518058079E+01 b      1422     2    22
  2.6406478833037363E+00 b      1423     2    23
 -1.6394866031604183E+00 b      1424     2    24
  5.1619241792190449E+00 b      1425     2    25
 -1.4765704215299491E+00 a      1426     2     1     3     1
  4.2422322377585170E-01 a      1427     2     2     3     1
 -2.0287058393822446E+00 a      1428     2     3     3     1
  2.3414524889859276E+00 a      1429     2     4     3     1
 -1.3479862043192614E+00 a      1430     2     5     3     1
 -9.8058381698630426E-01 a      1431     2     6     3     1
  1.9707495877372174E+00 a      1432     2     7     3     1
  1.0719135019768278E-01 a      1433     2     8     3     1
  1.7281297136302414E+00 a      1434     2     9     3     1
 -5.0429606165625118E-01 a      1435     2    10     3     1
  3.3263065274227861E+00 a      1436     2    11     3     1
  7.6573495569874550E-01 a      1437     2    12     3     1
  1.3951759507182797E+00 a      1438     2    13     3     1
 -1.5707699922495559E+00 a      1439     2    14     3     1
  1.9334389139404551E+00 a      1440     2    15     3     1
  1.5546444392387713E+00 a      1441     2    16     3     1
 -1.6162295033241891E+00 a      1442     2    17     3     1
 -1.1196119810227956E+00 a      1443     2    18     3     1
  1.8966981932746771E+00 a      1444     2    19     3     1
 -9.9380659334133326E-01 a      1445     2    20     3     1
 -4.6193775511157459E-01 a      1446     2    21     3     1
  3.5970778139896409E-01 a      1447     2    22     3     1
  1.5128147238735723E+00 a      1448     2    23     3     1
 -2.7079301510476155E+00 a      1449     2    24     3     1
  7.4766173359456090E-01 a      1450     2    25     3     1
  2.9421538023501195E+00 b      1451     3     1
