################################################################################
# Neural network connection values (weights and biases).
################################################################################
# Col  Name       Description
################################################################################
# 1    connection Neural network connection value.
# 2    t          Connection type (a = weight, b = bias).
# 3    index      Index enumerating weights.
# 4    l_s        Starting point layer (end point layer for biases).
# 5    n_s        Starting point neuron in starting layer (end point neuron for biases).
# 6    l_e        End point layer.
# 7    n_e        End point neuron in end layer.
################################################################################
#                      1 2         3     4     5     6     7
#             connection t     index   l_s   n_s   l_e   n_e
############################################################
 -6.3780078762439345E+00 a         1     0     1     1     1
  2.3773369945677036E+01 a         2     0     1     1     2
 -3.8139555435352124E+00 a         3     0     1     1     3
 -9.5424036326425155E-01 a         4     0     1     1     4
  1.7821800681402571E+01 a         5     0     1     1     5
 -8.4392286556085438E-01 a         6     0     1     1     6
  3.2493961859122908E+00 a         7     0     1     1     7
  2.6377364663380639E+01 a         8     0     1     1     8
 -1.2987868086347396E+01 a         9     0     1     1     9
 -7.8410794639204022E+00 a        10     0     1     1    10
 -1.3660766455442957E+01 a        11     0     1     1    11
  2.5174880447358605E-01 a        12     0     1     1    12
  1.9268511255181164E+00 a        13     0     1     1    13
 -5.3191081245397012E+00 a        14     0     1     1    14
 -1.0841952754031464E+01 a        15     0     1     1    15
  1.9685040390484183E+01 a        16     0     1     1    16
 -1.0263609953724213E+00 a        17     0     1     1    17
  3.3356876786626257E+00 a        18     0     1     1    18
 -2.2972054219576568E+00 a        19     0     1     1    19
  3.3304662730814683E-01 a        20     0     1     1    20
  3.6355195170168035E+00 a        21     0     1     1    21
 -7.6990815586334649E-01 a        22     0     1     1    22
 -3.1521366584858916E+00 a        23     0     1     1    23
 -2.2846109427068225E+01 a        24     0     1     1    24
 -6.7009215014957435E-01 a        25     0     1     1    25
  2.9826953050799920E+00 a        26     0     2     1     1
 -1.4105728198036749E+01 a        27     0     2     1     2
 -1.2000628387792615E+01 a        28     0     2     1     3
  1.1663548719924959E+00 a        29     0     2     1     4
  2.4333557480888057E+01 a        30     0     2     1     5
  1.4642793321974557E+00 a        31     0     2     1     6
  2.4434740578963368E+00 a        32     0     2     1     7
 -9.6289049017379469E+00 a        33     0     2     1     8
  2.4953842447517498E+01 a        34     0     2     1     9
 -2.2624269979697885E+01 a        35     0     2     1    10
  1.8079034186217537E+01 a        36     0     2     1    11
  6.0915109243082730E+00 a        37     0     2     1    12
  3.9912069593122115E+00 a        38     0     2     1    13
 -4.9122119665710162E+00 a        39     0     2     1    14
  1.7679188111537286E+01 a        40     0     2     1    15
 -1.1877700776861971E+01 a        41     0     2     1    16
  2.0915603724854005E+01 a        42     0     2     1    17
  2.5501225380287099E+01 a        43     0     2     1    18
 -8.3295522466913834E+00 a        44     0     2     1    19
 -4.2160603433079400E+00 a        45     0     2     1    20
 -1.9048648045787665E+01 a        46     0     2     1    21
  7.7271263224423876E+00 a        47     0     2     1    22
 -8.6489381272015144E+00 a        48     0     2     1    23
 -1.9116655827817772E-01 a        49     0     2     1    24
  4.5684437002451261E+00 a        50     0     2     1    25
  9.1557069106866233E+00 a        51     0     3     1     1
 -2.9061723151507916E+01 a        52     0     3     1     2
  1.1307368787272564E+01 a        53     0     3     1     3
  9.9043309020797086E+00 a        54     0     3     1     4
 -3.9087062961981893E+01 a        55     0     3     1     5
  2.8426275164666288E+00 a        56     0     3     1     6
 -1.2470884412627495E+01 a        57     0     3     1     7
 -3.9352894282272764E+01 a        58     0     3     1     8
  1.7605672025737977E+01 a        59     0     3     1     9
  2.8617901837718808E+01 a        60     0     3     1    10
  1.6516078227442666E+01 a        61     0     3     1    11
  2.4118074285236477E+00 a        62     0     3     1    12
 -1.4546214078449188E+01 a        63     0     3     1    13
  2.1751109080731222E+01 a        64     0     3     1    14
  8.6312266971847666E+00 a        65     0     3     1    15
 -2.3613862832670236E+01 a        66     0     3     1    16
 -5.7133210160705179E+00 a        67     0     3     1    17
 -9.9306631106203387E+00 a        68     0     3     1    18
  7.0787116396540064E+00 a        69     0     3     1    19
 -1.5411011372400438E+00 a        70     0     3     1    20
 -5.6847900102036775E+00 a        71     0     3     1    21
  1.0578047430611633E+01 a        72     0     3     1    22
 -2.1521277627084929E+00 a        73     0     3     1    23
  4.1848774970838349E+01 a        74     0     3     1    24
 -2.5670277823654182E+00 a        75     0     3     1    25
 -6.4059000479256598E+00 a        76     0     4     1     1
  1.4730472283425639E+01 a        77     0     4     1     2
  1.8757027682423345E+01 a        78     0     4     1     3
 -9.0964217267654544E+00 a        79     0     4     1     4
 -4.9506479795109385E+01 a        80     0     4     1     5
  4.3054323101656520E+00 a        81     0     4     1     6
  6.1524898394371359E+00 a        82     0     4     1     7
  1.5475762057283893E+01 a        83     0     4     1     8
 -4.5888063651658811E+01 a        84     0     4     1     9
  3.3174250983766392E+01 a        85     0     4     1    10
 -2.6828466219262019E+01 a        86     0     4     1    11
 -1.7242027676806049E+00 a        87     0     4     1    12
 -2.9244684262663458E+00 a        88     0     4     1    13
 -3.4454550460383939E+00 a        89     0     4     1    14
 -2.3366176452612699E+01 a        90     0     4     1    15
  1.3077076318035862E+01 a        91     0     4     1    16
 -3.8190994948044761E+01 a        92     0     4     1    17
 -4.5051340331767399E+01 a        93     0     4     1    18
  1.7387138877565128E+01 a        94     0     4     1    19
  1.1893509899616017E+01 a        95     0     4     1    20
  3.5314150105704478E+01 a        96     0     4     1    21
 -1.7840111344764107E+01 a        97     0     4     1    22
  3.0964131309352748E+01 a        98     0     4     1    23
  2.9485141529036385E+00 a        99     0     4     1    24
 -1.0426461158512687E+01 a       100     0     4     1    25
 -4.6387923893607928E-02 a       101     0     5     1     1
  2.9572398679533219E+01 a       102     0     5     1     2
 -1.8179348230305887E+01 a       103     0     5     1     3
 -1.3703632607271238E+01 a       104     0     5     1     4
  4.0526028640457525E+01 a       105     0     5     1     5
 -3.3292162024249703E+00 a       106     0     5     1     6
  1.6289428691520705E+01 a       107     0     5     1     7
  2.3832410390867416E+01 a       108     0     5     1     8
 -1.3634053206875484E+01 a       109     0     5     1     9
 -2.3162618347718734E+01 a       110     0     5     1    10
  3.0115817144350510E-01 a       111     0     5     1    11
 -1.1722252008217136E+01 a       112     0     5     1    12
  1.5198643270978648E+01 a       113     0     5     1    13
 -2.1724439257997037E+01 a       114     0     5     1    14
  7.1413064098810182E+00 a       115     0     5     1    15
  9.5578143437162346E+00 a       116     0     5     1    16
  1.2901314705783225E+01 a       117     0     5     1    17
  1.0687041045957567E+01 a       118     0     5     1    18
 -1.2931585521212867E+01 a       119     0     5     1    19
 -4.5717404333256679E+00 a       120     0     5     1    20
 -2.5281998456929968E+00 a       121     0     5     1    21
 -2.7810613164994912E+01 a       122     0     5     1    22
 -1.0530324297221780E+00 a       123     0     5     1    23
 -3.2216404093914988E+01 a       124     0     5     1    24
  4.1307162097570762E+00 a       125     0     5     1    25
  1.5876446975567866E+01 a       126     0     6     1     1
 -1.4727678724383864E+01 a       127     0     6     1     2
  2.6861500382585457E-01 a       128     0     6     1     3
  8.1905195056506361E+00 a       129     0     6     1     4
  4.9569086328139470E+01 a       130     0     6     1     5
 -1.8898370890574331E+01 a       131     0     6     1     6
 -2.5954219215388040E+01 a       132     0     6     1     7
 -2.8631653652960225E+01 a       133     0     6     1     8
  4.8822753684694945E+01 a       134     0     6     1     9
 -1.4955470505754223E+01 a       135     0     6     1    10
  1.1462905078616538E+01 a       136     0     6     1    11
 -1.5174123803750103E+01 a       137     0     6     1    12
  2.4581796714626765E+00 a       138     0     6     1    13
 -4.0233310684581154E+00 a       139     0     6     1    14
 -5.8552025996710855E+00 a       140     0     6     1    15
 -3.7822184917316598E-01 a       141     0     6     1    16
  2.4869005373777785E+01 a       142     0     6     1    17
  3.1865268628221877E+01 a       143     0     6     1    18
 -1.5777526870311965E+01 a       144     0     6     1    19
 -5.0544190621753540E+00 a       145     0     6     1    20
 -2.3760944157609440E+01 a       146     0     6     1    21
  1.6688000842046716E+01 a       147     0     6     1    22
 -2.2205086012352801E+01 a       148     0     6     1    23
 -5.4459908639704837E+00 a       149     0     6     1    24
  1.1946028349687355E+01 a       150     0     6     1    25
 -3.8832144159755417E+00 a       151     0     7     1     1
 -2.9196417172133877E+01 a       152     0     7     1     2
  1.8174895997028983E+01 a       153     0     7     1     3
  7.8853173268352572E+00 a       154     0     7     1     4
 -1.1763385386650775E+01 a       155     0     7     1     5
  4.8236957583148898E+00 a       156     0     7     1     6
 -1.7272611475536245E+01 a       157     0     7     1     7
 -1.5856666657048040E+01 a       158     0     7     1     8
 -4.6578232506695043E+00 a       159     0     7     1     9
  9.4632281004119871E+00 a       160     0     7     1    10
 -7.1491517195983318E+00 a       161     0     7     1    11
  4.0809580456950840E+00 a       162     0     7     1    12
 -4.5017361584887956E+00 a       163     0     7     1    13
  1.6792691553447522E+01 a       164     0     7     1    14
 -1.5088761208666748E+01 a       165     0     7     1    15
  3.1514121277095644E+00 a       166     0     7     1    16
 -1.3190502812359421E+01 a       167     0     7     1    17
 -1.4146899071920757E+01 a       168     0     7     1    18
  1.1234115466104665E+01 a       169     0     7     1    19
  2.0837389189280247E+00 a       170     0     7     1    20
  6.4824707863401869E+00 a       171     0     7     1    21
  1.9487497948108643E+01 a       172     0     7     1    22
 -4.2678499402889418E+00 a       173     0     7     1    23
  1.5579249591845839E+01 a       174     0     7     1    24
  2.8513170039037612E+00 a       175     0     7     1    25
 -1.1083167075710467E+01 a       176     0     8     1     1
 -2.6211075337313481E+01 a       177     0     8     1     2
  2.5692590672671617E+01 a       178     0     8     1     3
  4.6584067925085657E+00 a       179     0     8     1     4
 -2.3847903298610571E+01 a       180     0     8     1     5
  1.3015021454408487E+01 a       181     0     8     1     6
  9.3714550095733991E+00 a       182     0     8     1     7
  9.5544138642373273E+00 a       183     0     8     1     8
 -1.5603648014208529E+01 a       184     0     8     1     9
  5.6839459196457387E+00 a       185     0     8     1    10
  1.4091955560565500E+01 a       186     0     8     1    11
  2.1756045723884302E+01 a       187     0     8     1    12
  5.7278275898566724E+00 a       188     0     8     1    13
  5.4343293488697797E-01 a       189     0     8     1    14
  4.1273488035518984E+00 a       190     0     8     1    15
 -4.7403807703807548E+00 a       191     0     8     1    16
 -5.3708725320164730E+00 a       192     0     8     1    17
 -1.2134551408707452E+01 a       193     0     8     1    18
  1.5809865207457655E+01 a       194     0     8     1    19
  1.0738576841806220E+01 a       195     0     8     1    20
  1.2312400820387158E+01 a       196     0     8     1    21
  1.1754338539981443E+01 a       197     0     8     1    22
 -1.7455748644106308E+01 a       198     0     8     1    23
  1.9156763390545837E+01 a       199     0     8     1    24
 -1.4316011781482411E+01 a       200     0     8     1    25
  2.8043537302472994E+00 a       201     0     9     1     1
  1.8063522016486470E+01 a       202     0     9     1     2
 -2.6054829017489878E+00 a       203     0     9     1     3
 -8.1406966183134504E+00 a       204     0     9     1     4
  5.0707860252527359E-01 a       205     0     9     1     5
  4.4090304246345093E+00 a       206     0     9     1     6
  1.1170785155519619E+01 a       207     0     9     1     7
  4.8565268789015494E+00 a       208     0     9     1     8
 -2.7363321660248299E+00 a       209     0     9     1     9
  8.0089524326114298E-02 a       210     0     9     1    10
 -1.4859319737354582E-01 a       211     0     9     1    11
  6.6002183051455834E+00 a       212     0     9     1    12
 -9.4257850363257152E+00 a       213     0     9     1    13
  1.6377527991025846E+00 a       214     0     9     1    14
  1.2481532758615383E+01 a       215     0     9     1    15
 -2.0557355309430494E+00 a       216     0     9     1    16
  4.9669057794251126E+00 a       217     0     9     1    17
  1.0480867432827122E+01 a       218     0     9     1    18
 -2.0583521052493299E+00 a       219     0     9     1    19
 -2.7234448919803511E+00 a       220     0     9     1    20
 -1.6080600822957138E+01 a       221     0     9     1    21
 -5.9575586848518753E+00 a       222     0     9     1    22
  4.2303914069579660E+00 a       223     0     9     1    23
 -9.7945704277288606E+00 a       224     0     9     1    24
 -3.0716064785468151E+00 a       225     0     9     1    25
  7.1600576027638446E-02 a       226     0    10     1     1
  2.1490451995429602E+01 a       227     0    10     1     2
 -2.4598769216599987E+01 a       228     0    10     1     3
 -2.5718582520034521E+00 a       229     0    10     1     4
 -6.4529853077591746E+00 a       230     0    10     1     5
  5.3550970369776598E+00 a       231     0    10     1     6
  1.5696602415506534E+01 a       232     0    10     1     7
  1.6526027465820420E+01 a       233     0    10     1     8
 -7.9182242875308022E+00 a       234     0    10     1     9
 -3.5414101690396835E+00 a       235     0    10     1    10
 -6.7029064420217201E+00 a       236     0    10     1    11
  9.8252800315778437E+00 a       237     0    10     1    12
 -1.7008842600279579E+00 a       238     0    10     1    13
  7.1908468449253844E+00 a       239     0    10     1    14
  8.1737617229133619E+00 a       240     0    10     1    15
  5.1859106740563421E+00 a       241     0    10     1    16
  1.2203700722179378E+00 a       242     0    10     1    17
  5.5253785848209720E+00 a       243     0    10     1    18
 -5.4176249662241176E+00 a       244     0    10     1    19
 -3.2496902507562822E+00 a       245     0    10     1    20
 -4.8342534267707453E+00 a       246     0    10     1    21
 -2.8179044893446790E+00 a       247     0    10     1    22
  1.0778620913133075E+01 a       248     0    10     1    23
 -8.2940103144378927E+00 a       249     0    10     1    24
  1.4025806351410330E+00 a       250     0    10     1    25
 -6.1829090162290443E+00 a       251     0    11     1     1
 -5.5315305668970343E+00 a       252     0    11     1     2
  8.7800188433251558E-01 a       253     0    11     1     3
 -3.5593423586856976E-01 a       254     0    11     1     4
  1.2367104190915779E+00 a       255     0    11     1     5
 -1.8023038103829063E+00 a       256     0    11     1     6
 -6.0306043747612863E+00 a       257     0    11     1     7
 -2.6952486737174741E+00 a       258     0    11     1     8
 -2.7769906014327770E+00 a       259     0    11     1     9
 -3.9081315004171295E+00 a       260     0    11     1    10
 -2.3291053756863551E+00 a       261     0    11     1    11
 -6.0725156937185947E+00 a       262     0    11     1    12
  6.7189139508777780E+00 a       263     0    11     1    13
  1.6796004446853788E-01 a       264     0    11     1    14
 -5.8382968532970247E+00 a       265     0    11     1    15
 -1.9699759093819162E+00 a       266     0    11     1    16
 -1.9262492787365988E+00 a       267     0    11     1    17
 -9.5747242447150356E+00 a       268     0    11     1    18
  6.6354558143756026E-01 a       269     0    11     1    19
  9.7236204144413807E-01 a       270     0    11     1    20
  4.9207185001391229E+00 a       271     0    11     1    21
 -2.4890981052748554E-01 a       272     0    11     1    22
  8.2984388267394782E-01 a       273     0    11     1    23
  2.6542841957686258E+00 a       274     0    11     1    24
  2.0608387286206761E-01 a       275     0    11     1    25
  3.1105403391449724E+00 a       276     0    12     1     1
 -5.5335709591451643E+00 a       277     0    12     1     2
  6.5916258587413630E+00 a       278     0    12     1     3
 -2.0861649504246360E+00 a       279     0    12     1     4
  3.9775155041520454E+00 a       280     0    12     1     5
 -8.2771770390861530E+00 a       281     0    12     1     6
 -9.0090754786207903E+00 a       282     0    12     1     7
 -9.1499799066047860E+00 a       283     0    12     1     8
  2.5744981030818903E+00 a       284     0    12     1     9
 -1.1103310551275980E+00 a       285     0    12     1    10
 -2.6628581507144391E+00 a       286     0    12     1    11
 -1.2794535634124214E+01 a       287     0    12     1    12
 -3.1868857597786695E+00 a       288     0    12     1    13
 -6.9357319916745768E+00 a       289     0    12     1    14
 -6.2286686236808464E+00 a       290     0    12     1    15
 -3.7475519322423860E+00 a       291     0    12     1    16
 -8.1636266667175816E-01 a       292     0    12     1    17
 -1.0752706798074039E+01 a       293     0    12     1    18
 -1.6870488913737232E+00 a       294     0    12     1    19
 -2.6852554099507446E+00 a       295     0    12     1    20
  4.5912565916682020E+00 a       296     0    12     1    21
 -3.1839808434958745E+00 a       297     0    12     1    22
 -1.4780330372905153E+00 a       298     0    12     1    23
  3.9508606675859448E+00 a       299     0    12     1    24
 -2.8001061573040298E+00 a       300     0    12     1    25
  2.9747251528152496E+00 a       301     0    13     1     1
  2.3191684206574044E+00 a       302     0    13     1     2
 -3.0161557789478475E+00 a       303     0    13     1     3
 -7.7110510641323959E-01 a       304     0    13     1     4
 -1.2237099462359007E+00 a       305     0    13     1     5
  2.5415099248895370E+00 a       306     0    13     1     6
  4.4099985630327341E+00 a       307     0    13     1     7
  2.1180559230529303E-01 a       308     0    13     1     8
 -2.4385547026815624E-01 a       309     0    13     1     9
  4.3952987012630945E-01 a       310     0    13     1    10
 -1.1334149636343337E-01 a       311     0    13     1    11
 -3.3327736817042475E-01 a       312     0    13     1    12
 -1.8129394769606211E+00 a       313     0    13     1    13
 -5.0344183084519434E-01 a       314     0    13     1    14
  3.1506900660086981E+00 a       315     0    13     1    15
  2.0679456312485145E-01 a       316     0    13     1    16
  1.4559123596106778E+00 a       317     0    13     1    17
  2.9172510865463090E+00 a       318     0    13     1    18
 -1.1998862330770277E+00 a       319     0    13     1    19
 -1.0750851738944063E-01 a       320     0    13     1    20
 -1.7256623808978397E+00 a       321     0    13     1    21
 -1.4433864930876936E+00 a       322     0    13     1    22
 -5.1938760624719349E-01 a       323     0    13     1    23
 -1.7317076146390671E+00 a       324     0    13     1    24
 -2.9100883670668520E-01 a       325     0    13     1    25
  1.3838465410375924E+00 a       326     0    14     1     1
  4.7790486579720142E+00 a       327     0    14     1     2
 -7.9274248387069672E+00 a       328     0    14     1     3
  2.0319799848650932E+00 a       329     0    14     1     4
  3.0831359753158166E-01 a       330     0    14     1     5
  1.9669103056620871E+00 a       331     0    14     1     6
  3.1894799389774873E+00 a       332     0    14     1     7
  3.0867989059502086E+00 a       333     0    14     1     8
 -1.4917860353213299E+00 a       334     0    14     1     9
 -6.2757407967183965E-01 a       335     0    14     1    10
  1.1920862610940846E+00 a       336     0    14     1    11
  4.0783105887594822E+00 a       337     0    14     1    12
  3.5148563294166317E+00 a       338     0    14     1    13
  3.5251529431928552E+00 a       339     0    14     1    14
  3.1520912523911737E+00 a       340     0    14     1    15
  2.6248871582444533E+00 a       341     0    14     1    16
 -2.8303362487480765E-01 a       342     0    14     1    17
  5.0813623080425021E+00 a       343     0    14     1    18
 -6.7334607662189261E-01 a       344     0    14     1    19
 -1.1727226410902016E+00 a       345     0    14     1    20
  3.3133345764555844E-01 a       346     0    14     1    21
 -1.6273721898949369E+00 a       347     0    14     1    22
  1.6173064569065585E+00 a       348     0    14     1    23
 -4.4792788179216297E-01 a       349     0    14     1    24
  5.6443902977212124E-01 a       350     0    14     1    25
 -2.4502564378331573E+00 a       351     0    15     1     1
  3.6720724253189441E-01 a       352     0    15     1     2
  1.6926329229853279E+00 a       353     0    15     1     3
  2.5365661051934429E-01 a       354     0    15     1     4
 -2.7074731124151961E-02 a       355     0    15     1     5
 -1.3816625305609593E+00 a       356     0    15     1     6
 -3.4340784627227094E+00 a       357     0    15     1     7
  1.1957459502920422E+00 a       358     0    15     1     8
  1.8323281646937735E+00 a       359     0    15     1     9
 -6.2274626299232072E-01 a       360     0    15     1    10
 -8.9139930076025897E-01 a       361     0    15     1    11
  4.1567675537853133E-01 a       362     0    15     1    12
  1.1968387232840970E-01 a       363     0    15     1    13
 -2.3945102787067402E-01 a       364     0    15     1    14
 -7.6891575352360730E-01 a       365     0    15     1    15
 -1.2906574259751838E-01 a       366     0    15     1    16
 -7.2567583957112602E-01 a       367     0    15     1    17
  3.5529807897615129E-01 a       368     0    15     1    18
 -1.2225358924319678E+00 a       369     0    15     1    19
  5.8433072981832601E-01 a       370     0    15     1    20
  6.6467096189974761E-01 a       371     0    15     1    21
 -7.4550890416561655E-01 a       372     0    15     1    22
  1.5231499751769428E+00 a       373     0    15     1    23
 -1.3888392681389454E+00 a       374     0    15     1    24
 -9.1906795000761887E-01 a       375     0    15     1    25
  1.0314608560098730E+00 a       376     0    16     1     1
  1.7233406110058180E+00 a       377     0    16     1     2
  2.3370864882952661E-01 a       378     0    16     1     3
 -1.1559346935940942E-01 a       379     0    16     1     4
 -3.4425689372368073E-01 a       380     0    16     1     5
 -1.1309297199848907E+00 a       381     0    16     1     6
 -2.2405381789465499E+00 a       382     0    16     1     7
 -1.0737228898539397E+00 a       383     0    16     1     8
 -5.1711165153238936E-01 a       384     0    16     1     9
 -1.1256717495290902E+00 a       385     0    16     1    10
 -1.3532775422734014E+00 a       386     0    16     1    11
 -2.5139518568585756E-01 a       387     0    16     1    12
  1.1853170652832841E+00 a       388     0    16     1    13
 -9.1390294937664851E-01 a       389     0    16     1    14
 -9.1785839464267460E-01 a       390     0    16     1    15
 -2.2727559855895732E-01 a       391     0    16     1    16
 -2.2270707594895236E+00 a       392     0    16     1    17
  2.0597825168647605E+00 a       393     0    16     1    18
 -5.8941581658670672E-01 a       394     0    16     1    19
 -5.0977486796807203E-01 a       395     0    16     1    20
  5.1690697146001996E-01 a       396     0    16     1    21
  2.8039850310514042E-01 a       397     0    16     1    22
  6.4637938599425815E-01 a       398     0    16     1    23
 -1.0335643515162529E+00 a       399     0    16     1    24
 -1.9976817503119615E+00 a       400     0    16     1    25
 -1.7292695871577060E+00 a       401     0    17     1     1
  4.5166224610606398E-01 a       402     0    17     1     2
 -5.9634803430304686E+00 a       403     0    17     1     3
  6.7719142625028566E+00 a       404     0    17     1     4
  1.7894981686933997E+00 a       405     0    17     1     5
 -1.1037505917516526E+01 a       406     0    17     1     6
  4.5526763208194714E+00 a       407     0    17     1     7
 -7.5295349441339487E-01 a       408     0    17     1     8
 -2.1717696321109043E+00 a       409     0    17     1     9
  3.6877722249866012E+00 a       410     0    17     1    10
 -1.4722960910830730E+01 a       411     0    17     1    11
 -2.8879693217329927E+00 a       412     0    17     1    12
  4.8226621977229254E+00 a       413     0    17     1    13
  9.1866832657557325E+00 a       414     0    17     1    14
  1.5198287052369595E+00 a       415     0    17     1    15
 -4.5178517592028555E+00 a       416     0    17     1    16
 -4.5123842279282549E+00 a       417     0    17     1    17
  1.3623165574990689E-01 a       418     0    17     1    18
  3.2140801901162828E+00 a       419     0    17     1    19
 -9.6858708790279902E-01 a       420     0    17     1    20
 -4.8598004417660299E+00 a       421     0    17     1    21
 -8.9622654748798339E-02 a       422     0    17     1    22
 -2.2306745864524222E+00 a       423     0    17     1    23
 -1.7530639631820723E+01 a       424     0    17     1    24
  2.4182787920478188E+00 a       425     0    17     1    25
  5.0758484887324391E+00 a       426     0    18     1     1
 -2.7501577561670794E+00 a       427     0    18     1     2
  3.4547936172646971E+00 a       428     0    18     1     3
 -3.7905702723654615E+00 a       429     0    18     1     4
 -2.2460514666037628E+00 a       430     0    18     1     5
  4.8446997969623524E+00 a       431     0    18     1     6
 -1.8288488323556007E+00 a       432     0    18     1     7
  4.1321295982868316E+00 a       433     0    18     1     8
 -3.3317404284861887E+00 a       434     0    18     1     9
 -2.1329418799261970E+00 a       435     0    18     1    10
  7.0880285235302516E+00 a       436     0    18     1    11
  4.1926074950651904E+00 a       437     0    18     1    12
 -7.3792287150609925E-01 a       438     0    18     1    13
 -3.9015859854192949E+00 a       439     0    18     1    14
  3.9587047524621934E+00 a       440     0    18     1    15
  3.4185793389650367E+00 a       441     0    18     1    16
  5.6644361296142716E+00 a       442     0    18     1    17
  3.0418465576623849E-01 a       443     0    18     1    18
 -4.1819986867591759E+00 a       444     0    18     1    19
 -4.7468590970872944E+00 a       445     0    18     1    20
 -6.0634161146837720E+00 a       446     0    18     1    21
 -2.0816461170569958E+00 a       447     0    18     1    22
  2.0985989603128004E+00 a       448     0    18     1    23
  9.3133641346521241E+00 a       449     0    18     1    24
  5.4994819655124729E+00 a       450     0    18     1    25
 -1.9723039464503763E+01 a       451     0    19     1     1
 -5.6445756815995496E-01 a       452     0    19     1     2
 -5.7411465300809095E+00 a       453     0    19     1     3
 -3.0038627198720782E+00 a       454     0    19     1     4
 -1.7268048377912830E+01 a       455     0    19     1     5
  1.8181224781854852E+00 a       456     0    19     1     6
 -1.7142739915021143E+00 a       457     0    19     1     7
  7.3714094093219797E+00 a       458     0    19     1     8
 -3.9559129264963673E+00 a       459     0    19     1     9
 -8.7953363286949333E+00 a       460     0    19     1    10
  8.4876109774753115E+00 a       461     0    19     1    11
 -7.1862145506121298E+00 a       462     0    19     1    12
  8.6765059771421083E+00 a       463     0    19     1    13
  2.0506383693298787E+01 a       464     0    19     1    14
  3.1722952737003350E+01 a       465     0    19     1    15
 -2.0168963239423658E+01 a       466     0    19     1    16
  5.9149159234979445E+00 a       467     0    19     1    17
 -8.5496376457904937E+00 a       468     0    19     1    18
  1.4945630248006342E+01 a       469     0    19     1    19
  7.9095372182937682E+00 a       470     0    19     1    20
  1.2327505425322755E+01 a       471     0    19     1    21
 -6.8513071112089330E+00 a       472     0    19     1    22
  3.9271490803154845E+00 a       473     0    19     1    23
  1.3195319910867660E+01 a       474     0    19     1    24
 -1.7170325632412307E+01 a       475     0    19     1    25
  1.1277560668644600E-01 a       476     0    20     1     1
  5.3067350612238720E+00 a       477     0    20     1     2
 -7.3600727245288295E+00 a       478     0    20     1     3
  5.5297118867942139E+00 a       479     0    20     1     4
  8.5227602121418826E+00 a       480     0    20     1     5
 -6.8571956863357444E-02 a       481     0    20     1     6
  2.3771699009832536E+00 a       482     0    20     1     7
  1.1415964106573941E+00 a       483     0    20     1     8
  5.0424021769175740E+00 a       484     0    20     1     9
  5.0337629638122721E+00 a       485     0    20     1    10
 -1.1535683969581660E+00 a       486     0    20     1    11
  3.6995786072404071E+00 a       487     0    20     1    12
  8.5834728648214398E-01 a       488     0    20     1    13
 -5.0524282446671376E-01 a       489     0    20     1    14
 -1.1075880258287805E+01 a       490     0    20     1    15
  5.3540221697724624E+00 a       491     0    20     1    16
 -8.1283215413182202E+00 a       492     0    20     1    17
  7.2944859713076209E+00 a       493     0    20     1    18
 -1.2312015026321742E+01 a       494     0    20     1    19
 -8.7296717372072248E+00 a       495     0    20     1    20
 -9.6839169800955478E+00 a       496     0    20     1    21
  4.9615566287263366E+00 a       497     0    20     1    22
 -1.2224837524448432E+01 a       498     0    20     1    23
 -7.0276928290736489E+00 a       499     0    20     1    24
  1.3114777222417430E+01 a       500     0    20     1    25
  6.0219543047396296E-01 a       501     0    21     1     1
  4.7018749742462393E+00 a       502     0    21     1     2
 -1.8271778565433214E+00 a       503     0    21     1     3
 -8.3411033182321537E-01 a       504     0    21     1     4
 -1.4356108378047550E+00 a       505     0    21     1     5
  2.5630103714946526E+00 a       506     0    21     1     6
 -3.6822461496392717E-01 a       507     0    21     1     7
  3.3843416857539550E+00 a       508     0    21     1     8
  1.9473215515365823E+00 a       509     0    21     1     9
  8.7540812868060439E-02 a       510     0    21     1    10
  4.7803718042521908E+00 a       511     0    21     1    11
 -3.0101878775818763E-01 a       512     0    21     1    12
  1.0358249566591811E+00 a       513     0    21     1    13
 -6.4342321099885569E-01 a       514     0    21     1    14
 -5.3090945035658543E-01 a       515     0    21     1    15
  7.4291728572399329E-01 a       516     0    21     1    16
  3.7179357563608888E+00 a       517     0    21     1    17
  1.2401787896302776E+00 a       518     0    21     1    18
 -2.6756688123227237E+00 a       519     0    21     1    19
 -1.3820101278468615E+00 a       520     0    21     1    20
  1.0963338230344868E+00 a       521     0    21     1    21
  1.1401921562621997E+00 a       522     0    21     1    22
 -3.3626909792478199E-01 a       523     0    21     1    23
  9.5994320427729978E+00 a       524     0    21     1    24
 -1.7375678587037100E+00 a       525     0    21     1    25
  8.5836672318134575E+00 a       526     0    22     1     1
 -1.0599977429644369E+01 a       527     0    22     1     2
  6.9548366148295848E+00 a       528     0    22     1     3
 -4.2217940382262649E+00 a       529     0    22     1     4
  6.9435061845615129E+00 a       530     0    22     1     5
 -1.4501352236067382E+00 a       531     0    22     1     6
 -5.3559549153740926E-01 a       532     0    22     1     7
 -3.9886082441784509E+00 a       533     0    22     1     8
  6.1321332262617345E-01 a       534     0    22     1     9
 -4.6901018075414012E+00 a       535     0    22     1    10
 -5.6077062013501697E+00 a       536     0    22     1    11
 -1.3221950447153235E+00 a       537     0    22     1    12
 -3.7134650823571915E+00 a       538     0    22     1    13
 -1.0761052750235304E+01 a       539     0    22     1    14
 -1.2808501001284210E+01 a       540     0    22     1    15
  3.1901995527640943E+00 a       541     0    22     1    16
 -3.0426633408865809E+00 a       542     0    22     1    17
 -1.5528373701401188E-01 a       543     0    22     1    18
 -1.2549401447280721E+00 a       544     0    22     1    19
  3.4399571700153295E+00 a       545     0    22     1    20
  6.9383101146976847E+00 a       546     0    22     1    21
  9.5931511945637904E-01 a       547     0    22     1    22
  5.0926792994764343E+00 a       548     0    22     1    23
 -5.4915672362984402E+00 a       549     0    22     1    24
  7.9090296882994959E+00 a       550     0    22     1    25
  3.4783654065802323E+00 a       551     0    23     1     1
 -5.6983393883483737E+00 a       552     0    23     1     2
 -1.0979961930730529E+01 a       553     0    23     1     3
  7.4443306072240512E-01 a       554     0    23     1     4
 -8.3473408268369909E+00 a       555     0    23     1     5
 -5.7283676051494625E+00 a       556     0    23     1     6
 -5.9137123404599548E+00 a       557     0    23     1     7
 -2.5394745110072754E+00 a       558     0    23     1     8
  8.9200143661155327E+00 a       559     0    23     1     9
  1.8163228487494372E+00 a       560     0    23     1    10
  1.0092301727018469E+01 a       561     0    23     1    11
 -3.0377080340311364E+00 a       562     0    23     1    12
  4.9280322938157095E+00 a       563     0    23     1    13
 -2.0560654091852786E+01 a       564     0    23     1    14
 -5.2002461327776990E+00 a       565     0    23     1    15
 -3.0849532078685686E+00 a       566     0    23     1    16
 -1.0238672868596531E+01 a       567     0    23     1    17
 -3.2708457890956895E-02 a       568     0    23     1    18
 -3.3650345401389128E+00 a       569     0    23     1    19
  1.6536544368714118E+01 a       570     0    23     1    20
  1.4209070380667434E+01 a       571     0    23     1    21
 -4.2827256715961042E+00 a       572     0    23     1    22
  4.4891164011889737E+00 a       573     0    23     1    23
  4.1901632998675282E+00 a       574     0    23     1    24
  2.0683232855631295E+00 a       575     0    23     1    25
 -9.8685643150349933E-01 a       576     0    24     1     1
 -3.6353202716810489E+00 a       577     0    24     1     2
 -4.8166170262642662E+00 a       578     0    24     1     3
  1.5761721149176997E+00 a       579     0    24     1     4
  6.8647202834369692E+00 a       580     0    24     1     5
  2.1238578409922255E+01 a       581     0    24     1     6
  9.1620395101021490E+00 a       582     0    24     1     7
  6.8129908642346075E+00 a       583     0    24     1     8
 -1.0419584833228708E+00 a       584     0    24     1     9
 -5.0390109407766870E+00 a       585     0    24     1    10
 -2.2453206155106638E+01 a       586     0    24     1    11
 -9.8378664189099094E+00 a       587     0    24     1    12
 -4.4605288222155286E+00 a       588     0    24     1    13
  1.0962128455599739E+01 a       589     0    24     1    14
 -6.0719718801988920E+00 a       590     0    24     1    15
 -1.8520486231017987E+01 a       591     0    24     1    16
  1.3419832344058533E+00 a       592     0    24     1    17
 -8.1459802549750773E+00 a       593     0    24     1    18
  4.4651983353819187E+00 a       594     0    24     1    19
 -2.0127072227477772E+01 a       595     0    24     1    20
 -8.9970423479736699E+00 a       596     0    24     1    21
 -1.0238779327345874E+01 a       597     0    24     1    22
  1.4560472242551263E+01 a       598     0    24     1    23
 -1.5331561932617564E+01 a       599     0    24     1    24
 -3.7998428246627838E+00 a       600     0    24     1    25
 -1.3418243124066462E+00 a       601     0    25     1     1
 -1.6332235015625172E+00 a       602     0    25     1     2
  7.5083488531417046E+00 a       603     0    25     1     3
  1.0855580252579589E+00 a       604     0    25     1     4
  4.2499468164152558E+00 a       605     0    25     1     5
 -1.6356820698731042E+01 a       606     0    25     1     6
  2.0949852263056155E+00 a       607     0    25     1     7
 -6.6808141947011830E+00 a       608     0    25     1     8
 -1.4449396829023144E+01 a       609     0    25     1     9
  9.9135484742403239E+00 a       610     0    25     1    10
  7.2746184589456231E+00 a       611     0    25     1    11
  2.0955070293825226E+00 a       612     0    25     1    12
  3.1961181698230012E+00 a       613     0    25     1    13
  1.1306476116689758E+01 a       614     0    25     1    14
 -3.4127286012447533E-01 a       615     0    25     1    15
 -6.8151618030396817E+00 a       616     0    25     1    16
 -2.2136543187313730E+01 a       617     0    25     1    17
  1.3706593617135949E+01 a       618     0    25     1    18
 -1.5557035351075191E+01 a       619     0    25     1    19
 -2.7444720551310370E-01 a       620     0    25     1    20
 -3.3017854054306149E+01 a       621     0    25     1    21
  5.6193702295057140E+00 a       622     0    25     1    22
 -2.3295840403799513E+01 a       623     0    25     1    23
  5.7878994186785704E+00 a       624     0    25     1    24
 -5.1388010961839092E-01 a       625     0    25     1    25
 -3.8407565335893996E+00 a       626     0    26     1     1
  1.4111657101065861E+01 a       627     0    26     1     2
 -3.1916866538210686E+00 a       628     0    26     1     3
  1.0926374915259137E+01 a       629     0    26     1     4
 -1.0919676980872769E+01 a       630     0    26     1     5
  1.2500239283824870E+00 a       631     0    26     1     6
  8.6751671104285055E+00 a       632     0    26     1     7
  1.4795753666380020E+00 a       633     0    26     1     8
  1.6155280270937804E+00 a       634     0    26     1     9
  8.4392094286258867E+00 a       635     0    26     1    10
 -1.7806864660983157E+00 a       636     0    26     1    11
  1.6567050081717912E+01 a       637     0    26     1    12
  4.4546298861567052E-01 a       638     0    26     1    13
  2.7517738469802371E+00 a       639     0    26     1    14
  4.1902865451138069E+00 a       640     0    26     1    15
 -4.4961989101786219E+00 a       641     0    26     1    16
  8.0517228076803011E+00 a       642     0    26     1    17
 -3.3773687220897202E+00 a       643     0    26     1    18
  1.0927269821775432E+00 a       644     0    26     1    19
 -5.7567657614816463E+00 a       645     0    26     1    20
 -8.9554076546053256E+00 a       646     0    26     1    21
 -5.1852487253385526E-01 a       647     0    26     1    22
 -4.5034476221624171E+00 a       648     0    26     1    23
  3.7261802883572637E+00 a       649     0    26     1    24
 -1.4454886633140502E+01 a       650     0    26     1    25
 -1.2527115072291402E+01 a       651     0    27     1     1
  3.2022826103656385E+01 a       652     0    27     1     2
 -8.6609454261697927E+00 a       653     0    27     1     3
 -6.7100708489519363E+00 a       654     0    27     1     4
  3.6972361064928414E+00 a       655     0    27     1     5
 -1.8606474985744650E+00 a       656     0    27     1     6
 -9.2142011353721518E+00 a       657     0    27     1     7
 -4.2989347663235868E+00 a       658     0    27     1     8
  2.0497938525196009E+01 a       659     0    27     1     9
 -6.1707158553424186E+00 a       660     0    27     1    10
  6.1482651276181972E+00 a       661     0    27     1    11
 -7.6272246183442522E+00 a       662     0    27     1    12
 -1.3464441432522284E+01 a       663     0    27     1    13
 -1.3282154572992578E+01 a       664     0    27     1    14
 -9.4393296969899581E+00 a       665     0    27     1    15
  1.9846622288264040E+01 a       666     0    27     1    16
 -1.0968019604495067E+01 a       667     0    27     1    17
  3.0906352245919415E+01 a       668     0    27     1    18
 -7.1863205446757421E+00 a       669     0    27     1    19
  1.3947125508077546E+01 a       670     0    27     1    20
 -3.9374543766439825E+00 a       671     0    27     1    21
  1.2755193988930895E+01 a       672     0    27     1    22
  1.9556061134023842E+01 a       673     0    27     1    23
 -1.6710993026032387E+01 a       674     0    27     1    24
  2.7558807946475387E+01 a       675     0    27     1    25
  1.3498556113156386E+01 a       676     0    28     1     1
 -1.2595222213847585E+01 a       677     0    28     1     2
  1.3059496396268651E+01 a       678     0    28     1     3
 -4.2346285465511961E+00 a       679     0    28     1     4
 -4.7628893092544269E+00 a       680     0    28     1     5
  5.3708011376424141E+00 a       681     0    28     1     6
 -5.6631124290523669E+00 a       682     0    28     1     7
 -3.2544860212708628E+00 a       683     0    28     1     8
 -3.5439592145888157E+00 a       684     0    28     1     9
  2.7001661163813924E+00 a       685     0    28     1    10
 -5.6516825495519969E+00 a       686     0    28     1    11
 -2.0998595691012084E-01 a       687     0    28     1    12
 -2.0236681268295520E+00 a       688     0    28     1    13
 -1.2791819288092849E+01 a       689     0    28     1    14
  4.0428928590109754E+00 a       690     0    28     1    15
  1.1656061065824735E+01 a       691     0    28     1    16
  1.5232183288894353E+01 a       692     0    28     1    17
 -1.9024889412263175E+01 a       693     0    28     1    18
  1.6416115247988685E+01 a       694     0    28     1    19
  6.6323756867567267E+00 a       695     0    28     1    20
  2.8664861919803631E+01 a       696     0    28     1    21
 -7.2768021347043339E+00 a       697     0    28     1    22
  1.1782564429401759E+01 a       698     0    28     1    23
  9.4940121786267699E+00 a       699     0    28     1    24
 -2.0626017027810057E+01 a       700     0    28     1    25
  5.4564925232190022E+00 a       701     0    29     1     1
 -1.7471305326002411E+00 a       702     0    29     1     2
  4.1926912905224514E+00 a       703     0    29     1     3
 -2.2043404168482475E-01 a       704     0    29     1     4
  5.2059300815168381E+00 a       705     0    29     1     5
 -4.3821818303390643E+00 a       706     0    29     1     6
  5.7560594141409940E+00 a       707     0    29     1     7
 -1.2684546025995467E+00 a       708     0    29     1     8
  7.4715533692761038E-01 a       709     0    29     1     9
  5.0804100439514466E+00 a       710     0    29     1    10
 -5.8301338386237189E-01 a       711     0    29     1    11
  5.8201654143054444E+00 a       712     0    29     1    12
 -1.5056124710927723E+00 a       713     0    29     1    13
  4.4334591488479678E+00 a       714     0    29     1    14
  1.4273349685156607E+00 a       715     0    29     1    15
  4.1071144805422044E+00 a       716     0    29     1    16
  4.4393655751883809E+00 a       717     0    29     1    17
  1.7376726333463677E+00 a       718     0    29     1    18
 -2.4936897889464085E+00 a       719     0    29     1    19
 -4.6805748707275940E+00 a       720     0    29     1    20
 -1.3374292694101507E-02 a       721     0    29     1    21
  6.3264901722781941E+00 a       722     0    29     1    22
 -9.3338186593706585E+00 a       723     0    29     1    23
  3.4683721657708955E-01 a       724     0    29     1    24
  3.6360984540518269E+00 a       725     0    29     1    25
 -2.4753694715670580E+00 a       726     0    30     1     1
 -6.1206815796261411E+00 a       727     0    30     1     2
 -4.1205862138316425E+00 a       728     0    30     1     3
 -4.4106519431511498E-01 a       729     0    30     1     4
  1.2256396324590884E+00 a       730     0    30     1     5
  2.2734206700159190E+00 a       731     0    30     1     6
 -4.9280051879771580E+00 a       732     0    30     1     7
  4.1490126619463163E+00 a       733     0    30     1     8
 -3.0503110952373785E-01 a       734     0    30     1     9
 -2.7396509273398668E+00 a       735     0    30     1    10
  8.4628188751775753E+00 a       736     0    30     1    11
 -4.6997416063358974E+00 a       737     0    30     1    12
  9.7057697458708025E-01 a       738     0    30     1    13
 -6.8174367196035568E-01 a       739     0    30     1    14
  8.0181815455998118E-01 a       740     0    30     1    15
  5.9518139723182344E+00 a       741     0    30     1    16
 -4.1228074296484046E-01 a       742     0    30     1    17
  3.0663395571538086E+00 a       743     0    30     1    18
  7.4821099356884924E-01 a       744     0    30     1    19
  1.4757098364480594E+00 a       745     0    30     1    20
  5.1396916903880241E+00 a       746     0    30     1    21
 -4.1216492755380187E+00 a       747     0    30     1    22
  1.9195154492181907E+00 a       748     0    30     1    23
  1.6952068457115814E+00 a       749     0    30     1    24
  4.5481751046313237E+00 a       750     0    30     1    25
 -4.4029995076955497E-01 b       751     1     1
  1.1875199506655931E+00 b       752     1     2
 -1.0072975761832472E+00 b       753     1     3
  1.1269480170986643E+00 b       754     1     4
 -5.4690678830332007E-01 b       755     1     5
 -1.9095095586173897E-02 b       756     1     6
  5.1952563641455640E-01 b       757     1     7
 -2.2579296567422891E-01 b       758     1     8
 -7.1337575636933492E-01 b       759     1     9
  4.2077372664417778E-01 b       760     1    10
 -5.5068983556510875E-01 b       761     1    11
 -2.7083172190249527E-01 b       762     1    12
 -1.6529254663873032E+00 b       763     1    13
 -1.5184296754573643E-02 b       764     1    14
  2.6295778522932983E-01 b       765     1    15
  7.0983512668772142E-01 b       766     1    16
 -7.8938733403842332E-01 b       767     1    17
  6.8639456939324173E-01 b       768     1    18
 -1.5064014675240915E+00 b       769     1    19
  4.7180793707766934E-02 b       770     1    20
 -1.4712532247897012E-01 b       771     1    21
 -1.0672960878905278E+00 b       772     1    22
  2.8318072105181707E-01 b       773     1    23
 -1.3656403458350681E+00 b       774     1    24
 -4.3733077868383863E-01 b       775     1    25
  1.7111515737511074E+00 a       776     1     1     2     1
  3.7924277466026296E-01 a       777     1     1     2     2
  6.9839526010495256E-01 a       778     1     1     2     3
 -2.5395177717942580E-01 a       779     1     1     2     4
  6.4415029889589814E-01 a       780     1     1     2     5
  6.5856555199705036E-01 a       781     1     1     2     6
 -6.3939086215473306E-01 a       782     1     1     2     7
 -1.6889895204036576E-01 a       783     1     1     2     8
  1.3406053071441475E+00 a       784     1     1     2     9
 -1.1188440295377882E+00 a       785     1     1     2    10
 -8.8143178880091400E-01 a       786     1     1     2    11
 -4.9488534656543326E-01 a       787     1     1     2    12
  3.8684212259876871E-01 a       788     1     1     2    13
  1.2360748018306698E+00 a       789     1     1     2    14
 -7.2579204327920355E-01 a       790     1     1     2    15
  1.2960952419298292E-02 a       791     1     1     2    16
  2.6654367615280233E-01 a       792     1     1     2    17
 -3.4312024839518984E-01 a       793     1     1     2    18
  7.2209112810002807E-01 a       794     1     1     2    19
  4.2067811393076848E-01 a       795     1     1     2    20
  5.1065284360048657E-01 a       796     1     1     2    21
 -1.0102772972293319E+00 a       797     1     1     2    22
  5.4226804505422846E-02 a       798     1     1     2    23
  8.6235466027489871E-01 a       799     1     1     2    24
  2.1160235841890196E+00 a       800     1     1     2    25
  1.7393141292997794E+00 a       801     1     2     2     1
  2.9494508109124851E-01 a       802     1     2     2     2
 -7.8991062868565864E-01 a       803     1     2     2     3
  2.5336565200986666E-01 a       804     1     2     2     4
 -6.9167035071917238E-01 a       805     1     2     2     5
  5.9480570696112578E-01 a       806     1     2     2     6
  4.1617254277936494E-01 a       807     1     2     2     7
  1.0351575805650892E+00 a       808     1     2     2     8
  7.7942040397424017E-01 a       809     1     2     2     9
 -2.1844363149317134E+00 a       810     1     2     2    10
  7.2580822525498967E-01 a       811     1     2     2    11
  3.3564395518064377E-01 a       812     1     2     2    12
  1.7239257745905443E+00 a       813     1     2     2    13
 -1.4347686854368709E+00 a       814     1     2     2    14
 -6.8278618036171201E-01 a       815     1     2     2    15
  1.0984650118386823E+00 a       816     1     2     2    16
  1.6658209454673292E-02 a       817     1     2     2    17
 -5.5620515510212676E-01 a       818     1     2     2    18
  1.1780699571047698E-01 a       819     1     2     2    19
 -3.4259981396647077E-01 a       820     1     2     2    20
  1.3177299334837398E+00 a       821     1     2     2    21
 -2.1557770919168495E-01 a       822     1     2     2    22
  4.1076707708139509E-01 a       823     1     2     2    23
 -7.2987907797137175E-01 a       824     1     2     2    24
  2.7860604829003970E+00 a       825     1     2     2    25
  9.3080005814735534E-01 a       826     1     3     2     1
 -2.1694439603767895E-01 a       827     1     3     2     2
 -5.1845705659049213E-01 a       828     1     3     2     3
  9.7754389975989475E-01 a       829     1     3     2     4
  4.7390700908575067E-01 a       830     1     3     2     5
 -1.2092008762911350E+00 a       831     1     3     2     6
  1.4525467039911872E+00 a       832     1     3     2     7
  7.5591394300419712E-01 a       833     1     3     2     8
  1.1123560017396397E+00 a       834     1     3     2     9
  2.0189898053479899E-01 a       835     1     3     2    10
  1.3961970687440162E+00 a       836     1     3     2    11
 -1.2255514279270994E+00 a       837     1     3     2    12
  3.4889754768155667E-01 a       838     1     3     2    13
  2.4272085096451965E+00 a       839     1     3     2    14
  1.0116412053675663E+00 a       840     1     3     2    15
 -5.8773654955538746E-01 a       841     1     3     2    16
  3.2716340965888679E-01 a       842     1     3     2    17
  3.5782908638719618E-01 a       843     1     3     2    18
 -1.7188846141906031E+00 a       844     1     3     2    19
 -7.2333998309919845E-01 a       845     1     3     2    20
 -7.1305203959576846E-01 a       846     1     3     2    21
  1.6459711920842630E+00 a       847     1     3     2    22
  1.0951624784304224E+00 a       848     1     3     2    23
  1.5203903156936251E+00 a       849     1     3     2    24
 -2.8858003183044628E-01 a       850     1     3     2    25
 -5.7543920050801567E-01 a       851     1     4     2     1
 -2.1988636911575310E+00 a       852     1     4     2     2
 -2.3171225442455681E+00 a       853     1     4     2     3
  2.0180781052626240E+00 a       854     1     4     2     4
 -6.9355759846854859E-01 a       855     1     4     2     5
  2.1025960161266517E+00 a       856     1     4     2     6
  6.4542635154856998E-01 a       857     1     4     2     7
 -3.1252347983626694E-02 a       858     1     4     2     8
 -8.0220647464997352E-01 a       859     1     4     2     9
 -4.1387014385184324E+00 a       860     1     4     2    10
  1.6841927152911482E+00 a       861     1     4     2    11
 -1.0561812471454368E+00 a       862     1     4     2    12
  3.1921123511144378E+00 a       863     1     4     2    13
 -4.3688538457726328E-01 a       864     1     4     2    14
  1.1981635401759623E-01 a       865     1     4     2    15
  2.8979266302345730E+00 a       866     1     4     2    16
  5.4780963343299804E-01 a       867     1     4     2    17
 -1.2587667638330626E+00 a       868     1     4     2    18
  3.7900461895118935E+00 a       869     1     4     2    19
  1.6141744312468915E+00 a       870     1     4     2    20
 -2.3123958441188486E+00 a       871     1     4     2    21
 -9.3593649596299600E-01 a       872     1     4     2    22
  7.4514292235923729E-01 a       873     1     4     2    23
  1.1402423000020887E+00 a       874     1     4     2    24
  4.3189620339788737E-02 a       875     1     4     2    25
  2.6061229464812274E-01 a       876     1     5     2     1
  1.8968373725240171E+00 a       877     1     5     2     2
  1.1010764195026879E-01 a       878     1     5     2     3
  6.1818931781003994E-01 a       879     1     5     2     4
  1.1883785074088554E-01 a       880     1     5     2     5
 -3.6338697751520335E-02 a       881     1     5     2     6
  6.2690642632360283E-01 a       882     1     5     2     7
 -5.8366807903910145E-01 a       883     1     5     2     8
 -1.6544087444862348E+00 a       884     1     5     2     9
  1.1362094785104246E+00 a       885     1     5     2    10
  2.2554782787271666E-01 a       886     1     5     2    11
 -1.4758017748081456E-01 a       887     1     5     2    12
 -1.2082813851722520E+00 a       888     1     5     2    13
  2.6209483504992002E+00 a       889     1     5     2    14
 -7.0881041192883854E-01 a       890     1     5     2    15
 -7.0832029545897859E-02 a       891     1     5     2    16
 -1.2360422292239444E+00 a       892     1     5     2    17
 -9.8524002829187185E-01 a       893     1     5     2    18
  2.9266333352751028E-01 a       894     1     5     2    19
 -5.1543829375145744E-01 a       895     1     5     2    20
 -1.5826365498682977E+00 a       896     1     5     2    21
 -1.7616752683754018E+00 a       897     1     5     2    22
 -8.3069615857836443E-01 a       898     1     5     2    23
 -3.2236266687085413E-01 a       899     1     5     2    24
 -9.2448763030902636E-01 a       900     1     5     2    25
 -1.8806003828065357E-01 a       901     1     6     2     1
  3.5407141049739765E-01 a       902     1     6     2     2
  1.6147598592120771E-01 a       903     1     6     2     3
 -1.2767288149176657E+00 a       904     1     6     2     4
 -4.9149535728661303E-01 a       905     1     6     2     5
 -1.1133237599360482E+00 a       906     1     6     2     6
 -2.0431395540603350E+00 a       907     1     6     2     7
 -4.4320589575597286E-01 a       908     1     6     2     8
  8.5709211958660625E-01 a       909     1     6     2     9
  3.4222533580476500E-01 a       910     1     6     2    10
 -8.7482849005615493E-01 a       911     1     6     2    11
 -5.3998026052962922E-01 a       912     1     6     2    12
  1.3198765873122125E+00 a       913     1     6     2    13
  2.2672846205277312E-03 a       914     1     6     2    14
 -9.0179757028878615E-01 a       915     1     6     2    15
 -9.8604068149042101E-01 a       916     1     6     2    16
 -1.1502566167912589E+00 a       917     1     6     2    17
  6.7699390519268576E-01 a       918     1     6     2    18
 -9.7711640750312667E-01 a       919     1     6     2    19
  6.2295021757553934E-04 a       920     1     6     2    20
  2.3224991262778694E-01 a       921     1     6     2    21
  1.4120028306293944E+00 a       922     1     6     2    22
  4.0156110176881499E-01 a       923     1     6     2    23
 -1.3179318737817771E+00 a       924     1     6     2    24
 -3.1027818405774898E-01 a       925     1     6     2    25
 -8.8989545798989589E-01 a       926     1     7     2     1
  5.8679382540256297E-01 a       927     1     7     2     2
 -1.5935399567346464E-01 a       928     1     7     2     3
  2.2934082953015014E-01 a       929     1     7     2     4
 -1.9658212512380435E-01 a       930     1     7     2     5
 -6.6517015640363919E-01 a       931     1     7     2     6
 -6.4136359974510093E-01 a       932     1     7     2     7
 -6.3232218582724556E-02 a       933     1     7     2     8
 -6.6879908660415588E-01 a       934     1     7     2     9
  1.2428167521645228E+00 a       935     1     7     2    10
 -8.2249919926422510E-01 a       936     1     7     2    11
 -3.0656500050343163E-02 a       937     1     7     2    12
  3.0245193371804707E-01 a       938     1     7     2    13
 -1.0813859703103257E+00 a       939     1     7     2    14
 -4.4290419513965290E-01 a       940     1     7     2    15
 -7.5895991620985803E-01 a       941     1     7     2    16
 -1.1544063100403075E+00 a       942     1     7     2    17
  1.2460006420502370E+00 a       943     1     7     2    18
 -4.5158108674400604E-01 a       944     1     7     2    19
  6.0695157096847219E-01 a       945     1     7     2    20
  3.4892033513871767E-01 a       946     1     7     2    21
 -2.0292697104658405E-01 a       947     1     7     2    22
 -3.5487472024507144E-01 a       948     1     7     2    23
  9.7177652080496460E-02 a       949     1     7     2    24
  5.6063701129512189E-01 a       950     1     7     2    25
 -1.7014107912925411E+00 a       951     1     8     2     1
 -5.5077417686581631E-01 a       952     1     8     2     2
 -8.1087174870314166E-03 a       953     1     8     2     3
 -1.5130728370674718E+00 a       954     1     8     2     4
 -4.4309915388476390E-01 a       955     1     8     2     5
  3.2552492774789754E-01 a       956     1     8     2     6
  9.8294223235127223E-02 a       957     1     8     2     7
  2.2429422152881320E+00 a       958     1     8     2     8
  1.1047489744794792E-01 a       959     1     8     2     9
  1.2196382146215856E+00 a       960     1     8     2    10
 -1.8498590965777983E-01 a       961     1     8     2    11
  4.7814578585029399E-01 a       962     1     8     2    12
  1.9261675912521998E+00 a       963     1     8     2    13
 -1.1872066353623985E-02 a       964     1     8     2    14
 -3.8703506439266205E-01 a       965     1     8     2    15
  6.0753973362755365E-01 a       966     1     8     2    16
  4.8545787828007286E-01 a       967     1     8     2    17
 -2.6389711781305042E-01 a       968     1     8     2    18
 -2.4874803530647410E-01 a       969     1     8     2    19
  1.1733758946558321E+00 a       970     1     8     2    20
 -1.7429113835882831E-02 a       971     1     8     2    21
  6.3359530388787377E-01 a       972     1     8     2    22
 -2.1687935515778248E-02 a       973     1     8     2    23
  6.6140861740407564E-01 a       974     1     8     2    24
  1.6873276336165810E+00 a       975     1     8     2    25
  2.4346851485886345E-01 a       976     1     9     2     1
 -4.6848400115811439E-01 a       977     1     9     2     2
 -4.3813777156708628E-01 a       978     1     9     2     3
  2.5272060507881289E-01 a       979     1     9     2     4
 -7.4495270220809617E-01 a       980     1     9     2     5
 -8.5073792211444437E-03 a       981     1     9     2     6
 -4.1101150864715663E-01 a       982     1     9     2     7
  2.6771561320666548E-01 a       983     1     9     2     8
  4.5141318108975981E-01 a       984     1     9     2     9
 -2.3403558002042533E+00 a       985     1     9     2    10
  1.8757961745824667E-01 a       986     1     9     2    11
  1.1182879144288225E+00 a       987     1     9     2    12
  6.6812332596694979E-01 a       988     1     9     2    13
  3.3286252998223964E-02 a       989     1     9     2    14
 -1.5258429709433369E-01 a       990     1     9     2    15
  1.5712266538151507E+00 a       991     1     9     2    16
 -2.0606188630749775E+00 a       992     1     9     2    17
  3.5100660481807955E-01 a       993     1     9     2    18
  9.8770572494217812E-01 a       994     1     9     2    19
 -1.7766281383528353E+00 a       995     1     9     2    20
  8.2634650080077032E-02 a       996     1     9     2    21
 -1.0728525162246918E+00 a       997     1     9     2    22
 -5.4047972772504331E-02 a       998     1     9     2    23
 -1.1112937172471089E+00 a       999     1     9     2    24
 -4.5902001048091551E-01 a      1000     1     9     2    25
  1.1236221355131137E+00 a      1001     1    10     2     1
  2.7061758180265710E-01 a      1002     1    10     2     2
 -7.0019561830688415E-03 a      1003     1    10     2     3
 -2.4961216865133881E-01 a      1004     1    10     2     4
  6.4946590711385355E-01 a      1005     1    10     2     5
  1.7478924837074086E-01 a      1006     1    10     2     6
 -2.6570579402282773E-01 a      1007     1    10     2     7
  1.4384840142633115E+00 a      1008     1    10     2     8
 -1.0213820083612155E+00 a      1009     1    10     2     9
  9.6776819487654497E-01 a      1010     1    10     2    10
 -2.4704975416469518E-01 a      1011     1    10     2    11
  6.0007133116509359E-01 a      1012     1    10     2    12
 -1.2362501132432595E+00 a      1013     1    10     2    13
  1.8019655472311256E+00 a      1014     1    10     2    14
 -2.9725140164616326E-01 a      1015     1    10     2    15
  2.4483172084575866E-01 a      1016     1    10     2    16
 -1.2312878036394086E+00 a      1017     1    10     2    17
  2.1605176702892531E-01 a      1018     1    10     2    18
  3.3962500107328075E-01 a      1019     1    10     2    19
  3.2689490849910430E-01 a      1020     1    10     2    20
  1.1514494779592628E+00 a      1021     1    10     2    21
 -2.7262721695034053E-01 a      1022     1    10     2    22
 -1.3361394472960788E+00 a      1023     1    10     2    23
  7.0250726653629900E-02 a      1024     1    10     2    24
  9.6785418028383741E-01 a      1025     1    10     2    25
  1.2632898722943500E+00 a      1026     1    11     2     1
 -1.2906097209257732E+00 a      1027     1    11     2     2
 -6.0081625833173835E-01 a      1028     1    11     2     3
 -5.3183117407686142E-01 a      1029     1    11     2     4
  1.0080421797818733E+00 a      1030     1    11     2     5
  1.4890047491077198E+00 a      1031     1    11     2     6
  6.8040182194043042E-01 a      1032     1    11     2     7
  8.3171854038947790E-01 a      1033     1    11     2     8
  9.1685876445826686E-01 a      1034     1    11     2     9
 -1.6769232269716881E+00 a      1035     1    11     2    10
  1.4239291678590866E+00 a      1036     1    11     2    11
 -9.3629294159972232E-01 a      1037     1    11     2    12
 -3.0040284970168407E-01 a      1038     1    11     2    13
  2.0715161051034978E+00 a      1039     1    11     2    14
  8.7535406715591113E-01 a      1040     1    11     2    15
  2.3920790537142569E+00 a      1041     1    11     2    16
  5.2993201246635213E-01 a      1042     1    11     2    17
  6.4718425987265835E-02 a      1043     1    11     2    18
  1.0899228829787755E+00 a      1044     1    11     2    19
 -7.5636887696351551E-01 a      1045     1    11     2    20
 -3.9477288459806881E-01 a      1046     1    11     2    21
 -1.5307753639739205E-01 a      1047     1    11     2    22
  2.7683707170582297E-02 a      1048     1    11     2    23
  1.7780477671564271E-01 a      1049     1    11     2    24
 -1.2092631862592893E+00 a      1050     1    11     2    25
  1.6186399770009283E-01 a      1051     1    12     2     1
 -2.6693805858891184E-01 a      1052     1    12     2     2
 -3.7519545808572857E-01 a      1053     1    12     2     3
  2.6702901127870088E-01 a      1054     1    12     2     4
 -6.2574851494398076E-01 a      1055     1    12     2     5
  1.9013850064306062E-01 a      1056     1    12     2     6
  1.2069295280521002E+00 a      1057     1    12     2     7
  8.3698133556486851E-02 a      1058     1    12     2     8
 -1.1294598070751785E+00 a      1059     1    12     2     9
 -6.7275489715154468E-01 a      1060     1    12     2    10
  1.1831151455762421E+00 a      1061     1    12     2    11
 -8.8700429979623718E-01 a      1062     1    12     2    12
  1.7660175262085114E+00 a      1063     1    12     2    13
 -2.8810746573612684E+00 a      1064     1    12     2    14
 -7.8351882710911114E-01 a      1065     1    12     2    15
  4.0810359768657112E-01 a      1066     1    12     2    16
  7.6471105712231724E-03 a      1067     1    12     2    17
  1.6378704512141146E-02 a      1068     1    12     2    18
  2.8410260246594660E-01 a      1069     1    12     2    19
  1.8700080452365617E+00 a      1070     1    12     2    20
  3.5744096835473688E-01 a      1071     1    12     2    21
 -2.9328321585590983E-02 a      1072     1    12     2    22
 -5.2845093117021713E-01 a      1073     1    12     2    23
  1.1268574089940451E+00 a      1074     1    12     2    24
  1.9770542165826511E-02 a      1075     1    12     2    25
  5.1944608102174472E-01 a      1076     1    13     2     1
 -1.1609802414851815E+00 a      1077     1    13     2     2
 -1.0047223770146561E+00 a      1078     1    13     2     3
  1.4961151344943049E+00 a      1079     1    13     2     4
  3.8828898196076095E-01 a      1080     1    13     2     5
  2.7060479771284712E-01 a      1081     1    13     2     6
 -6.4212930018728920E-01 a      1082     1    13     2     7
 -2.4225727139592457E+00 a      1083     1    13     2     8
 -9.1347241406990923E-02 a      1084     1    13     2     9
  6.6681640493366612E-01 a      1085     1    13     2    10
 -1.8613983005193691E+00 a      1086     1    13     2    11
  1.2998953052416608E-02 a      1087     1    13     2    12
 -2.7811305393111847E+00 a      1088     1    13     2    13
  6.8995029508395556E+00 a      1089     1    13     2    14
 -1.1058342163910186E+00 a      1090     1    13     2    15
  1.4025444196912396E+00 a      1091     1    13     2    16
  8.6363069738837095E-01 a      1092     1    13     2    17
  1.4544635822290133E+00 a      1093     1    13     2    18
 -8.6510350823671534E-01 a      1094     1    13     2    19
  4.0414106119134885E-01 a      1095     1    13     2    20
 -1.2702918128653440E+00 a      1096     1    13     2    21
  7.6292252470624100E-01 a      1097     1    13     2    22
 -1.2235867626895287E+00 a      1098     1    13     2    23
 -1.5555117909183467E+00 a      1099     1    13     2    24
 -3.1397867079838067E+00 a      1100     1    13     2    25
  1.1025094099680630E+00 a      1101     1    14     2     1
 -1.5904793440325318E+00 a      1102     1    14     2     2
  1.6964411711054134E-01 a      1103     1    14     2     3
  3.4993422997146506E-01 a      1104     1    14     2     4
 -7.7646373407529667E-02 a      1105     1    14     2     5
 -1.1639766442927617E+00 a      1106     1    14     2     6
  1.1055727455940741E-01 a      1107     1    14     2     7
 -6.8455949938484051E-01 a      1108     1    14     2     8
  7.0925831286622176E-01 a      1109     1    14     2     9
  1.3293574575798717E+00 a      1110     1    14     2    10
  8.6060368118698483E-01 a      1111     1    14     2    11
 -2.2370696884783867E-01 a      1112     1    14     2    12
  3.6706248605386615E-01 a      1113     1    14     2    13
 -7.0714626654885471E-01 a      1114     1    14     2    14
  8.8754333098995775E-01 a      1115     1    14     2    15
 -1.0467954770971571E-02 a      1116     1    14     2    16
 -2.4156155380224559E-01 a      1117     1    14     2    17
  1.5629470956156513E+00 a      1118     1    14     2    18
 -7.4773300633268136E-01 a      1119     1    14     2    19
 -5.2830560112330593E-01 a      1120     1    14     2    20
  1.2519419851569877E+00 a      1121     1    14     2    21
  2.6724305487121564E-01 a      1122     1    14     2    22
  8.1532498017219152E-02 a      1123     1    14     2    23
  5.6412854433313286E-01 a      1124     1    14     2    24
 -5.9505623756594561E-01 a      1125     1    14     2    25
 -8.9096273976609219E-01 a      1126     1    15     2     1
  4.9317589165695108E-01 a      1127     1    15     2     2
 -1.0943353446717969E+00 a      1128     1    15     2     3
 -8.0716123991556699E-01 a      1129     1    15     2     4
  1.1107187347050697E-01 a      1130     1    15     2     5
  1.2886086478041821E+00 a      1131     1    15     2     6
 -1.1868608752121185E-01 a      1132     1    15     2     7
 -7.8470371595911170E-01 a      1133     1    15     2     8
  1.2800782019625201E-01 a      1134     1    15     2     9
 -2.6220980586785642E-01 a      1135     1    15     2    10
 -1.1547144863292367E+00 a      1136     1    15     2    11
 -1.6672902172986459E+00 a      1137     1    15     2    12
 -1.0335522082222453E+00 a      1138     1    15     2    13
  2.5819628500095195E+00 a      1139     1    15     2    14
 -4.1987812377703609E-01 a      1140     1    15     2    15
  1.2304987821708586E+00 a      1141     1    15     2    16
 -5.6450177685862768E-01 a      1142     1    15     2    17
 -9.9538555033172049E-01 a      1143     1    15     2    18
  6.4007165636966856E-01 a      1144     1    15     2    19
 -4.5545638416694967E-01 a      1145     1    15     2    20
  1.4525530003736206E-01 a      1146     1    15     2    21
  3.7011921307278262E-02 a      1147     1    15     2    22
 -3.0424404529676352E-01 a      1148     1    15     2    23
 -3.1865425873185665E-01 a      1149     1    15     2    24
 -2.7889645201637858E+00 a      1150     1    15     2    25
 -1.3638339338134258E+00 a      1151     1    16     2     1
 -1.2097535625371072E+00 a      1152     1    16     2     2
 -2.1814862635325630E-01 a      1153     1    16     2     3
  1.2219171836537819E+00 a      1154     1    16     2     4
 -2.1277936623003968E+00 a      1155     1    16     2     5
 -8.8129797618076089E-01 a      1156     1    16     2     6
 -7.0673372415097602E-01 a      1157     1    16     2     7
  1.5099504150837411E+00 a      1158     1    16     2     8
  9.2252952976565883E-01 a      1159     1    16     2     9
 -2.3011031292314281E+00 a      1160     1    16     2    10
  4.3335092582392937E-01 a      1161     1    16     2    11
  1.5923713838163369E+00 a      1162     1    16     2    12
 -2.0378939915050889E-01 a      1163     1    16     2    13
  7.9716562831755287E-03 a      1164     1    16     2    14
  4.4048032878295562E-01 a      1165     1    16     2    15
 -1.2775984432297642E+00 a      1166     1    16     2    16
 -9.5442835369409418E-01 a      1167     1    16     2    17
  2.8805777666062754E-01 a      1168     1    16     2    18
 -1.9463142972298473E+00 a      1169     1    16     2    19
  6.6501129194363506E-01 a      1170     1    16     2    20
  5.1836247499681543E-01 a      1171     1    16     2    21
  1.9661452817827925E+00 a      1172     1    16     2    22
  1.1030131873817881E+00 a      1173     1    16     2    23
 -3.2865745164606258E-01 a      1174     1    16     2    24
 -8.9170260947097979E-01 a      1175     1    16     2    25
  3.4659833586000199E+00 a      1176     1    17     2     1
 -2.0245804407830925E+00 a      1177     1    17     2     2
 -3.8439580021588615E-01 a      1178     1    17     2     3
  9.9775615414090502E-01 a      1179     1    17     2     4
  3.2315221778477526E-01 a      1180     1    17     2     5
 -6.2696582168096582E-01 a      1181     1    17     2     6
 -2.9116015401944767E-01 a      1182     1    17     2     7
 -1.0880023506006422E+00 a      1183     1    17     2     8
 -5.6002471056623049E-01 a      1184     1    17     2     9
  3.9222023091229985E-01 a      1185     1    17     2    10
  1.6598998696789657E+00 a      1186     1    17     2    11
  1.4470652416091273E-02 a      1187     1    17     2    12
 -4.0549370900468568E-01 a      1188     1    17     2    13
 -6.4606167461553221E-01 a      1189     1    17     2    14
  1.4204810440228135E+00 a      1190     1    17     2    15
  4.4714311698810583E-04 a      1191     1    17     2    16
  1.0073750794374142E-01 a      1192     1    17     2    17
 -3.7489433163177233E-01 a      1193     1    17     2    18
 -4.2615028669195332E-01 a      1194     1    17     2    19
  3.7159652160137630E-01 a      1195     1    17     2    20
 -8.1190189861970907E-01 a      1196     1    17     2    21
  8.1523756508759260E-01 a      1197     1    17     2    22
  9.3960162737647457E-01 a      1198     1    17     2    23
 -1.5584964670442985E+00 a      1199     1    17     2    24
 -8.7573501114582797E-01 a      1200     1    17     2    25
  2.3159321153951669E+00 a      1201     1    18     2     1
 -1.2796393625611202E-01 a      1202     1    18     2     2
  5.4838998654815889E-02 a      1203     1    18     2     3
  8.9373246365640202E-01 a      1204     1    18     2     4
 -5.9279018168125665E-03 a      1205     1    18     2     5
  8.2328002106837739E-01 a      1206     1    18     2     6
  6.1750678110363381E-02 a      1207     1    18     2     7
 -6.0830417976921369E-01 a      1208     1    18     2     8
 -1.2937384881289768E+00 a      1209     1    18     2     9
  2.3340865555277501E-01 a      1210     1    18     2    10
  1.6745067613887113E-01 a      1211     1    18     2    11
  1.6769134313650802E+00 a      1212     1    18     2    12
 -1.2417087143880079E+00 a      1213     1    18     2    13
  9.3355305536913236E-01 a      1214     1    18     2    14
  5.1522250456934060E-01 a      1215     1    18     2    15
  6.1782375913956278E-01 a      1216     1    18     2    16
 -3.0210197410881462E-01 a      1217     1    18     2    17
  1.8048319976628083E-03 a      1218     1    18     2    18
  5.7170174926692729E-01 a      1219     1    18     2    19
 -2.3546805514712665E-01 a      1220     1    18     2    20
 -1.9449638230947370E+00 a      1221     1    18     2    21
 -2.2183078507496226E+00 a      1222     1    18     2    22
 -1.1380120842769095E+00 a      1223     1    18     2    23
 -6.6856259098092119E-01 a      1224     1    18     2    24
  1.8050536825980157E+00 a      1225     1    18     2    25
 -5.0545668468838221E+00 a      1226     1    19     2     1
  1.6820788092466110E-01 a      1227     1    19     2     2
 -1.3810794502677914E+00 a      1228     1    19     2     3
 -3.1847895866617586E+00 a      1229     1    19     2     4
 -1.6961867434921911E+00 a      1230     1    19     2     5
 -1.9459362771254163E+00 a      1231     1    19     2     6
 -3.0739432773012001E+00 a      1232     1    19     2     7
 -4.2390916418583284E+00 a      1233     1    19     2     8
  1.8952636939333420E+00 a      1234     1    19     2     9
  3.6791557135212156E+00 a      1235     1    19     2    10
  3.6926202879017123E-01 a      1236     1    19     2    11
 -8.7354120660035484E-01 a      1237     1    19     2    12
 -9.8661460110824584E-01 a      1238     1    19     2    13
 -9.5069832440311819E-01 a      1239     1    19     2    14
 -1.2759493183022574E-01 a      1240     1    19     2    15
  7.4509211988537405E-01 a      1241     1    19     2    16
 -9.7139985015982055E-01 a      1242     1    19     2    17
  6.7812721166813406E-01 a      1243     1    19     2    18
 -2.0482576067867342E+00 a      1244     1    19     2    19
  1.3455888349534061E-02 a      1245     1    19     2    20
 -1.6244451496474752E-01 a      1246     1    19     2    21
  2.6435659395456783E+00 a      1247     1    19     2    22
  1.7752829249521389E+00 a      1248     1    19     2    23
 -5.0555527761830517E+00 a      1249     1    19     2    24
 -3.9912865993699564E+00 a      1250     1    19     2    25
 -2.0096018217464584E-01 a      1251     1    20     2     1
 -5.6590467195130967E-01 a      1252     1    20     2     2
 -1.1183623538138689E+00 a      1253     1    20     2     3
  7.7898489234250168E-01 a      1254     1    20     2     4
  1.3286006434218307E+00 a      1255     1    20     2     5
 -1.8102670455330086E-01 a      1256     1    20     2     6
 -1.3301508900963466E-01 a      1257     1    20     2     7
 -1.4667478480372692E-02 a      1258     1    20     2     8
  3.6543862375884348E-02 a      1259     1    20     2     9
  2.8284577500307967E-01 a      1260     1    20     2    10
  3.8035368072739245E-02 a      1261     1    20     2    11
 -1.1705670816310694E+00 a      1262     1    20     2    12
  1.4336599881991177E+00 a      1263     1    20     2    13
  1.4508580798482169E+00 a      1264     1    20     2    14
  7.6244498057385257E-01 a      1265     1    20     2    15
  1.1043157415740550E+00 a      1266     1    20     2    16
  6.2636430576928170E-01 a      1267     1    20     2    17
 -8.0280696539222499E-02 a      1268     1    20     2    18
  1.7986121639978978E-01 a      1269     1    20     2    19
  7.9944720096851563E-01 a      1270     1    20     2    20
  9.6909565423134628E-02 a      1271     1    20     2    21
  1.4625507170811427E+00 a      1272     1    20     2    22
  1.2910032476957229E+00 a      1273     1    20     2    23
 -3.7384149599574684E-01 a      1274     1    20     2    24
 -1.8104722563082068E-01 a      1275     1    20     2    25
  9.7647053893807859E-02 a      1276     1    21     2     1
 -3.0228183255148283E-01 a      1277     1    21     2     2
 -6.8317661676726604E-01 a      1278     1    21     2     3
 -7.5829507039556188E-01 a      1279     1    21     2     4
 -9.4141002888044734E-01 a      1280     1    21     2     5
  6.5677335215238541E-01 a      1281     1    21     2     6
  5.1152105257723741E-02 a      1282     1    21     2     7
  4.2973854505481013E-01 a      1283     1    21     2     8
 -3.6030735369495387E-01 a      1284     1    21     2     9
  9.4209593781828271E-01 a      1285     1    21     2    10
  9.3723258047062219E-01 a      1286     1    21     2    11
 -6.2077889937870057E-01 a      1287     1    21     2    12
  2.0308051909578904E+00 a      1288     1    21     2    13
 -2.3191710097055473E+00 a      1289     1    21     2    14
 -1.8628876137951397E-01 a      1290     1    21     2    15
  1.0017181427031647E+00 a      1291     1    21     2    16
 -1.7270626463606734E-01 a      1292     1    21     2    17
 -4.0422352336580586E-01 a      1293     1    21     2    18
  2.7297026211276865E-01 a      1294     1    21     2    19
  6.2635938781856049E-01 a      1295     1    21     2    20
  1.1313586657016874E+00 a      1296     1    21     2    21
  8.0624382152063412E-01 a      1297     1    21     2    22
  3.7284718487538365E-01 a      1298     1    21     2    23
  1.0392836178774336E+00 a      1299     1    21     2    24
  1.5833156712702221E+00 a      1300     1    21     2    25
 -2.1984919040507527E+00 a      1301     1    22     2     1
  5.7833882779425627E-01 a      1302     1    22     2     2
  1.2401534534534214E-01 a      1303     1    22     2     3
 -1.6258855762983644E+00 a      1304     1    22     2     4
  5.4386240872092118E-01 a      1305     1    22     2     5
  5.8514927874625622E-01 a      1306     1    22     2     6
 -1.0246685549404844E+00 a      1307     1    22     2     7
  1.1044686494101423E+00 a      1308     1    22     2     8
  1.2239824457995997E-01 a      1309     1    22     2     9
  1.8671471322989711E-01 a      1310     1    22     2    10
 -1.2315500662429806E+00 a      1311     1    22     2    11
 -6.3404579028111574E-01 a      1312     1    22     2    12
  9.9070872623115436E-01 a      1313     1    22     2    13
 -9.1005934236547348E-01 a      1314     1    22     2    14
 -5.1911655837802308E-02 a      1315     1    22     2    15
  5.0304367502981417E-01 a      1316     1    22     2    16
 -2.5711847902815523E+00 a      1317     1    22     2    17
 -1.6106936242554666E+00 a      1318     1    22     2    18
  8.6642889846521320E-01 a      1319     1    22     2    19
 -2.3292065128736774E+00 a      1320     1    22     2    20
  1.4508380470490350E+00 a      1321     1    22     2    21
 -3.5718333237504463E-01 a      1322     1    22     2    22
  2.2835169359672491E-01 a      1323     1    22     2    23
 -4.0829391139232007E-01 a      1324     1    22     2    24
  9.9747773913966520E-01 a      1325     1    22     2    25
 -6.5310447747275036E-01 a      1326     1    23     2     1
  3.9473164438387542E-01 a      1327     1    23     2     2
  2.9007063883269668E-01 a      1328     1    23     2     3
 -1.1919018632184171E+00 a      1329     1    23     2     4
 -3.0278932045926943E-01 a      1330     1    23     2     5
 -1.1996790618075434E-01 a      1331     1    23     2     6
  7.4496571538539491E-01 a      1332     1    23     2     7
 -8.8420135280553191E-01 a      1333     1    23     2     8
  5.5339628094288773E-01 a      1334     1    23     2     9
  6.6300123976611958E-01 a      1335     1    23     2    10
  1.7248877027669951E+00 a      1336     1    23     2    11
  8.2469067349844649E-01 a      1337     1    23     2    12
 -1.2028715303561175E+00 a      1338     1    23     2    13
  1.6887373888116247E-01 a      1339     1    23     2    14
  3.3295613828616288E-01 a      1340     1    23     2    15
 -1.4770080065387714E-02 a      1341     1    23     2    16
 -2.0351654998618693E+00 a      1342     1    23     2    17
 -3.4172921560919528E-01 a      1343     1    23     2    18
 -1.2406399104331996E-01 a      1344     1    23     2    19
 -1.9274715864977541E+00 a      1345     1    23     2    20
  8.9644695375774630E-01 a      1346     1    23     2    21
 -1.0668504838524067E+00 a      1347     1    23     2    22
 -1.3039764846297705E-01 a      1348     1    23     2    23
 -1.0407563660954287E+00 a      1349     1    23     2    24
  1.6038565519399981E+00 a      1350     1    23     2    25
  3.6466449129149781E+00 a      1351     1    24     2     1
 -1.2549037341938938E+00 a      1352     1    24     2     2
 -1.2552748414230031E-01 a      1353     1    24     2     3
 -7.4680927275741860E-01 a      1354     1    24     2     4
 -3.1235816641631602E+00 a      1355     1    24     2     5
 -1.2703109177711824E+00 a      1356     1    24     2     6
 -1.8542418377136385E+00 a      1357     1    24     2     7
  1.5920173769429069E+00 a      1358     1    24     2     8
  5.9439348217863597E-01 a      1359     1    24     2     9
 -2.0832176032936007E+00 a      1360     1    24     2    10
  1.8911810552826278E+00 a      1361     1    24     2    11
  5.1676235519894105E+00 a      1362     1    24     2    12
 -8.0470897103322303E-01 a      1363     1    24     2    13
 -1.6954068257682020E-01 a      1364     1    24     2    14
  1.0956089961307443E+00 a      1365     1    24     2    15
 -2.8549809611433750E+00 a      1366     1    24     2    16
  4.3284155709931238E-01 a      1367     1    24     2    17
  3.0845652673492158E-01 a      1368     1    24     2    18
 -2.5901749325629688E+00 a      1369     1    24     2    19
  3.4715990183402112E-01 a      1370     1    24     2    20
 -7.5854153206993225E-01 a      1371     1    24     2    21
  2.3090737249647915E+00 a      1372     1    24     2    22
  2.7956663506522561E-01 a      1373     1    24     2    23
  1.0931017590505971E+00 a      1374     1    24     2    24
  4.3132274068023992E+00 a      1375     1    24     2    25
  2.8768115975315633E-01 a      1376     1    25     2     1
  2.0983835435100606E+00 a      1377     1    25     2     2
 -4.7171078862357957E-01 a      1378     1    25     2     3
  1.7104096538900679E+00 a      1379     1    25     2     4
  1.1331442154492539E+00 a      1380     1    25     2     5
 -2.7048727553885904E-01 a      1381     1    25     2     6
 -5.8546021228430922E-01 a      1382     1    25     2     7
  4.3253848293572211E-01 a      1383     1    25     2     8
 -9.3807491306602753E-01 a      1384     1    25     2     9
 -1.8994388398831770E+00 a      1385     1    25     2    10
 -1.2006777984447630E+00 a      1386     1    25     2    11
  1.0839775530686520E+00 a      1387     1    25     2    12
  2.7621920516283232E+00 a      1388     1    25     2    13
 -1.7786271576004706E+00 a      1389     1    25     2    14
 -9.1205103083513750E-01 a      1390     1    25     2    15
  2.1801829112729032E+00 a      1391     1    25     2    16
  1.1109900041480145E-01 a      1392     1    25     2    17
 -1.1285416184407926E+00 a      1393     1    25     2    18
  2.2759455347918689E-01 a      1394     1    25     2    19
 -8.9640332074440610E-01 a      1395     1    25     2    20
  4.8485500944275006E-01 a      1396     1    25     2    21
 -1.5564995307843892E+00 a      1397     1    25     2    22
 -6.9520374453917222E-01 a      1398     1    25     2    23
 -1.1056129494916813E+00 a      1399     1    25     2    24
  1.2801431127483429E+00 a      1400     1    25     2    25
  1.9762951986102446E+00 b      1401     2     1
  1.4191503332480651E+00 b      1402     2     2
 -5.3783641711323404E-01 b      1403     2     3
 -5.2064104922827887E+00 b      1404     2     4
  2.7545361476343228E-01 b      1405     2     5
 -4.5533071086187649E+00 b      1406     2     6
 -4.2770587143751770E+00 b      1407     2     7
 -4.7458199394909979E+00 b      1408     2     8
  3.1051996116840828E+00 b      1409     2     9
  7.3739215743878841E+00 b      1410     2    10
 -2.3831251373522622E+00 b      1411     2    11
  1.7902259369308753E+00 b      1412     2    12
 -4.4420763179706269E+00 b      1413     2    13
  6.9207067380454435E+00 b      1414     2    14
  1.1713404485340737E-01 b      1415     2    15
  1.4658055650022699E+00 b      1416     2    16
 -9.9584432569267722E-01 b      1417     2    17
  1.8598843576560982E+00 b      1418     2    18
 -7.5178863474635182E+00 b      1419     2    19
 -1.7721457080718164E+00 b      1420     2    20
 -5.9250177043015506E-01 b      1421     2    21
  3.9033302722988310E+00 b      1422     2    22
  2.0751108261256270E+00 b      1423     2    23
 -4.2606706745770939E+00 b      1424     2    24
 -7.6658210813279606E+00 b      1425     2    25
 -9.6380239436462745E-01 a      1426     2     1     3     1
 -1.5132797814609038E+00 a      1427     2     2     3     1
 -2.0044603143425053E+00 a      1428     2     3     3     1
 -1.4281692039847687E+00 a      1429     2     4     3     1
 -8.3157902851928656E-01 a      1430     2     5     3     1
  1.7590668958014291E+00 a      1431     2     6     3     1
  9.8942306065050489E-01 a      1432     2     7     3     1
  8.5799098706246391E-01 a      1433     2     8     3     1
  1.7923203237118772E+00 a      1434     2     9     3     1
 -1.1720557485892087E+00 a      1435     2    10     3     1
  6.8198668089247649E-01 a      1436     2    11     3     1
  1.7137989412278678E+00 a      1437     2    12     3     1
  9.9517403210092714E-01 a      1438     2    13     3     1
 -4.0531405179300733E-01 a      1439     2    14     3     1
  2.2338230604472553E+00 a      1440     2    15     3     1
  1.6094350066964755E+00 a      1441     2    16     3     1
 -1.1294066977256159E+00 a      1442     2    17     3     1
 -1.8296801465052057E+00 a      1443     2    18     3     1
  2.0657689463227644E+00 a      1444     2    19     3     1
 -2.1847282952696325E+00 a      1445     2    20     3     1
 -8.8149999037719895E-01 a      1446     2    21     3     1
  2.0840090983782593E+00 a      1447     2    22     3     1
  4.4047133019276874E+00 a      1448     2    23     3     1
 -1.6525726167957830E+00 a      1449     2    24     3     1
  1.9106095558661580E+00 a      1450     2    25     3     1
  7.7596890449205089E+00 b      1451     3     1
