################################################################################
# Neural network connection values (weights and biases).
################################################################################
# Col  Name       Description
################################################################################
# 1    connection Neural network connection value.
# 2    t          Connection type (a = weight, b = bias).
# 3    index      Index enumerating weights.
# 4    l_s        Starting point layer (end point layer for biases).
# 5    n_s        Starting point neuron in starting layer (end point neuron for biases).
# 6    l_e        End point layer.
# 7    n_e        End point neuron in end layer.
################################################################################
#                      1 2         3     4     5     6     7
#             connection t     index   l_s   n_s   l_e   n_e
############################################################
  7.2178308188793965E+00 a         1     0     1     1     1
 -1.2155103444624510E+01 a         2     0     1     1     2
  7.3155484595493636E+00 a         3     0     1     1     3
  1.1928813619449219E+01 a         4     0     1     1     4
  2.0964982212518656E+01 a         5     0     1     1     5
 -5.3768086290978738E+00 a         6     0     1     1     6
 -8.3410140857735247E+00 a         7     0     1     1     7
  3.8487620867512660E+00 a         8     0     1     1     8
 -6.2280836771819068E+00 a         9     0     1     1     9
  1.8688918722297441E+01 a        10     0     1     1    10
 -1.2819401355903111E+01 a        11     0     1     1    11
 -3.3136857301152900E+00 a        12     0     1     1    12
 -2.1883074626040109E+01 a        13     0     1     1    13
  9.3638722658478653E+00 a        14     0     1     1    14
  5.7321686335140649E+00 a        15     0     1     1    15
 -1.5764367220722454E+01 a        16     0     1     1    16
 -3.8972869607485898E+00 a        17     0     1     1    17
 -3.8584520384102872E+00 a        18     0     1     1    18
  1.1146921848266519E+01 a        19     0     1     1    19
 -4.5653440561636520E+00 a        20     0     1     1    20
 -6.9725095176833731E+00 a        21     0     1     1    21
  8.8993435974403408E+00 a        22     0     1     1    22
  1.0538384379389294E+00 a        23     0     1     1    23
 -3.6631383421333505E+00 a        24     0     1     1    24
  2.3328381515230601E+00 a        25     0     1     1    25
  3.2555813056352352E+00 a        26     0     2     1     1
  2.2960219452293892E+01 a        27     0     2     1     2
  8.4699229936811733E+00 a        28     0     2     1     3
 -1.7785353752681431E+01 a        29     0     2     1     4
 -1.4191913757013592E+00 a        30     0     2     1     5
  4.2902805192839200E+00 a        31     0     2     1     6
  6.6928186274506833E+00 a        32     0     2     1     7
  6.2107739107347406E+00 a        33     0     2     1     8
  5.5020526318680609E+00 a        34     0     2     1     9
  4.2829447791021211E+00 a        35     0     2     1    10
 -1.3904402215031872E+00 a        36     0     2     1    11
 -7.7386280445527591E+00 a        37     0     2     1    12
  7.3156511629712719E+00 a        38     0     2     1    13
 -1.5529018784406782E+01 a        39     0     2     1    14
 -5.4277026084333038E+00 a        40     0     2     1    15
 -1.6440429118299511E+00 a        41     0     2     1    16
  1.2952781320754534E+01 a        42     0     2     1    17
 -9.6663677575065265E-01 a        43     0     2     1    18
 -1.2209444494666100E+01 a        44     0     2     1    19
  2.9872889956340341E+01 a        45     0     2     1    20
  5.2288084042235754E+00 a        46     0     2     1    21
  6.0970689736321670E+00 a        47     0     2     1    22
  1.0170830447391030E+01 a        48     0     2     1    23
  5.6417181699191143E+00 a        49     0     2     1    24
 -1.7771888035103341E+01 a        50     0     2     1    25
 -1.9648955626428833E+01 a        51     0     3     1     1
  7.5517261902223698E+00 a        52     0     3     1     2
 -1.2382704358883473E+01 a        53     0     3     1     3
 -1.9396248200600350E+01 a        54     0     3     1     4
 -3.2502631301746113E+01 a        55     0     3     1     5
  1.3855707567499001E+01 a        56     0     3     1     6
  1.3870437317373300E+01 a        57     0     3     1     7
  3.1788553048123269E+00 a        58     0     3     1     8
  5.9842177992467009E+00 a        59     0     3     1     9
 -3.0116588816140240E+01 a        60     0     3     1    10
  1.0136430863341669E+01 a        61     0     3     1    11
  8.2015070095068907E+00 a        62     0     3     1    12
  3.8742727540832163E+01 a        63     0     3     1    13
 -3.4522099970715501E+00 a        64     0     3     1    14
 -9.2172940198019404E+00 a        65     0     3     1    15
  2.4579164870519996E+01 a        66     0     3     1    16
  1.3001691146468866E-01 a        67     0     3     1    17
  1.3641371706522552E+01 a        68     0     3     1    18
 -1.5282285131875526E+01 a        69     0     3     1    19
  6.8357103316390555E-01 a        70     0     3     1    20
  1.3397435111437814E+00 a        71     0     3     1    21
 -1.5755622179890633E+01 a        72     0     3     1    22
 -7.0412522123880983E+00 a        73     0     3     1    23
 -1.6831003403782624E-01 a        74     0     3     1    24
 -5.2214313277878306E+00 a        75     0     3     1    25
 -3.1879440356206818E+00 a        76     0     4     1     1
 -3.9171527576711796E+01 a        77     0     4     1     2
 -1.6330464228128371E+01 a        78     0     4     1     3
  3.7646909739947006E+01 a        79     0     4     1     4
 -2.1877299337741358E+00 a        80     0     4     1     5
 -1.9382543884780457E+00 a        81     0     4     1     6
 -1.8999671873917325E+01 a        82     0     4     1     7
 -1.7774972420570130E+01 a        83     0     4     1     8
 -7.3236161262727046E+00 a        84     0     4     1     9
  1.3554012394796779E+00 a        85     0     4     1    10
  6.8444844154289584E+00 a        86     0     4     1    11
  2.7727313136948691E+01 a        87     0     4     1    12
 -1.2282370613911668E+01 a        88     0     4     1    13
  9.3171779832938277E+00 a        89     0     4     1    14
  6.8536073454186957E+00 a        90     0     4     1    15
  6.8062896552689107E+00 a        91     0     4     1    16
 -1.9904029423516000E+01 a        92     0     4     1    17
 -2.6815509748738648E+00 a        93     0     4     1    18
  1.5889820553822243E+01 a        94     0     4     1    19
 -5.2762072525958935E+01 a        95     0     4     1    20
  1.3355095866131430E+00 a        96     0     4     1    21
 -3.3321592435155076E+00 a        97     0     4     1    22
 -2.7640746035485254E+01 a        98     0     4     1    23
 -1.3341477323395348E+00 a        99     0     4     1    24
  2.7622725342871369E+01 a       100     0     4     1    25
  2.9838956949356326E+01 a       101     0     5     1     1
  1.6171936779363936E+01 a       102     0     5     1     2
  1.1828436961860373E+01 a       103     0     5     1     3
  2.3540587940809949E+00 a       104     0     5     1     4
  1.9495205668984870E+01 a       105     0     5     1     5
 -2.3124869786058401E+01 a       106     0     5     1     6
 -9.9810320905086840E+00 a       107     0     5     1     7
 -1.2061322515871190E+01 a       108     0     5     1     8
  8.1667171843811381E+00 a       109     0     5     1     9
  9.9328488872678449E+00 a       110     0     5     1    10
  6.9528109960104496E+00 a       111     0     5     1    11
 -1.4840435493217266E+01 a       112     0     5     1    12
 -3.5199116971423088E+01 a       113     0     5     1    13
  3.0666637300829880E+00 a       114     0     5     1    14
  3.6219680045457698E+00 a       115     0     5     1    15
 -1.5450564584476444E+01 a       116     0     5     1    16
  5.9493007676678182E+00 a       117     0     5     1    17
 -1.4681381838180652E+01 a       118     0     5     1    18
  1.9175143887510036E+01 a       119     0     5     1    19
  3.2754108510924951E+00 a       120     0     5     1    20
  8.2833827316570474E+00 a       121     0     5     1    21
 -3.9362137202870287E+00 a       122     0     5     1    22
  2.8988884073462007E+01 a       123     0     5     1    23
 -9.3964738273463844E-01 a       124     0     5     1    24
  1.0159276945668600E+01 a       125     0     5     1    25
 -8.8956894861755131E+00 a       126     0     6     1     1
  3.3693031191690700E+01 a       127     0     6     1     2
  4.3429022176077501E+00 a       128     0     6     1     3
 -2.3726585710339847E+01 a       129     0     6     1     4
  2.7090095300074331E+00 a       130     0     6     1     5
 -6.5759822690498604E+00 a       131     0     6     1     6
  2.5979784198008023E+01 a       132     0     6     1     7
  2.0474738595741943E+01 a       133     0     6     1     8
  1.0990286976475132E+00 a       134     0     6     1     9
 -2.1244275910250824E+01 a       135     0     6     1    10
 -4.2786165543254855E+00 a       136     0     6     1    11
 -3.9348346380910009E+01 a       137     0     6     1    12
  1.4126617813200685E+01 a       138     0     6     1    13
  7.4161383487146137E+00 a       139     0     6     1    14
 -1.4177014767289540E+00 a       140     0     6     1    15
 -1.1582605047148515E+01 a       141     0     6     1    16
  1.6530630042895424E+01 a       142     0     6     1    17
  5.2338364544420610E+00 a       143     0     6     1    18
 -1.5424019913919604E+01 a       144     0     6     1    19
  4.3766737337078816E+01 a       145     0     6     1    20
 -1.2853136325394653E+01 a       146     0     6     1    21
 -3.6242598555394729E+00 a       147     0     6     1    22
  2.0373761820427632E+01 a       148     0     6     1    23
  1.0312782631686488E+00 a       149     0     6     1    24
 -1.3135441328459457E+01 a       150     0     6     1    25
 -3.4087869983213629E+01 a       151     0     7     1     1
 -2.3232012569835010E+01 a       152     0     7     1     2
 -1.0563340812825137E+01 a       153     0     7     1     3
 -2.0659484224095617E+00 a       154     0     7     1     4
 -5.0130664187819667E+00 a       155     0     7     1     5
  2.0377495032472545E+01 a       156     0     7     1     6
  6.4941994442361874E+00 a       157     0     7     1     7
  7.7385596297816912E+00 a       158     0     7     1     8
 -2.1460914060521297E+01 a       159     0     7     1     9
  1.2240071338483434E+01 a       160     0     7     1    10
 -1.6653751664354505E+01 a       161     0     7     1    11
  1.3138412834513296E+01 a       162     0     7     1    12
  2.4373908963829894E+01 a       163     0     7     1    13
  2.1467393024445216E-03 a       164     0     7     1    14
 -6.9027193261507263E+00 a       165     0     7     1    15
  8.7525941370495737E+00 a       166     0     7     1    16
 -1.2085810228721195E+01 a       167     0     7     1    17
  1.0596975728285164E+01 a       168     0     7     1    18
 -1.2198668300972587E+01 a       169     0     7     1    19
  3.8896395903979455E+00 a       170     0     7     1    20
 -1.2117497050652652E+00 a       171     0     7     1    21
  3.6041965178299115E+01 a       172     0     7     1    22
 -2.7505068700939006E+01 a       173     0     7     1    23
  2.1445385378370152E+00 a       174     0     7     1    24
 -1.4510965528210537E+01 a       175     0     7     1    25
  1.7655182292272123E+01 a       176     0     8     1     1
 -2.2792048759824780E+01 a       177     0     8     1     2
 -2.8234929668929869E+00 a       178     0     8     1     3
  1.7190478645617056E+00 a       179     0     8     1     4
  1.5128734157841512E+00 a       180     0     8     1     5
  9.7766693107634417E+00 a       181     0     8     1     6
 -2.1657584091160935E+01 a       182     0     8     1     7
 -1.6923791039396473E+01 a       183     0     8     1     8
 -3.0971479851420014E+00 a       184     0     8     1     9
  3.0989928585869954E+01 a       185     0     8     1    10
 -1.0991773285984132E+00 a       186     0     8     1    11
  3.8277959510775410E+01 a       187     0     8     1    12
 -5.3908430386269144E+00 a       188     0     8     1    13
 -7.4361918456039984E+00 a       189     0     8     1    14
 -1.6556728553875690E+00 a       190     0     8     1    15
  1.1604027194376361E+01 a       191     0     8     1    16
 -1.3027675275137401E+01 a       192     0     8     1    17
  4.8689451753636320E-01 a       193     0     8     1    18
  5.3248138337429438E+00 a       194     0     8     1    19
 -2.7910807611681594E+01 a       195     0     8     1    20
  1.0564799462506278E+01 a       196     0     8     1    21
  3.0796481437015042E+00 a       197     0     8     1    22
 -1.1835159026324940E+01 a       198     0     8     1    23
 -1.2125474874301101E+01 a       199     0     8     1    24
  2.7311620617808012E+00 a       200     0     8     1    25
 -8.2578338195095160E+00 a       201     0     9     1     1
  7.2794359309803776E+00 a       202     0     9     1     2
 -2.6486179485903096E+00 a       203     0     9     1     3
 -2.6053343018737927E+00 a       204     0     9     1     4
 -6.2667840828811334E+00 a       205     0     9     1     5
 -1.7760140608359823E+01 a       206     0     9     1     6
  9.2458203621450981E+00 a       207     0     9     1     7
  5.9816491677256449E+00 a       208     0     9     1     8
  6.9259195023631070E-01 a       209     0     9     1     9
 -1.3243751187660445E+01 a       210     0     9     1    10
  6.2017194639515774E+00 a       211     0     9     1    11
 -1.7692817591822955E+01 a       212     0     9     1    12
  2.2727204082569430E+00 a       213     0     9     1    13
  1.3652164582934412E+00 a       214     0     9     1    14
  8.0057997407318382E+00 a       215     0     9     1    15
 -1.0002054347076214E+01 a       216     0     9     1    16
  7.8394948716271138E+00 a       217     0     9     1    17
 -3.6753728613164252E+00 a       218     0     9     1    18
 -3.9039084622927671E+00 a       219     0     9     1    19
  1.1103912156204361E+01 a       220     0     9     1    20
 -3.8569326835760682E+00 a       221     0     9     1    21
 -4.0571012915614055E+00 a       222     0     9     1    22
 -1.5975174618126002E+00 a       223     0     9     1    23
  7.6562902678441054E+00 a       224     0     9     1    24
  1.2369560468763217E+00 a       225     0     9     1    25
  2.5052192377169963E+01 a       226     0    10     1     1
  1.1877872931631943E+01 a       227     0    10     1     2
  7.5238114995638412E+00 a       228     0    10     1     3
  3.2032132261588329E+00 a       229     0    10     1     4
  1.3106422043178583E+00 a       230     0    10     1     5
 -6.7824495273893515E+00 a       231     0    10     1     6
 -3.3080086932629129E+00 a       232     0    10     1     7
 -9.6090892543962803E-01 a       233     0    10     1     8
  1.4362093731795010E+01 a       234     0    10     1     9
 -1.4470063634014936E+01 a       235     0    10     1    10
  1.3212356410269635E+01 a       236     0    10     1    11
 -4.6620684352840787E+00 a       237     0    10     1    12
 -1.1981794684218126E+01 a       238     0    10     1    13
  8.8244543684645604E-01 a       239     0    10     1    14
  3.2041443617401311E+00 a       240     0    10     1    15
  4.9547654184588835E-01 a       241     0    10     1    16
  7.0036513195681938E+00 a       242     0    10     1    17
 -2.8258443691807331E+00 a       243     0    10     1    18
  7.1181456255127751E+00 a       244     0    10     1    19
 -5.6274365755670148E+00 a       245     0    10     1    20
 -3.5092748854020974E+00 a       246     0    10     1    21
 -2.4230021403818082E+01 a       247     0    10     1    22
  1.3105685533765936E+01 a       248     0    10     1    23
 -4.7953179581366472E+00 a       249     0    10     1    24
  1.3056109949905395E+01 a       250     0    10     1    25
  3.6385746153030150E+00 a       251     0    11     1     1
 -2.1420929646320936E+00 a       252     0    11     1     2
  1.4161710545791268E+00 a       253     0    11     1     3
  2.1957492755176133E+00 a       254     0    11     1     4
  5.3650051862295829E+00 a       255     0    11     1     5
  5.2348434883852297E+00 a       256     0    11     1     6
 -3.1835422321575608E+00 a       257     0    11     1     7
 -5.3052571003737388E+00 a       258     0    11     1     8
 -2.0522625384842832E+00 a       259     0    11     1     9
  3.6704679305845560E+00 a       260     0    11     1    10
 -1.7106465755715818E+00 a       261     0    11     1    11
  1.1174710022351976E+01 a       262     0    11     1    12
  1.8029776238626081E+00 a       263     0    11     1    13
 -2.9806143929591125E+00 a       264     0    11     1    14
  4.1541678161100692E-01 a       265     0    11     1    15
  4.4021362992886113E+00 a       266     0    11     1    16
 -1.0460324854228804E+00 a       267     0    11     1    17
  5.6672375953909198E+00 a       268     0    11     1    18
 -2.0817927072063980E+00 a       269     0    11     1    19
 -4.9417281891624665E+00 a       270     0    11     1    20
  4.0350103909696324E+00 a       271     0    11     1    21
  4.4165619937432341E+00 a       272     0    11     1    22
  2.2604847458460577E+00 a       273     0    11     1    23
 -3.8356562697872545E+00 a       274     0    11     1    24
  7.2499738820784754E-01 a       275     0    11     1    25
 -6.2161253393730629E+00 a       276     0    12     1     1
  3.9390637955109675E-01 a       277     0    12     1     2
 -6.4494189690452508E+00 a       278     0    12     1     3
 -1.8038754177882135E+00 a       279     0    12     1     4
  3.4893617514140107E+00 a       280     0    12     1     5
  4.4398168387378885E+00 a       281     0    12     1     6
  2.3419306644803717E+00 a       282     0    12     1     7
 -3.0045481662310236E-01 a       283     0    12     1     8
 -2.7398302103198811E+00 a       284     0    12     1     9
 -6.7051342982648710E-01 a       285     0    12     1    10
 -4.2785181573898621E+00 a       286     0    12     1    11
 -7.2350210616619464E+00 a       287     0    12     1    12
  1.0825816100332870E+00 a       288     0    12     1    13
 -4.7704790710245282E-01 a       289     0    12     1    14
 -2.0391824328276189E+00 a       290     0    12     1    15
  6.8161250530095463E-01 a       291     0    12     1    16
  2.4517064209888479E+00 a       292     0    12     1    17
 -2.2448336759153649E+00 a       293     0    12     1    18
 -2.3978574487149955E-02 a       294     0    12     1    19
  3.8940193479908514E+00 a       295     0    12     1    20
  3.9996114401732155E+00 a       296     0    12     1    21
  9.9824756022591057E+00 a       297     0    12     1    22
  2.6859994315178231E+00 a       298     0    12     1    23
  4.6873923598373297E+00 a       299     0    12     1    24
 -5.4403398642593463E-02 a       300     0    12     1    25
 -4.7701422830650403E-01 a       301     0    13     1     1
  3.4845578722620565E+00 a       302     0    13     1     2
 -1.1746789521690155E+00 a       303     0    13     1     3
 -1.2783240668524092E+00 a       304     0    13     1     4
 -2.1018255168546318E+00 a       305     0    13     1     5
 -3.2067986300192568E+00 a       306     0    13     1     6
  3.1346075994981080E+00 a       307     0    13     1     7
 -1.4158418254564435E+00 a       308     0    13     1     8
 -1.9541345393859493E+00 a       309     0    13     1     9
 -6.3182530343020893E-01 a       310     0    13     1    10
 -1.1240309004859892E-02 a       311     0    13     1    11
 -7.9836967387807611E+00 a       312     0    13     1    12
 -1.8760408960088042E+00 a       313     0    13     1    13
 -5.0408438898655081E-02 a       314     0    13     1    14
 -1.0411812031299892E+00 a       315     0    13     1    15
 -2.6835150809930597E+00 a       316     0    13     1    16
 -1.9531146842014285E-01 a       317     0    13     1    17
 -2.4416027739475230E+00 a       318     0    13     1    18
  1.4814280833111062E+00 a       319     0    13     1    19
  3.6321088806821327E+00 a       320     0    13     1    20
  4.5509046233191498E-02 a       321     0    13     1    21
 -1.2084684810509529E+00 a       322     0    13     1    22
 -3.7557455876655954E-01 a       323     0    13     1    23
  1.6628424297057907E+00 a       324     0    13     1    24
  1.1970697183984373E+00 a       325     0    13     1    25
  6.3480495812137860E+00 a       326     0    14     1     1
  2.0236865483021229E+00 a       327     0    14     1     2
  3.7295202253971822E+00 a       328     0    14     1     3
  3.7793294898239518E+00 a       329     0    14     1     4
 -1.7668230327842478E+00 a       330     0    14     1     5
 -1.6474144753690041E+00 a       331     0    14     1     6
 -1.3632592593557664E+00 a       332     0    14     1     7
  1.7425317083367922E+00 a       333     0    14     1     8
  3.4420491103141666E+00 a       334     0    14     1     9
  2.4233193996688223E+00 a       335     0    14     1    10
  1.7931821143348055E+00 a       336     0    14     1    11
  2.6902246489545738E+00 a       337     0    14     1    12
 -2.3797588128430691E+00 a       338     0    14     1    13
 -3.5771480859760900E+00 a       339     0    14     1    14
 -5.2376232046950921E-01 a       340     0    14     1    15
  6.5036123395369960E-01 a       341     0    14     1    16
  5.0070679978328947E-01 a       342     0    14     1    17
  2.1139606041198492E-01 a       343     0    14     1    18
  2.6053397734558472E+00 a       344     0    14     1    19
  9.4295461822705828E-01 a       345     0    14     1    20
 -2.7494625113673515E-01 a       346     0    14     1    21
 -6.3269825210562880E+00 a       347     0    14     1    22
  1.9436743495804651E+00 a       348     0    14     1    23
 -3.0916001561427278E+00 a       349     0    14     1    24
  1.9579826645333760E+00 a       350     0    14     1    25
 -7.8184178149268557E-01 a       351     0    15     1     1
 -1.8862449387172087E+00 a       352     0    15     1     2
  1.7751048533063365E+00 a       353     0    15     1     3
  1.3845872443363412E+00 a       354     0    15     1     4
 -8.9897804977711687E-02 a       355     0    15     1     5
  2.1756705917848267E+00 a       356     0    15     1     6
  1.6911681381375351E-01 a       357     0    15     1     7
  3.8375761154043633E+00 a       358     0    15     1     8
  1.1148063284434158E+00 a       359     0    15     1     9
  2.0933407952197797E-01 a       360     0    15     1    10
 -1.2575452719438660E+00 a       361     0    15     1    11
  2.5599336850371319E+00 a       362     0    15     1    12
 -2.1407111690346312E+00 a       363     0    15     1    13
  1.3809265111885043E+00 a       364     0    15     1    14
  4.9503912485720225E-01 a       365     0    15     1    15
  2.0679232473285891E+00 a       366     0    15     1    16
  1.6313221383701609E-01 a       367     0    15     1    17
  9.6567981362797417E-01 a       368     0    15     1    18
 -6.7244976804227496E-01 a       369     0    15     1    19
  1.1093861107295890E+00 a       370     0    15     1    20
  8.9772919030180631E-01 a       371     0    15     1    21
  3.9907421335782967E-01 a       372     0    15     1    22
  6.5013120363317856E-01 a       373     0    15     1    23
 -4.7444753100590858E-01 a       374     0    15     1    24
  5.9569363823711652E-01 a       375     0    15     1    25
 -2.1801778675559325E-01 a       376     0    16     1     1
  2.6481159989927944E-01 a       377     0    16     1     2
  5.0563183194895327E+00 a       378     0    16     1     3
 -8.4362795013719127E-01 a       379     0    16     1     4
  9.1239056455751366E-01 a       380     0    16     1     5
 -5.0158831524057368E-01 a       381     0    16     1     6
  2.8235584474453251E-01 a       382     0    16     1     7
  3.1370060288285034E-01 a       383     0    16     1     8
 -7.9036319866863081E-01 a       384     0    16     1     9
 -1.3143367241772226E+00 a       385     0    16     1    10
 -4.7238259504531172E-01 a       386     0    16     1    11
 -9.1740976907365246E-01 a       387     0    16     1    12
 -1.0884672607633233E-01 a       388     0    16     1    13
  1.0462988898705832E+00 a       389     0    16     1    14
  5.4914622994916185E-01 a       390     0    16     1    15
  5.6400572349907196E-01 a       391     0    16     1    16
  5.3750581263555107E-02 a       392     0    16     1    17
  1.5310076893474037E-01 a       393     0    16     1    18
  1.4315784759010231E-01 a       394     0    16     1    19
 -3.7453274923917634E-01 a       395     0    16     1    20
 -5.5942018056059439E-01 a       396     0    16     1    21
  1.9108158743069201E-01 a       397     0    16     1    22
  5.0545236706989072E-01 a       398     0    16     1    23
 -7.7407027743130090E+00 a       399     0    16     1    24
  8.0481117488932619E-01 a       400     0    16     1    25
  2.0052059762735802E-01 a       401     0    17     1     1
  5.8465671678044133E+00 a       402     0    17     1     2
  2.0931264041292161E+00 a       403     0    17     1     3
 -8.6386484159995003E-01 a       404     0    17     1     4
 -2.1761369509289805E+00 a       405     0    17     1     5
  6.6437309624528151E-01 a       406     0    17     1     6
  3.6986042082177053E+00 a       407     0    17     1     7
  1.5558700358714950E+00 a       408     0    17     1     8
  1.0106625054551224E+00 a       409     0    17     1     9
 -1.5733784046332189E+00 a       410     0    17     1    10
  1.4153010783373288E-01 a       411     0    17     1    11
 -1.3769945364072391E+00 a       412     0    17     1    12
 -1.2683799834132210E+00 a       413     0    17     1    13
 -7.6877225261177884E-01 a       414     0    17     1    14
 -4.1051868688307558E-01 a       415     0    17     1    15
  2.8431750716580297E-02 a       416     0    17     1    16
 -1.8451410778726833E+00 a       417     0    17     1    17
 -1.1178054085614804E+00 a       418     0    17     1    18
 -1.3471842796329629E+00 a       419     0    17     1    19
  3.8536897798942840E+00 a       420     0    17     1    20
 -6.4813316877356952E-01 a       421     0    17     1    21
  1.2995052553951763E+00 a       422     0    17     1    22
  3.5998876913305393E+00 a       423     0    17     1    23
  1.4875236955265183E+00 a       424     0    17     1    24
  6.5709701352646810E-01 a       425     0    17     1    25
  6.0455075665113034E+00 a       426     0    18     1     1
 -1.7341231720751122E+01 a       427     0    18     1     2
 -1.2493031270247565E+01 a       428     0    18     1     3
 -1.8313577903911543E+01 a       429     0    18     1     4
 -9.8121344398834314E+00 a       430     0    18     1     5
 -6.1989098885932501E+00 a       431     0    18     1     6
  1.5715593365299965E+00 a       432     0    18     1     7
 -6.0571446467962762E+00 a       433     0    18     1     8
 -1.2228340933340746E+01 a       434     0    18     1     9
 -1.1011786040763809E+00 a       435     0    18     1    10
  8.6486341035508154E+00 a       436     0    18     1    11
 -1.4331951939026906E+00 a       437     0    18     1    12
  4.3566773504874243E+00 a       438     0    18     1    13
  8.1106833401230336E+00 a       439     0    18     1    14
 -3.8858703958313745E+00 a       440     0    18     1    15
  1.8537545929168522E+00 a       441     0    18     1    16
 -8.5558451925194792E+00 a       442     0    18     1    17
  7.3446114776082716E+00 a       443     0    18     1    18
  1.6554183218175581E+01 a       444     0    18     1    19
 -3.7101782609838141E+00 a       445     0    18     1    20
  4.3039334360144033E-01 a       446     0    18     1    21
  4.6243922828607369E+00 a       447     0    18     1    22
  1.3420654137581280E+00 a       448     0    18     1    23
 -1.7244852872620033E+01 a       449     0    18     1    24
 -3.5016794608992480E-01 a       450     0    18     1    25
 -1.5560316984885152E+00 a       451     0    19     1     1
 -1.0823731158914702E+01 a       452     0    19     1     2
 -1.1965603344635962E+00 a       453     0    19     1     3
  4.4246723081516504E-01 a       454     0    19     1     4
  5.0284319028101786E-02 a       455     0    19     1     5
  1.4320322322987666E+00 a       456     0    19     1     6
 -2.7227153220311813E+00 a       457     0    19     1     7
 -8.3129197336103022E-01 a       458     0    19     1     8
 -1.9156077380330365E+00 a       459     0    19     1     9
 -1.0750570614778736E+00 a       460     0    19     1    10
 -2.8931588902129426E+00 a       461     0    19     1    11
  1.5029144378167618E+00 a       462     0    19     1    12
  3.1951384118494763E+00 a       463     0    19     1    13
  7.6680814800896335E-01 a       464     0    19     1    14
 -4.5238624441802808E-02 a       465     0    19     1    15
 -5.5637559580657125E-01 a       466     0    19     1    16
 -8.3355021161683307E-01 a       467     0    19     1    17
  2.1492026100579786E+00 a       468     0    19     1    18
 -5.6500437165589046E-01 a       469     0    19     1    19
 -1.8733099392069825E+00 a       470     0    19     1    20
 -1.3816494701464671E-02 a       471     0    19     1    21
 -2.1739634059357759E-02 a       472     0    19     1    22
  9.4124874175278206E-01 a       473     0    19     1    23
 -3.1879700258158477E+00 a       474     0    19     1    24
 -2.9081300813617279E+00 a       475     0    19     1    25
 -6.6194742779659643E-01 a       476     0    20     1     1
  2.1299171157967614E+01 a       477     0    20     1     2
  3.0191122470168779E+01 a       478     0    20     1     3
  2.4608753225452840E+01 a       479     0    20     1     4
  8.5038076215244089E+00 a       480     0    20     1     5
  2.4677967409423736E+00 a       481     0    20     1     6
 -1.6190617218899017E-01 a       482     0    20     1     7
  4.2850370523066648E+00 a       483     0    20     1     8
  1.9815712460772289E+01 a       484     0    20     1     9
  4.3329190882917761E+00 a       485     0    20     1    10
 -9.7100889085731676E+00 a       486     0    20     1    11
 -6.4551239773906453E+00 a       487     0    20     1    12
 -6.9697910719022111E+00 a       488     0    20     1    13
 -5.3132273871598246E+00 a       489     0    20     1    14
  1.8845167101622042E+01 a       490     0    20     1    15
  6.8073188890881733E+00 a       491     0    20     1    16
  5.1286932452734497E+00 a       492     0    20     1    17
 -1.6609012044349729E+01 a       493     0    20     1    18
 -1.6346003047725070E+01 a       494     0    20     1    19
 -4.5139517301687162E+00 a       495     0    20     1    20
 -1.6598890480200155E+00 a       496     0    20     1    21
 -1.4164814475183663E+01 a       497     0    20     1    22
 -7.7739069247329651E+00 a       498     0    20     1    23
  2.5966985424164818E+01 a       499     0    20     1    24
  2.8140896135432603E+00 a       500     0    20     1    25
  4.7926305071153541E+00 a       501     0    21     1     1
  7.9696589328902256E-01 a       502     0    21     1     2
  6.1289988951148526E+00 a       503     0    21     1     3
 -9.6459047544735377E+00 a       504     0    21     1     4
 -1.9302059227475223E+01 a       505     0    21     1     5
 -1.9955543640968123E+01 a       506     0    21     1     6
 -5.1882785839745962E+00 a       507     0    21     1     7
  4.9800911233199080E-01 a       508     0    21     1     8
 -2.2028540528555109E+00 a       509     0    21     1     9
  2.2508050503730637E-01 a       510     0    21     1    10
 -9.3551950738769261E+00 a       511     0    21     1    11
 -1.8604816056635893E+00 a       512     0    21     1    12
  1.1493101085129316E+01 a       513     0    21     1    13
 -4.8338457537628443E-01 a       514     0    21     1    14
  2.0827078282099091E+01 a       515     0    21     1    15
  6.7676270538844518E-01 a       516     0    21     1    16
 -6.6216519344962448E+00 a       517     0    21     1    17
 -7.1811314976432508E+00 a       518     0    21     1    18
 -1.1869598168256610E+00 a       519     0    21     1    19
 -1.0627403733476690E+01 a       520     0    21     1    20
 -3.6083355898550291E+00 a       521     0    21     1    21
 -1.0405980810900374E+01 a       522     0    21     1    22
 -6.5246131778183614E+00 a       523     0    21     1    23
  1.4092259373462191E+01 a       524     0    21     1    24
  9.3417317699078222E+00 a       525     0    21     1    25
 -6.6440480560469943E+00 a       526     0    22     1     1
 -7.6606353822334805E+00 a       527     0    22     1     2
  2.5745543678711740E+00 a       528     0    22     1     3
  1.0009818535674087E+01 a       529     0    22     1     4
  6.2799748082825051E+00 a       530     0    22     1     5
  1.9322801934715034E+01 a       531     0    22     1     6
  1.2792117747682042E+01 a       532     0    22     1     7
  2.9337098051797752E+00 a       533     0    22     1     8
  9.3913112755129795E+00 a       534     0    22     1     9
 -6.6609961913298097E+00 a       535     0    22     1    10
 -4.4576943144962211E+00 a       536     0    22     1    11
 -6.4466389297147737E+00 a       537     0    22     1    12
 -9.1518651139955622E+00 a       538     0    22     1    13
  4.3131866169177551E+00 a       539     0    22     1    14
 -9.7888803891093872E+00 a       540     0    22     1    15
  5.1632000906102569E+00 a       541     0    22     1    16
 -5.9964538522778090E+00 a       542     0    22     1    17
  2.9777532308356185E+00 a       543     0    22     1    18
  1.2938220381346579E+01 a       544     0    22     1    19
 -5.5242601068875086E+00 a       545     0    22     1    20
 -2.9018192427763112E-01 a       546     0    22     1    21
  3.4336960548768936E+00 a       547     0    22     1    22
 -1.6846656038978596E+00 a       548     0    22     1    23
  1.0153690492047425E+00 a       549     0    22     1    24
 -2.7046597612143528E+00 a       550     0    22     1    25
 -3.0360181222335402E+01 a       551     0    23     1     1
 -9.7180541952785777E+00 a       552     0    23     1     2
 -3.3049785519630056E+01 a       553     0    23     1     3
  2.7135095819973323E+00 a       554     0    23     1     4
 -3.0727004988558271E+00 a       555     0    23     1     5
  2.2491535863429789E+01 a       556     0    23     1     6
 -1.8918187309395229E+00 a       557     0    23     1     7
  3.1368100246480046E+00 a       558     0    23     1     8
 -3.9069179720569753E+00 a       559     0    23     1     9
 -3.0329953137406442E+00 a       560     0    23     1    10
  1.2228198415700255E+01 a       561     0    23     1    11
  8.7602195716262479E+00 a       562     0    23     1    12
 -2.3149645755826866E+00 a       563     0    23     1    13
 -7.9910579680288896E+00 a       564     0    23     1    14
 -2.3734484701622545E+01 a       565     0    23     1    15
 -1.8718105825502320E+01 a       566     0    23     1    16
  2.1129369316549294E+01 a       567     0    23     1    17
  1.4721128632728572E+01 a       568     0    23     1    18
 -6.3890853969188188E-01 a       569     0    23     1    19
  5.8848997323712071E+00 a       570     0    23     1    20
  2.4663382453729588E+00 a       571     0    23     1    21
 -2.9606868127075501E+00 a       572     0    23     1    22
  8.1481593993378088E-01 a       573     0    23     1    23
 -1.3158238522116783E+01 a       574     0    23     1    24
 -1.4904886501705064E+01 a       575     0    23     1    25
  1.1522247194908619E+01 a       576     0    24     1     1
  9.3710152454658129E+00 a       577     0    24     1     2
  9.0098681617132552E+00 a       578     0    24     1     3
  4.0951602248341024E-01 a       579     0    24     1     4
  8.7954818022161056E+00 a       580     0    24     1     5
 -7.7572071798300293E+00 a       581     0    24     1     6
  7.4280862196809005E-01 a       582     0    24     1     7
  1.6548980210340081E+00 a       583     0    24     1     8
 -5.3247537406186476E+00 a       584     0    24     1     9
  3.9105486981770436E+00 a       585     0    24     1    10
 -3.8865226442408163E-01 a       586     0    24     1    11
 -2.0301631892508576E+00 a       587     0    24     1    12
 -6.5317285622517063E-01 a       588     0    24     1    13
 -8.1134173737280388E+00 a       589     0    24     1    14
  4.1786077541750890E+00 a       590     0    24     1    15
 -1.5338727398603123E+00 a       591     0    24     1    16
 -3.7468608650344075E+00 a       592     0    24     1    17
 -6.6548123257715899E+00 a       593     0    24     1    18
 -4.2376062064935356E+00 a       594     0    24     1    19
  1.0391520265649017E+01 a       595     0    24     1    20
  1.6851537549540332E+00 a       596     0    24     1    21
  1.8720327914004461E+01 a       597     0    24     1    22
  1.2062647738344740E+01 a       598     0    24     1    23
  2.2774016897556075E+00 a       599     0    24     1    24
  2.2920506974415655E+00 a       600     0    24     1    25
 -1.1869674871011419E+01 a       601     0    25     1     1
  2.0747224945924034E+00 a       602     0    25     1     2
  6.7316484936092396E+00 a       603     0    25     1     3
  7.8640809637328521E+00 a       604     0    25     1     4
  6.1124562780973224E-01 a       605     0    25     1     5
  2.4072145817595123E+00 a       606     0    25     1     6
 -2.0904259724688976E+00 a       607     0    25     1     7
 -3.9245165923250713E+00 a       608     0    25     1     8
  1.3364059790279572E+00 a       609     0    25     1     9
  4.3099711083010748E+00 a       610     0    25     1    10
  4.2957472134959005E+00 a       611     0    25     1    11
  8.1485270689695941E+00 a       612     0    25     1    12
 -1.1894614020103000E+00 a       613     0    25     1    13
  2.7899718871760739E+00 a       614     0    25     1    14
 -1.9226642449224712E-01 a       615     0    25     1    15
 -5.0934577973561650E+00 a       616     0    25     1    16
  1.9353418023812958E+00 a       617     0    25     1    17
  3.9065645441966090E+00 a       618     0    25     1    18
 -7.9080381532988051E+00 a       619     0    25     1    19
  4.8829277447597823E+00 a       620     0    25     1    20
  1.1273509166906810E+00 a       621     0    25     1    21
  9.3575589434031803E-01 a       622     0    25     1    22
 -2.9216678750848994E+00 a       623     0    25     1    23
 -8.5578281421746247E+00 a       624     0    25     1    24
 -1.0759815453593809E+01 a       625     0    25     1    25
  1.2887350137246612E+01 a       626     0    26     1     1
 -4.6009861657462126E-01 a       627     0    26     1     2
  6.0458904002975205E+00 a       628     0    26     1     3
 -1.3919064461174322E+01 a       629     0    26     1     4
  1.9681121772760914E+00 a       630     0    26     1     5
 -1.5483734102825199E+01 a       631     0    26     1     6
 -2.2576820301607592E+00 a       632     0    26     1     7
 -4.2932459303703208E-01 a       633     0    26     1     8
 -2.0658934237952686E+00 a       634     0    26     1     9
 -2.9250375418112706E+00 a       635     0    26     1    10
 -3.4906106091827098E+00 a       636     0    26     1    11
  3.6301626277358174E+00 a       637     0    26     1    12
  1.6111758426511182E+00 a       638     0    26     1    13
  9.0595854548400805E+00 a       639     0    26     1    14
 -8.2054698016612360E-02 a       640     0    26     1    15
  1.1994267993159449E+01 a       641     0    26     1    16
 -1.3252773305524338E+01 a       642     0    26     1    17
 -2.2531984497677433E+00 a       643     0    26     1    18
  2.9552281196304886E+00 a       644     0    26     1    19
 -3.2342263056666369E+00 a       645     0    26     1    20
 -3.8338397508690440E+00 a       646     0    26     1    21
 -5.7455824122028352E+00 a       647     0    26     1    22
 -4.7683181376285813E+00 a       648     0    26     1    23
  4.0096378073595380E+00 a       649     0    26     1    24
  7.0153278531496452E+00 a       650     0    26     1    25
 -2.1641324955029839E+00 a       651     0    27     1     1
 -6.9622904071785252E-01 a       652     0    27     1     2
 -3.4823654648333853E+00 a       653     0    27     1     3
  8.1513819232365436E-01 a       654     0    27     1     4
 -7.7500768143933207E-01 a       655     0    27     1     5
  2.2467603067791675E+00 a       656     0    27     1     6
 -4.1570186033956326E-02 a       657     0    27     1     7
  1.4883089465717247E-01 a       658     0    27     1     8
  1.8790518374390053E+00 a       659     0    27     1     9
  1.3297496670837718E+00 a       660     0    27     1    10
  1.4557991941401889E+00 a       661     0    27     1    11
 -5.1298231177294946E+00 a       662     0    27     1    12
  1.3483271763913156E+00 a       663     0    27     1    13
 -1.4922073148493471E+00 a       664     0    27     1    14
  2.0044746984744561E+00 a       665     0    27     1    15
 -2.6366571156098662E-01 a       666     0    27     1    16
  3.2354381505981705E-01 a       667     0    27     1    17
  1.5775367536134934E+00 a       668     0    27     1    18
 -4.2156886934687698E-01 a       669     0    27     1    19
 -1.3762617535756538E+00 a       670     0    27     1    20
  8.7843660240187005E-01 a       671     0    27     1    21
  3.6271818254318888E-01 a       672     0    27     1    22
 -2.2713942042879290E-01 a       673     0    27     1    23
 -2.8937856777282467E+00 a       674     0    27     1    24
 -2.6199036979305657E+00 a       675     0    27     1    25
 -9.9416679126592938E-02 b       676     1     1
 -1.5434634428643568E+00 b       677     1     2
  1.9319010160136676E+00 b       678     1     3
  1.2007228733174405E-02 b       679     1     4
 -8.7156807151053428E-01 b       680     1     5
  1.4823005561883232E-01 b       681     1     6
  1.7116249590679677E+00 b       682     1     7
 -1.0630971125489699E+00 b       683     1     8
  4.2686828177555108E-01 b       684     1     9
  1.6130157291957077E+00 b       685     1    10
 -2.5172023056639214E-01 b       686     1    11
 -1.5928768506450075E+00 b       687     1    12
 -1.2548597207361647E+00 b       688     1    13
  4.9221239004780715E-01 b       689     1    14
  6.4396680832453990E-01 b       690     1    15
 -9.0571174158644241E-01 b       691     1    16
 -1.0080689240370933E-01 b       692     1    17
  8.8229476744814395E-01 b       693     1    18
 -4.1411409850200742E-01 b       694     1    19
  1.5999553822201236E+00 b       695     1    20
 -1.3969571806462708E+00 b       696     1    21
  1.6238124016264575E+00 b       697     1    22
  8.5980163299577950E-01 b       698     1    23
 -2.9232062944238431E+00 b       699     1    24
 -8.7618045558515367E-01 b       700     1    25
 -4.6132175389376662E-01 a       701     1     1     2     1
  2.3811434103906481E-01 a       702     1     1     2     2
  4.3475438734428973E-01 a       703     1     1     2     3
 -2.1180816510887147E-02 a       704     1     1     2     4
 -3.1725782162114369E+00 a       705     1     1     2     5
 -1.8044454655749062E-01 a       706     1     1     2     6
 -1.2358227358932856E-01 a       707     1     1     2     7
  5.6337575712982069E-01 a       708     1     1     2     8
  6.5473789318979347E-01 a       709     1     1     2     9
  1.3627882198055510E+00 a       710     1     1     2    10
 -1.1267118898359476E+00 a       711     1     1     2    11
  1.3147672530460683E+00 a       712     1     1     2    12
  3.6730874012304227E-01 a       713     1     1     2    13
 -4.4743960916767000E-01 a       714     1     1     2    14
  3.7695927575200877E-01 a       715     1     1     2    15
 -1.8406268767503948E+00 a       716     1     1     2    16
 -6.2890399770612365E-02 a       717     1     1     2    17
 -5.9700259918326903E-01 a       718     1     1     2    18
 -2.6598603018361644E-01 a       719     1     1     2    19
  3.0395434975008728E-01 a       720     1     1     2    20
 -1.6020636990051065E-01 a       721     1     1     2    21
  1.0097255133696672E+00 a       722     1     1     2    22
  2.5271168521905679E-01 a       723     1     1     2    23
 -1.0700699990670930E+00 a       724     1     1     2    24
 -7.0951764257770467E-01 a       725     1     1     2    25
 -4.0134249577217878E+00 a       726     1     2     2     1
 -1.0673206544851515E+00 a       727     1     2     2     2
  1.7437363404889369E-01 a       728     1     2     2     3
  6.3219432827853875E-02 a       729     1     2     2     4
 -2.8681116779659788E+00 a       730     1     2     2     5
  8.7854267632007854E-01 a       731     1     2     2     6
 -2.2624260279695951E-01 a       732     1     2     2     7
 -1.0154421497650106E+00 a       733     1     2     2     8
 -2.2614135542782563E+00 a       734     1     2     2     9
  8.0610303723819299E-01 a       735     1     2     2    10
  5.4535113331274410E-01 a       736     1     2     2    11
  3.0568002932225649E+00 a       737     1     2     2    12
 -3.0754205469536000E+00 a       738     1     2     2    13
  8.9848794225960704E-01 a       739     1     2     2    14
 -1.9159486257492055E+00 a       740     1     2     2    15
 -7.3025615075623254E+00 a       741     1     2     2    16
  1.8262215607933999E-01 a       742     1     2     2    17
 -1.5806030744887944E+00 a       743     1     2     2    18
 -1.0357492332982372E+00 a       744     1     2     2    19
  1.3897132952616320E+00 a       745     1     2     2    20
 -1.2213888160599000E+00 a       746     1     2     2    21
  6.1874229453137675E-01 a       747     1     2     2    22
  2.4633964119627216E+00 a       748     1     2     2    23
  7.5648039087654995E-01 a       749     1     2     2    24
 -2.0375874110548597E+00 a       750     1     2     2    25
 -1.4474378809439867E+00 a       751     1     3     2     1
 -4.4358884217611427E+00 a       752     1     3     2     2
  2.0608515305454023E+00 a       753     1     3     2     3
 -9.5303570567232787E-01 a       754     1     3     2     4
 -2.7569110001377863E+00 a       755     1     3     2     5
 -4.3666073240610009E-01 a       756     1     3     2     6
 -9.2683996747875819E-01 a       757     1     3     2     7
 -2.5268611651316697E-01 a       758     1     3     2     8
  7.9833180800759151E-01 a       759     1     3     2     9
 -5.8028694152824201E-01 a       760     1     3     2    10
  4.6916563450581961E-01 a       761     1     3     2    11
 -1.5263615527318697E+00 a       762     1     3     2    12
  1.8804625577931751E+00 a       763     1     3     2    13
  9.2465940891039400E-01 a       764     1     3     2    14
  1.4946194846350507E+00 a       765     1     3     2    15
 -2.0351522629236900E+00 a       766     1     3     2    16
  2.0920948973583475E+00 a       767     1     3     2    17
  1.0652445478338109E-01 a       768     1     3     2    18
  7.0685584740847529E-01 a       769     1     3     2    19
 -1.1427518078505773E-01 a       770     1     3     2    20
  8.4635373082707144E-01 a       771     1     3     2    21
  2.4595379614409107E-01 a       772     1     3     2    22
  3.1856445144752161E+00 a       773     1     3     2    23
  5.7121036339316245E+00 a       774     1     3     2    24
  1.0094497996099030E+01 a       775     1     3     2    25
 -4.1359005252957626E-01 a       776     1     4     2     1
  1.9343578795767738E-01 a       777     1     4     2     2
  4.3103249814037486E-01 a       778     1     4     2     3
 -1.6260063678298481E-01 a       779     1     4     2     4
 -1.8568840019993353E+00 a       780     1     4     2     5
 -3.5794698361051169E-01 a       781     1     4     2     6
  1.5905317212550202E-01 a       782     1     4     2     7
  8.2171570952500037E-02 a       783     1     4     2     8
 -5.6335603892367725E-01 a       784     1     4     2     9
  1.1980039618117580E-01 a       785     1     4     2    10
  1.4075800723556482E+00 a       786     1     4     2    11
  1.1492665757039762E+00 a       787     1     4     2    12
  1.8720519154449655E+00 a       788     1     4     2    13
  4.8092462481433096E-01 a       789     1     4     2    14
  4.9371585871413126E-01 a       790     1     4     2    15
  1.7515903294738304E+00 a       791     1     4     2    16
 -2.1443742480343525E-01 a       792     1     4     2    17
  1.5614780668440158E+00 a       793     1     4     2    18
 -1.7975005651363605E+00 a       794     1     4     2    19
  2.0835972141212880E+00 a       795     1     4     2    20
  1.0698505494153900E+00 a       796     1     4     2    21
  1.8869358603788928E+00 a       797     1     4     2    22
 -1.1091295907446985E+00 a       798     1     4     2    23
 -3.0425752893628610E-01 a       799     1     4     2    24
 -8.7537957698517677E-01 a       800     1     4     2    25
 -6.7437028493981621E-01 a       801     1     5     2     1
 -1.5280866054178006E+00 a       802     1     5     2     2
 -8.3468331402757154E-02 a       803     1     5     2     3
 -5.2990614181383267E-01 a       804     1     5     2     4
  8.8062179948387254E-01 a       805     1     5     2     5
 -9.3689066561140844E-01 a       806     1     5     2     6
  1.5210954654200373E-02 a       807     1     5     2     7
  7.1362646026975474E-01 a       808     1     5     2     8
 -1.2174022435425531E+00 a       809     1     5     2     9
 -2.3870701091691426E-02 a       810     1     5     2    10
  1.0903057110743046E+00 a       811     1     5     2    11
 -2.3842883420553536E+00 a       812     1     5     2    12
  1.7429539243089309E+00 a       813     1     5     2    13
 -9.5989383076226301E-02 a       814     1     5     2    14
 -6.5679666741877724E-02 a       815     1     5     2    15
  2.8839059426559825E+00 a       816     1     5     2    16
  1.6946696634332088E+00 a       817     1     5     2    17
  1.9599444057048707E+00 a       818     1     5     2    18
 -8.3846827458014284E-01 a       819     1     5     2    19
 -2.6785391754271648E-01 a       820     1     5     2    20
  1.0927062632480249E+00 a       821     1     5     2    21
  5.7418350030897192E-01 a       822     1     5     2    22
  6.7515998310637382E-01 a       823     1     5     2    23
  1.8008104471343949E+00 a       824     1     5     2    24
 -8.9149618060089908E-01 a       825     1     5     2    25
 -4.5566452155146175E-01 a       826     1     6     2     1
  9.6459243135904293E-01 a       827     1     6     2     2
 -1.8369568651139001E+00 a       828     1     6     2     3
 -4.5853239911095484E-01 a       829     1     6     2     4
  8.6045324443824367E-01 a       830     1     6     2     5
 -1.4815928697054515E-01 a       831     1     6     2     6
  8.4769531731517342E-02 a       832     1     6     2     7
  6.6287853952789622E-01 a       833     1     6     2     8
 -2.4161897647903348E+00 a       834     1     6     2     9
  1.6614807779188884E-01 a       835     1     6     2    10
  1.0826894666716436E+00 a       836     1     6     2    11
  1.1012919639732235E+00 a       837     1     6     2    12
  6.7519970239985339E-01 a       838     1     6     2    13
  1.0975665304561539E+00 a       839     1     6     2    14
 -6.3382908877265901E-03 a       840     1     6     2    15
 -1.1210940136310028E+00 a       841     1     6     2    16
  1.6952707641324249E-01 a       842     1     6     2    17
  7.5490509460368471E-01 a       843     1     6     2    18
  7.3207710461825526E-01 a       844     1     6     2    19
 -4.0266922668151067E-01 a       845     1     6     2    20
  1.1690776424041200E+00 a       846     1     6     2    21
  1.6937502520612899E+00 a       847     1     6     2    22
  6.7049139924303114E-01 a       848     1     6     2    23
  3.0440238463335723E-01 a       849     1     6     2    24
 -8.9677033776160020E-01 a       850     1     6     2    25
 -3.6141721462226970E+00 a       851     1     7     2     1
  3.6329709859222068E+00 a       852     1     7     2     2
 -1.7814618121753463E+00 a       853     1     7     2     3
 -2.7001452501191965E+00 a       854     1     7     2     4
 -1.6069394912098325E+01 a       855     1     7     2     5
 -2.8473711532460984E+00 a       856     1     7     2     6
  7.8382724865677911E-01 a       857     1     7     2     7
  2.1476107199331733E+00 a       858     1     7     2     8
 -7.2420026632821548E+00 a       859     1     7     2     9
 -4.4823915656233959E+00 a       860     1     7     2    10
  5.6008192476605334E+00 a       861     1     7     2    11
  1.0942024511373159E+01 a       862     1     7     2    12
  6.1727433031569321E+00 a       863     1     7     2    13
  2.5571090343221723E+00 a       864     1     7     2    14
  5.1173754881784363E+00 a       865     1     7     2    15
  3.0135686213544666E-01 a       866     1     7     2    16
  4.0992461899091213E+00 a       867     1     7     2    17
  6.4790200128374424E+00 a       868     1     7     2    18
 -6.4212194033723495E+00 a       869     1     7     2    19
  1.0086491347081425E+01 a       870     1     7     2    20
  8.0670066241220511E+00 a       871     1     7     2    21
 -3.0301288967190403E+00 a       872     1     7     2    22
  6.2904351495753952E+00 a       873     1     7     2    23
 -7.5743131284163545E-01 a       874     1     7     2    24
 -3.7352826171036497E+00 a       875     1     7     2    25
 -6.0461533256238920E-01 a       876     1     8     2     1
 -3.6130544781480416E-02 a       877     1     8     2     2
  1.1016884448436497E+00 a       878     1     8     2     3
 -1.9437675615419986E-01 a       879     1     8     2     4
 -2.0522393056897723E-01 a       880     1     8     2     5
 -1.4604897827537759E+00 a       881     1     8     2     6
  1.5190903824162898E+00 a       882     1     8     2     7
 -3.6637163071409778E-01 a       883     1     8     2     8
  9.3432178615499781E-02 a       884     1     8     2     9
 -4.4621426726442892E-01 a       885     1     8     2    10
 -2.8384620581491354E-01 a       886     1     8     2    11
  1.0360932807876901E+00 a       887     1     8     2    12
  2.7295399811746966E-02 a       888     1     8     2    13
 -2.0046760643444168E+00 a       889     1     8     2    14
 -6.3332604124442626E-01 a       890     1     8     2    15
 -1.1660588973794472E+00 a       891     1     8     2    16
  1.7403108456998522E+00 a       892     1     8     2    17
 -6.2371519403549081E-01 a       893     1     8     2    18
 -1.6225823431172404E+00 a       894     1     8     2    19
 -3.5432239064579601E-01 a       895     1     8     2    20
 -1.4218208000458692E+00 a       896     1     8     2    21
 -1.2117221709491670E+00 a       897     1     8     2    22
  8.9946316406796512E-01 a       898     1     8     2    23
 -2.7052906951200972E+00 a       899     1     8     2    24
 -1.7716927091999892E+00 a       900     1     8     2    25
 -1.1098865892741729E+00 a       901     1     9     2     1
 -3.2595204057950383E-01 a       902     1     9     2     2
  1.2727666824782302E+00 a       903     1     9     2     3
  8.0679310761738232E-01 a       904     1     9     2     4
 -1.6170813951421414E+00 a       905     1     9     2     5
  2.1240246729997875E-01 a       906     1     9     2     6
 -8.7635102253216179E-01 a       907     1     9     2     7
 -1.1088502040313701E+00 a       908     1     9     2     8
 -1.7322574313859640E+00 a       909     1     9     2     9
 -2.0098968106785149E+00 a       910     1     9     2    10
  2.6859783225107436E-01 a       911     1     9     2    11
 -3.6341322009685567E-01 a       912     1     9     2    12
 -7.0221561863705739E-01 a       913     1     9     2    13
 -3.5165742561096591E-01 a       914     1     9     2    14
 -2.1290826284678624E-01 a       915     1     9     2    15
 -6.7562377704643950E-01 a       916     1     9     2    16
 -9.5281944660550599E-01 a       917     1     9     2    17
  7.3710751645881589E-01 a       918     1     9     2    18
 -2.4132114778874647E+00 a       919     1     9     2    19
 -7.3952031096295912E-01 a       920     1     9     2    20
 -5.6057352414823070E-03 a       921     1     9     2    21
  1.2227803071288519E-01 a       922     1     9     2    22
 -9.0005815920093735E-01 a       923     1     9     2    23
 -3.3598283400521167E-01 a       924     1     9     2    24
 -8.1946026161677329E-02 a       925     1     9     2    25
 -1.0486246477301204E+00 a       926     1    10     2     1
 -2.8686636375655089E-01 a       927     1    10     2     2
 -1.2274487325232244E+00 a       928     1    10     2     3
 -3.4620685610099957E+00 a       929     1    10     2     4
  3.4840903726220094E+00 a       930     1    10     2     5
  2.5534895060036256E-01 a       931     1    10     2     6
 -2.7185045630170984E-01 a       932     1    10     2     7
  6.1887015696006050E-03 a       933     1    10     2     8
 -6.2793015394762008E-01 a       934     1    10     2     9
 -1.3045581914118030E+00 a       935     1    10     2    10
 -4.0840743600508240E+00 a       936     1    10     2    11
 -4.3097877727797024E-01 a       937     1    10     2    12
 -2.7750789822476891E+00 a       938     1    10     2    13
 -2.2412942699778506E+00 a       939     1    10     2    14
  1.0547892813895590E+00 a       940     1    10     2    15
 -2.5378279379839657E+00 a       941     1    10     2    16
  5.9853951449936793E-01 a       942     1    10     2    17
 -8.6046389276848034E-01 a       943     1    10     2    18
  2.0457996176885005E+00 a       944     1    10     2    19
 -4.0814643611276855E+00 a       945     1    10     2    20
 -2.5755186795936722E+00 a       946     1    10     2    21
 -1.9201624977258613E+00 a       947     1    10     2    22
  1.0615320061975508E+00 a       948     1    10     2    23
 -2.9871955652531607E-01 a       949     1    10     2    24
 -5.8265508372641595E+00 a       950     1    10     2    25
  1.0166314319947949E+00 a       951     1    11     2     1
  4.5173643892898457E-01 a       952     1    11     2     2
 -6.3263626293827202E-01 a       953     1    11     2     3
 -2.7561284414903370E-01 a       954     1    11     2     4
  1.8407141739336914E+00 a       955     1    11     2     5
 -1.6378593950188258E-01 a       956     1    11     2     6
  8.2177631542221810E-02 a       957     1    11     2     7
  8.2485669254306637E-01 a       958     1    11     2     8
  1.7642174796115477E-03 a       959     1    11     2     9
  9.6757592696655650E-03 a       960     1    11     2    10
 -4.9263769942794322E-01 a       961     1    11     2    11
  2.0145862235798844E+00 a       962     1    11     2    12
  1.9109774926064368E-01 a       963     1    11     2    13
 -4.3658669568312308E-01 a       964     1    11     2    14
  7.9672560435289475E-01 a       965     1    11     2    15
  3.5116590627469457E+00 a       966     1    11     2    16
 -4.7451652950325440E-01 a       967     1    11     2    17
 -7.9017250423181681E-02 a       968     1    11     2    18
 -1.0680145214304597E+00 a       969     1    11     2    19
 -2.5106312375374251E-01 a       970     1    11     2    20
  5.6707121759619672E-01 a       971     1    11     2    21
  6.6359893658430114E-01 a       972     1    11     2    22
 -4.4281179426738970E-01 a       973     1    11     2    23
  6.6913302661300122E-01 a       974     1    11     2    24
 -6.0734160677811788E-01 a       975     1    11     2    25
  7.5420553546656877E-01 a       976     1    12     2     1
  7.8667101896986380E-01 a       977     1    12     2     2
  1.8509101101931713E+00 a       978     1    12     2     3
 -2.1421093393642994E+00 a       979     1    12     2     4
 -5.1826002663763351E+00 a       980     1    12     2     5
  1.1942836948504263E+00 a       981     1    12     2     6
  4.2718596256703811E-01 a       982     1    12     2     7
  3.6688840569780129E-01 a       983     1    12     2     8
  1.5933672211120826E+00 a       984     1    12     2     9
  2.6812595662528182E+00 a       985     1    12     2    10
 -3.7124638304994594E-02 a       986     1    12     2    11
 -8.4389962262266327E-01 a       987     1    12     2    12
 -1.8320658585869168E-01 a       988     1    12     2    13
 -1.6253810087142626E+00 a       989     1    12     2    14
 -2.0126682226712096E+00 a       990     1    12     2    15
 -7.1344357181711157E-02 a       991     1    12     2    16
  1.6569116563918034E+00 a       992     1    12     2    17
 -7.8648448404154025E-01 a       993     1    12     2    18
 -2.0500953268258417E+00 a       994     1    12     2    19
 -3.7546401892544394E+00 a       995     1    12     2    20
  7.5855576406766767E-01 a       996     1    12     2    21
  2.5213536931116547E+00 a       997     1    12     2    22
  4.8444214376984013E-01 a       998     1    12     2    23
  1.5466790255792235E+00 a       999     1    12     2    24
  2.3134849816985614E+00 a      1000     1    12     2    25
 -1.2226928761353935E+00 a      1001     1    13     2     1
 -4.2814022869480386E+00 a      1002     1    13     2     2
  1.1907193476678929E-01 a      1003     1    13     2     3
 -9.6873676070679893E-01 a      1004     1    13     2     4
  3.8338415472196794E+00 a      1005     1    13     2     5
 -2.5350607971566536E-01 a      1006     1    13     2     6
 -1.4086149824457586E-01 a      1007     1    13     2     7
  1.3225678265734728E+00 a      1008     1    13     2     8
  2.0006807343274722E+00 a      1009     1    13     2     9
  1.7845372410027868E-01 a      1010     1    13     2    10
 -3.5843897842281320E+00 a      1011     1    13     2    11
  1.7654775675845540E+00 a      1012     1    13     2    12
 -2.0632127908892198E-01 a      1013     1    13     2    13
 -7.2727924125487420E-01 a      1014     1    13     2    14
 -1.4897007584268243E+00 a      1015     1    13     2    15
 -4.2156787049722144E+00 a      1016     1    13     2    16
  2.9365274108926614E-01 a      1017     1    13     2    17
 -1.8911786786186773E+00 a      1018     1    13     2    18
  3.9092917320096560E-01 a      1019     1    13     2    19
  1.7962861465414555E+00 a      1020     1    13     2    20
 -2.2993924941889214E+00 a      1021     1    13     2    21
 -8.6627687509522566E+00 a      1022     1    13     2    22
  3.2309758716938748E+00 a      1023     1    13     2    23
  1.3154041937037242E+00 a      1024     1    13     2    24
  5.3923194785856154E-01 a      1025     1    13     2    25
  1.0506126167119827E+00 a      1026     1    14     2     1
  2.8786714343236264E-01 a      1027     1    14     2     2
 -9.5188719434557312E-01 a      1028     1    14     2     3
  4.5373046027917668E-01 a      1029     1    14     2     4
  6.8167526236652742E-01 a      1030     1    14     2     5
  1.8222356367226591E-01 a      1031     1    14     2     6
  2.7721301790245906E-01 a      1032     1    14     2     7
  4.5626541529016229E-01 a      1033     1    14     2     8
  3.5828162939264341E-01 a      1034     1    14     2     9
  1.7677492600014580E-01 a      1035     1    14     2    10
  3.4807779394527055E-01 a      1036     1    14     2    11
  2.7224452838490792E-01 a      1037     1    14     2    12
  1.1184402522463046E+00 a      1038     1    14     2    13
 -4.3777227011034342E-02 a      1039     1    14     2    14
  1.1256211969375605E+00 a      1040     1    14     2    15
 -3.9272393872888145E+00 a      1041     1    14     2    16
 -2.3867730748331628E-01 a      1042     1    14     2    17
  7.2074163622590337E-01 a      1043     1    14     2    18
  4.1317875908496027E-01 a      1044     1    14     2    19
  4.1175144170638826E-03 a      1045     1    14     2    20
  1.1027980085230240E+00 a      1046     1    14     2    21
  1.6363089867673306E-01 a      1047     1    14     2    22
 -4.7044031658157326E-01 a      1048     1    14     2    23
  1.0910523791292228E+00 a      1049     1    14     2    24
 -1.6030660457451207E-01 a      1050     1    14     2    25
 -4.4420951560576860E-01 a      1051     1    15     2     1
 -4.0359027190393665E-01 a      1052     1    15     2     2
  5.7321501179935330E-01 a      1053     1    15     2     3
  8.9775556060936590E-01 a      1054     1    15     2     4
  3.9428739206838967E+00 a      1055     1    15     2     5
 -5.4589938085147083E-01 a      1056     1    15     2     6
  2.9020233019484210E-01 a      1057     1    15     2     7
 -3.1269453556788251E-01 a      1058     1    15     2     8
  3.4792374998202125E-01 a      1059     1    15     2     9
  3.7048136013431160E-01 a      1060     1    15     2    10
 -7.0187496124047377E-01 a      1061     1    15     2    11
 -2.7128128072009178E-01 a      1062     1    15     2    12
 -5.2208121598401958E-01 a      1063     1    15     2    13
  4.0312762821291187E-01 a      1064     1    15     2    14
 -1.3339218532251504E+00 a      1065     1    15     2    15
 -2.2809491531872443E+00 a      1066     1    15     2    16
 -7.8813698221478978E-01 a      1067     1    15     2    17
 -4.9560119213930248E-01 a      1068     1    15     2    18
  1.6828868946948834E+00 a      1069     1    15     2    19
 -3.9216119616642664E-01 a      1070     1    15     2    20
 -1.2128019908624053E+00 a      1071     1    15     2    21
  1.6525698856783650E+00 a      1072     1    15     2    22
 -1.8082969337903796E+00 a      1073     1    15     2    23
  7.3059595345681294E-01 a      1074     1    15     2    24
 -3.5999230281746092E-01 a      1075     1    15     2    25
  1.3785465273714130E+00 a      1076     1    16     2     1
  5.8488543010254621E-02 a      1077     1    16     2     2
  1.0493974110326285E+00 a      1078     1    16     2     3
 -4.8406809644058874E-01 a      1079     1    16     2     4
 -2.4342071881983878E+00 a      1080     1    16     2     5
  3.1119622914572187E-01 a      1081     1    16     2     6
  3.6298750218441228E-01 a      1082     1    16     2     7
  7.8311406787337567E-01 a      1083     1    16     2     8
  1.4778805322138593E+00 a      1084     1    16     2     9
  6.8197803490145292E-01 a      1085     1    16     2    10
  1.8277900170426820E+00 a      1086     1    16     2    11
 -3.3963916689031182E-01 a      1087     1    16     2    12
  1.3405870993594200E+00 a      1088     1    16     2    13
 -3.0117387331320933E-01 a      1089     1    16     2    14
  1.1218994678292993E+00 a      1090     1    16     2    15
  1.8108749678954608E+00 a      1091     1    16     2    16
  3.0013553853271119E-01 a      1092     1    16     2    17
  3.0362095833269792E-01 a      1093     1    16     2    18
 -1.0777101275769521E+00 a      1094     1    16     2    19
  1.2226039183206665E+00 a      1095     1    16     2    20
  1.4444960677627074E+00 a      1096     1    16     2    21
  2.3946202105171580E-02 a      1097     1    16     2    22
  1.5678115421586851E+00 a      1098     1    16     2    23
 -2.4203005915044402E+00 a      1099     1    16     2    24
  2.0268239520996700E+00 a      1100     1    16     2    25
  2.1939317361756536E-01 a      1101     1    17     2     1
  4.6425433745554384E-01 a      1102     1    17     2     2
  3.5422087144407383E-01 a      1103     1    17     2     3
 -1.3214979337238583E-01 a      1104     1    17     2     4
  9.2495698507778601E-01 a      1105     1    17     2     5
  2.2102033831622792E-01 a      1106     1    17     2     6
 -8.4981523406886930E-02 a      1107     1    17     2     7
  1.7347855446043112E-01 a      1108     1    17     2     8
  1.4587255914257076E+00 a      1109     1    17     2     9
 -4.4853789483546797E-01 a      1110     1    17     2    10
 -3.4161201826758802E-02 a      1111     1    17     2    11
 -1.7770451275627868E+00 a      1112     1    17     2    12
  1.4598429449553119E+00 a      1113     1    17     2    13
  8.3427349691090469E-01 a      1114     1    17     2    14
  4.6608750219942074E-01 a      1115     1    17     2    15
  2.1994342485546370E+00 a      1116     1    17     2    16
 -5.9044967246396651E-01 a      1117     1    17     2    17
 -1.4067196432049309E-01 a      1118     1    17     2    18
  1.0517080402897581E+00 a      1119     1    17     2    19
 -2.1036611898712367E+00 a      1120     1    17     2    20
 -1.5182645844458148E-01 a      1121     1    17     2    21
 -1.6337630443829112E+00 a      1122     1    17     2    22
  7.4336106784736444E-01 a      1123     1    17     2    23
  4.3776952471911423E-01 a      1124     1    17     2    24
  6.3486860581235104E-03 a      1125     1    17     2    25
 -1.3701666367310517E-01 a      1126     1    18     2     1
  6.1664624230234144E-01 a      1127     1    18     2     2
 -1.2803128242357913E+00 a      1128     1    18     2     3
 -8.1005974047984797E-01 a      1129     1    18     2     4
  2.6456026419866765E+00 a      1130     1    18     2     5
  1.5071955570580531E+00 a      1131     1    18     2     6
 -3.6931848221624769E-01 a      1132     1    18     2     7
  3.8028979411661856E-01 a      1133     1    18     2     8
 -2.4369707239385052E+00 a      1134     1    18     2     9
 -6.9298786292681247E-01 a      1135     1    18     2    10
  3.2991886836620771E-01 a      1136     1    18     2    11
 -6.1869524235357709E-01 a      1137     1    18     2    12
  5.9622276031400734E-01 a      1138     1    18     2    13
  7.4320703321430392E-01 a      1139     1    18     2    14
 -1.0822569723612683E+00 a      1140     1    18     2    15
  6.3818927175861206E-01 a      1141     1    18     2    16
 -1.1681476314154275E+00 a      1142     1    18     2    17
 -2.7989636506229171E-01 a      1143     1    18     2    18
  3.0559654911521106E-01 a      1144     1    18     2    19
  8.1978255337843517E-02 a      1145     1    18     2    20
  8.7082977018927032E-01 a      1146     1    18     2    21
 -7.4407400432677506E-01 a      1147     1    18     2    22
  9.0788205635460228E-01 a      1148     1    18     2    23
  2.0471051664984481E+00 a      1149     1    18     2    24
 -1.2777712667180008E+00 a      1150     1    18     2    25
  1.0649390971033801E-01 a      1151     1    19     2     1
  1.0088368655536029E+00 a      1152     1    19     2     2
 -1.3192477946179590E-01 a      1153     1    19     2     3
 -6.2684926610489089E-01 a      1154     1    19     2     4
 -2.1212413433198023E+00 a      1155     1    19     2     5
 -1.0982699348792004E+00 a      1156     1    19     2     6
  4.5972034806610362E-01 a      1157     1    19     2     7
  1.0434941457551348E+00 a      1158     1    19     2     8
 -3.1429244659544291E+00 a      1159     1    19     2     9
 -8.1746635676462717E-02 a      1160     1    19     2    10
 -5.0450464445219434E-01 a      1161     1    19     2    11
  4.9059727073595616E-01 a      1162     1    19     2    12
  8.1559283571911623E-01 a      1163     1    19     2    13
  5.0899824355633838E-01 a      1164     1    19     2    14
  2.0737300645247497E-01 a      1165     1    19     2    15
  9.5780007145006651E-01 a      1166     1    19     2    16
  7.7511672591115699E-01 a      1167     1    19     2    17
  1.4708088318824584E+00 a      1168     1    19     2    18
 -7.3809753006608791E-01 a      1169     1    19     2    19
  2.9424951797160592E-01 a      1170     1    19     2    20
  6.8950871932526947E-01 a      1171     1    19     2    21
 -2.7777588090641137E-01 a      1172     1    19     2    22
  1.0676751197492784E+00 a      1173     1    19     2    23
 -1.0361035303946731E+00 a      1174     1    19     2    24
 -1.3217474938959461E+00 a      1175     1    19     2    25
 -1.7007926600521131E-01 a      1176     1    20     2     1
 -9.3426395230351600E-01 a      1177     1    20     2     2
  1.8880862233894657E+00 a      1178     1    20     2     3
  9.2612879197967624E-01 a      1179     1    20     2     4
  5.2500935348233446E-01 a      1180     1    20     2     5
  2.4926635124408986E-01 a      1181     1    20     2     6
 -8.5462417734270019E-02 a      1182     1    20     2     7
 -5.7227080887215831E-01 a      1183     1    20     2     8
 -1.3910782399770447E+00 a      1184     1    20     2     9
  7.8300274146840398E-01 a      1185     1    20     2    10
  3.1918429902166950E-01 a      1186     1    20     2    11
  1.8280099159915062E+00 a      1187     1    20     2    12
 -2.6965294742569461E+00 a      1188     1    20     2    13
  9.4437849216021041E-01 a      1189     1    20     2    14
  1.3086084454471696E+00 a      1190     1    20     2    15
  1.8548883185466172E+00 a      1191     1    20     2    16
 -1.0440742365938729E+00 a      1192     1    20     2    17
  1.8545077447152567E+00 a      1193     1    20     2    18
 -5.1990671543181852E+00 a      1194     1    20     2    19
  2.0197920216491477E-01 a      1195     1    20     2    20
  1.6512832510598705E+00 a      1196     1    20     2    21
 -3.5464939103044903E+00 a      1197     1    20     2    22
 -2.6740195947517367E+00 a      1198     1    20     2    23
  1.9591525831713152E+00 a      1199     1    20     2    24
  1.8092424595170724E+00 a      1200     1    20     2    25
 -6.1310105672246797E-02 a      1201     1    21     2     1
  1.2498147983789538E+00 a      1202     1    21     2     2
 -1.2948605119621217E+00 a      1203     1    21     2     3
 -1.1142661657184687E+00 a      1204     1    21     2     4
  9.9403085949696102E-01 a      1205     1    21     2     5
 -4.3337107760065846E-01 a      1206     1    21     2     6
  1.0320241534411219E+00 a      1207     1    21     2     7
  7.7660422447662747E-01 a      1208     1    21     2     8
  1.5039617629047530E+00 a      1209     1    21     2     9
 -6.4145576766127466E-01 a      1210     1    21     2    10
 -3.3189119609547175E+00 a      1211     1    21     2    11
 -3.1485730873490947E-01 a      1212     1    21     2    12
 -4.4613305442643630E-01 a      1213     1    21     2    13
  9.4272219626079878E-01 a      1214     1    21     2    14
 -1.5398679255281080E+00 a      1215     1    21     2    15
 -6.8538280104425575E-01 a      1216     1    21     2    16
  8.3785442716207015E-01 a      1217     1    21     2    17
 -2.1461454128304056E+00 a      1218     1    21     2    18
  3.5537487004510244E+00 a      1219     1    21     2    19
 -1.3072112184937896E+00 a      1220     1    21     2    20
 -2.2767929937630402E+00 a      1221     1    21     2    21
 -7.4904251390803556E-01 a      1222     1    21     2    22
 -7.4900994310565405E-01 a      1223     1    21     2    23
  3.0171001242861504E+00 a      1224     1    21     2    24
 -1.4953099019533611E+00 a      1225     1    21     2    25
  5.8281203760353373E-01 a      1226     1    22     2     1
 -5.9767160845461309E-01 a      1227     1    22     2     2
 -4.2361033238055412E-01 a      1228     1    22     2     3
  5.5402916045846085E-01 a      1229     1    22     2     4
 -2.5960425044280497E+00 a      1230     1    22     2     5
 -1.8926643428389336E+00 a      1231     1    22     2     6
  8.0158418283998334E-02 a      1232     1    22     2     7
  2.2770585322670325E-01 a      1233     1    22     2     8
  3.6530759778499635E+00 a      1234     1    22     2     9
  9.9274321058242643E-01 a      1235     1    22     2    10
 -1.2165946025146586E+00 a      1236     1    22     2    11
  6.8520690697936484E+00 a      1237     1    22     2    12
  7.9318188930595623E-01 a      1238     1    22     2    13
 -1.4686718914476613E+00 a      1239     1    22     2    14
 -1.8139728394345045E+00 a      1240     1    22     2    15
 -5.0124232106260145E+00 a      1241     1    22     2    16
 -2.4745450013790684E+00 a      1242     1    22     2    17
 -3.7646670315247688E+00 a      1243     1    22     2    18
 -3.5529141313733934E+00 a      1244     1    22     2    19
  5.2873305195639011E+00 a      1245     1    22     2    20
 -3.5317263953956592E+00 a      1246     1    22     2    21
 -4.8031519968417440E+00 a      1247     1    22     2    22
  8.4043896854283173E-01 a      1248     1    22     2    23
  6.5448857627291590E-01 a      1249     1    22     2    24
  1.9060618166746595E+00 a      1250     1    22     2    25
 -5.8590408154903628E-01 a      1251     1    23     2     1
  1.2055232883769926E+00 a      1252     1    23     2     2
  6.8274471569912332E-01 a      1253     1    23     2     3
 -1.2939949261994841E+00 a      1254     1    23     2     4
  1.7870496991002893E+00 a      1255     1    23     2     5
 -6.1036660908140528E-02 a      1256     1    23     2     6
 -9.9858417137753286E-01 a      1257     1    23     2     7
 -9.2516915722111195E-02 a      1258     1    23     2     8
  1.1965085292676028E+00 a      1259     1    23     2     9
  4.1442901880485372E-01 a      1260     1    23     2    10
  4.9029364932065375E-02 a      1261     1    23     2    11
  1.5045762864655883E+00 a      1262     1    23     2    12
 -4.2266556179553044E-01 a      1263     1    23     2    13
 -3.6203335490171784E-01 a      1264     1    23     2    14
 -1.5592887713614473E-01 a      1265     1    23     2    15
 -1.0702795404936385E+00 a      1266     1    23     2    16
 -3.1314102901738544E-01 a      1267     1    23     2    17
 -1.4599869999658239E+00 a      1268     1    23     2    18
  5.3838166498585982E-01 a      1269     1    23     2    19
  5.2757307791735253E-01 a      1270     1    23     2    20
 -4.2514100976161523E-01 a      1271     1    23     2    21
 -4.6052602043843371E-01 a      1272     1    23     2    22
  5.5196597382106538E-01 a      1273     1    23     2    23
 -1.0951940159185634E+00 a      1274     1    23     2    24
 -2.9615583075533265E+00 a      1275     1    23     2    25
 -1.3866463074033020E-01 a      1276     1    24     2     1
  2.6940736955817659E+00 a      1277     1    24     2     2
 -4.2631977345612375E+00 a      1278     1    24     2     3
 -1.5236137519830282E+00 a      1279     1    24     2     4
 -9.3152819634120991E+00 a      1280     1    24     2     5
  3.1300652799034229E-01 a      1281     1    24     2     6
 -6.9089908506777431E-01 a      1282     1    24     2     7
 -7.1537639705141681E-02 a      1283     1    24     2     8
 -1.7683962189805598E+00 a      1284     1    24     2     9
 -2.8941860677870683E+00 a      1285     1    24     2    10
 -2.0429518807456195E+00 a      1286     1    24     2    11
  1.4711147560144053E+00 a      1287     1    24     2    12
 -1.2543787916118767E+00 a      1288     1    24     2    13
  9.9591137058690304E-01 a      1289     1    24     2    14
  2.8875905852970174E+00 a      1290     1    24     2    15
  1.0460322797734980E+00 a      1291     1    24     2    16
 -1.5200100032598234E+00 a      1292     1    24     2    17
  5.2705898996069978E-01 a      1293     1    24     2    18
 -1.6342519632178016E+00 a      1294     1    24     2    19
 -2.2915618097349126E+00 a      1295     1    24     2    20
 -1.4694217777683665E+00 a      1296     1    24     2    21
  3.8199659441327447E+00 a      1297     1    24     2    22
  1.2375512628045311E+00 a      1298     1    24     2    23
  1.2592311664142181E-01 a      1299     1    24     2    24
 -1.1690521759880875E+01 a      1300     1    24     2    25
  5.0158917589747010E-01 a      1301     1    25     2     1
  1.5906262787960593E-01 a      1302     1    25     2     2
  4.0226621836924353E-01 a      1303     1    25     2     3
 -7.1988056517145382E-01 a      1304     1    25     2     4
 -1.8729453620309156E+00 a      1305     1    25     2     5
 -2.3960788357929516E-01 a      1306     1    25     2     6
  5.3300832210261861E-01 a      1307     1    25     2     7
  1.1807236166382897E+00 a      1308     1    25     2     8
 -1.9501725475933711E+00 a      1309     1    25     2     9
  1.2659744473302478E-01 a      1310     1    25     2    10
 -2.5582916834701885E-01 a      1311     1    25     2    11
 -4.5696022108957574E-01 a      1312     1    25     2    12
 -4.2375874011320529E-02 a      1313     1    25     2    13
 -7.9760455340921521E-01 a      1314     1    25     2    14
  1.1456828593427595E+00 a      1315     1    25     2    15
  3.1188451932545767E+00 a      1316     1    25     2    16
  5.2207282700495372E-01 a      1317     1    25     2    17
  1.0026178334385494E+00 a      1318     1    25     2    18
 -1.3492078669280152E+00 a      1319     1    25     2    19
 -1.5287914933583711E+00 a      1320     1    25     2    20
  3.7474012279118585E-01 a      1321     1    25     2    21
  7.0095488402235129E-01 a      1322     1    25     2    22
  5.9033713285176914E-01 a      1323     1    25     2    23
 -5.5167079279079956E-01 a      1324     1    25     2    24
 -6.7057430341441515E-01 a      1325     1    25     2    25
  1.5748919156345771E+00 b      1326     2     1
 -1.1910405793588583E+00 b      1327     2     2
 -1.1246215492786058E+00 b      1328     2     3
 -4.8980056523242071E-01 b      1329     2     4
 -1.2944426125720001E+00 b      1330     2     5
  2.8537468607795913E+00 b      1331     2     6
  2.2363342118450849E-01 b      1332     2     7
  2.4730208529346287E+00 b      1333     2     8
  2.1906522613513664E+00 b      1334     2     9
  7.9170071439452663E+00 b      1335     2    10
 -6.0227684228223559E+00 b      1336     2    11
 -1.5269807058578019E+01 b      1337     2    12
 -6.8574841823394337E+00 b      1338     2    13
 -3.0593200350151379E+00 b      1339     2    14
 -7.1497857503032085E+00 b      1340     2    15
  9.7117894385349803E+00 b      1341     2    16
  1.9003177257887676E+00 b      1342     2    17
 -4.8607847661501813E+00 b      1343     2    18
  7.2710945991928178E+00 b      1344     2    19
 -1.7320070892087511E+01 b      1345     2    20
 -9.1652826548926338E+00 b      1346     2    21
  8.1822436528574940E+00 b      1347     2    22
  2.4200321244304859E+00 b      1348     2    23
 -7.2571153636268528E+00 b      1349     2    24
 -1.2415434720451326E+01 b      1350     2    25
  9.2351345056410306E-01 a      1351     2     1     3     1
  3.0077502703242867E+00 a      1352     2     2     3     1
  6.8584841497017135E-01 a      1353     2     3     3     1
 -1.4099291043764672E+00 a      1354     2     4     3     1
 -9.4297052552374694E-01 a      1355     2     5     3     1
 -2.0432591650274703E+00 a      1356     2     6     3     1
  1.3124782276157513E+01 a      1357     2     7     3     1
  1.7029288133647464E+00 a      1358     2     8     3     1
  1.1806867178813352E+00 a      1359     2     9     3     1
  3.5309862819117268E+00 a      1360     2    10     3     1
 -9.0615442383884159E-01 a      1361     2    11     3     1
 -2.4783228712663283E+00 a      1362     2    12     3     1
  1.3060516257771735E+00 a      1363     2    13     3     1
 -1.2380058065436892E+00 a      1364     2    14     3     1
  1.0137023855076559E+00 a      1365     2    15     3     1
  5.5957096645326254E-01 a      1366     2    16     3     1
  1.6362667756946980E+00 a      1367     2    17     3     1
 -1.5776826034102516E+00 a      1368     2    18     3     1
  8.3285570692499100E-01 a      1369     2    19     3     1
  5.2083942409679884E-01 a      1370     2    20     3     1
 -8.5254243283188835E-01 a      1371     2    21     3     1
 -7.3727272199825045E-01 a      1372     2    22     3     1
  1.1960303230264187E+00 a      1373     2    23     3     1
 -8.2515714997199552E-01 a      1374     2    24     3     1
 -2.0188918773315070E+00 a      1375     2    25     3     1
  1.5519378088601091E+01 b      1376     3     1
