################################################################################
# Neural network connection values (weights and biases).
################################################################################
# Col  Name       Description
################################################################################
# 1    connection Neural network connection value.
# 2    t          Connection type (a = weight, b = bias).
# 3    index      Index enumerating weights.
# 4    l_s        Starting point layer (end point layer for biases).
# 5    n_s        Starting point neuron in starting layer (end point neuron for biases).
# 6    l_e        End point layer.
# 7    n_e        End point neuron in end layer.
################################################################################
#                      1 2         3     4     5     6     7
#             connection t     index   l_s   n_s   l_e   n_e
############################################################
  1.4985143612719372E+00 a         1     0     1     1     1
  6.6296814993624658E+00 a         2     0     1     1     2
 -3.5449241114217993E+00 a         3     0     1     1     3
 -9.3652827437929653E-01 a         4     0     1     1     4
  2.8507584813498390E+00 a         5     0     1     1     5
 -1.1004643487543703E+01 a         6     0     1     1     6
 -2.9379097923976469E+00 a         7     0     1     1     7
  1.2083511465929710E+01 a         8     0     1     1     8
 -1.5000855871629911E+01 a         9     0     1     1     9
 -1.4739777039550013E+00 a        10     0     1     1    10
 -4.0672254634759097E+00 a        11     0     1     1    11
 -6.7416317696303962E-01 a        12     0     1     1    12
 -1.4792418228938132E+01 a        13     0     1     1    13
 -1.3909318318956847E+00 a        14     0     1     1    14
 -4.6097978338056773E+00 a        15     0     1     1    15
  6.1121270644399432E+00 a        16     0     1     1    16
 -7.4295161191466157E+00 a        17     0     1     1    17
 -2.9615450021574024E+00 a        18     0     1     1    18
  2.5832673959317543E+00 a        19     0     1     1    19
  1.0837620619149920E+01 a        20     0     1     1    20
  3.2291534742958086E+00 a        21     0     1     1    21
 -2.0983214813908710E+00 a        22     0     1     1    22
 -4.9176233014635953E+00 a        23     0     1     1    23
 -1.6310503321931900E+00 a        24     0     1     1    24
 -5.8129666465319323E+00 a        25     0     1     1    25
 -9.4262063976672437E+00 a        26     0     2     1     1
 -8.4320706708824389E+00 a        27     0     2     1     2
  6.1641494571711730E-01 a        28     0     2     1     3
 -1.4842440592246153E-01 a        29     0     2     1     4
 -7.3756579792405068E+00 a        30     0     2     1     5
  4.6291917478406646E+00 a        31     0     2     1     6
 -3.8130615096495855E+00 a        32     0     2     1     7
 -1.0617990230791497E+01 a        33     0     2     1     8
  1.3002328222190027E+01 a        34     0     2     1     9
 -3.1570685974905910E+00 a        35     0     2     1    10
  2.9247507012436702E+00 a        36     0     2     1    11
  5.6931325642826263E+00 a        37     0     2     1    12
  1.3355953914715986E+01 a        38     0     2     1    13
  1.9691741707260424E+00 a        39     0     2     1    14
  4.8161178193035603E+00 a        40     0     2     1    15
  2.8499949990237883E+00 a        41     0     2     1    16
  9.6476401086924319E+00 a        42     0     2     1    17
  7.4224478459090202E+00 a        43     0     2     1    18
 -6.7812867391575438E+00 a        44     0     2     1    19
 -9.9099903370192894E+00 a        45     0     2     1    20
  4.4820323132481805E+00 a        46     0     2     1    21
  2.6137375408828190E+00 a        47     0     2     1    22
  5.1357427172790526E+00 a        48     0     2     1    23
 -2.9443227273711075E+00 a        49     0     2     1    24
  4.8930130640643403E+00 a        50     0     2     1    25
 -9.5718194590030514E-01 a        51     0     3     1     1
  6.7141131055709646E+00 a        52     0     3     1     2
  1.2372988995823887E-01 a        53     0     3     1     3
 -1.2045176828591571E+00 a        54     0     3     1     4
  6.9452001011182505E+00 a        55     0     3     1     5
  4.9749723303907318E+00 a        56     0     3     1     6
 -6.9669835832855950E-02 a        57     0     3     1     7
 -1.6483152226508491E+01 a        58     0     3     1     8
 -2.1086034153860482E+00 a        59     0     3     1     9
 -6.3761357189868792E-02 a        60     0     3     1    10
  2.9811590445852532E+00 a        61     0     3     1    11
 -1.4465263371083825E+00 a        62     0     3     1    12
 -1.0991222722170710E+00 a        63     0     3     1    13
  7.7790535047172404E-01 a        64     0     3     1    14
  2.7414210664318999E+00 a        65     0     3     1    15
  1.4364081145458341E+00 a        66     0     3     1    16
  3.6864375024499898E+00 a        67     0     3     1    17
  7.7485386244949224E+00 a        68     0     3     1    18
  9.1038264833926630E-01 a        69     0     3     1    19
  3.1040725497802106E+00 a        70     0     3     1    20
 -1.1003410874910879E+01 a        71     0     3     1    21
 -1.4258830196205163E+00 a        72     0     3     1    22
  3.9416051989099756E+00 a        73     0     3     1    23
  3.9943636785170624E+00 a        74     0     3     1    24
  6.4159165407356911E+00 a        75     0     3     1    25
  1.1047569469767554E+01 a        76     0     4     1     1
 -3.8200784710164992E+00 a        77     0     4     1     2
  2.2080317523741924E+00 a        78     0     4     1     3
  3.0462241662436811E+00 a        79     0     4     1     4
  3.4081714703834116E+00 a        80     0     4     1     5
  1.0681197846335739E+00 a        81     0     4     1     6
  7.7588911654797821E+00 a        82     0     4     1     7
  1.9279788557049383E+01 a        83     0     4     1     8
  2.6588118381268622E+00 a        84     0     4     1     9
  5.6767237687201710E+00 a        85     0     4     1    10
 -4.6913493268146683E-01 a        86     0     4     1    11
 -9.4812251085886441E+00 a        87     0     4     1    12
  7.9958282398046754E-01 a        88     0     4     1    13
 -5.9744389608737092E-01 a        89     0     4     1    14
  1.4425545851374647E-01 a        90     0     4     1    15
 -1.0716245194160589E+01 a        91     0     4     1    16
 -8.0027593496563263E+00 a        92     0     4     1    17
 -9.7697947890276247E+00 a        93     0     4     1    18
  7.1433167972995077E+00 a        94     0     4     1    19
  2.9969991827321336E+00 a        95     0     4     1    20
 -2.4519346271745310E+00 a        96     0     4     1    21
 -2.2479508833716131E+00 a        97     0     4     1    22
 -2.4807736443883974E+00 a        98     0     4     1    23
  3.6040296416148192E+00 a        99     0     4     1    24
 -6.6890040413716703E+00 a       100     0     4     1    25
 -8.9963845989991587E+00 a       101     0     5     1     1
  9.7180350349069986E+00 a       102     0     5     1     2
 -3.6355182778440159E-01 a       103     0     5     1     3
 -4.5363005098014753E-01 a       104     0     5     1     4
  1.2044145220608971E+00 a       105     0     5     1     5
  3.0808220348192976E+00 a       106     0     5     1     6
  4.0896055748517330E+00 a       107     0     5     1     7
 -4.2273591865185667E+00 a       108     0     5     1     8
 -3.9496356027148338E+00 a       109     0     5     1     9
  3.1053135680913897E+00 a       110     0     5     1    10
 -6.3224876141807691E+00 a       111     0     5     1    11
  1.0839362836466622E+01 a       112     0     5     1    12
 -3.8924023087476849E+00 a       113     0     5     1    13
  2.0260587940021040E+00 a       114     0     5     1    14
 -3.5169495460631488E+00 a       115     0     5     1    15
  5.6363820107442670E+00 a       116     0     5     1    16
 -1.7150771458896206E+00 a       117     0     5     1    17
  4.9865273808281625E+00 a       118     0     5     1    18
  1.2381697949258550E+00 a       119     0     5     1    19
 -5.1265762647504864E+00 a       120     0     5     1    20
  3.0028765637122050E+00 a       121     0     5     1    21
 -3.8795602779003002E+00 a       122     0     5     1    22
 -6.9171174457075901E+00 a       123     0     5     1    23
 -3.7143699058426876E+00 a       124     0     5     1    24
 -2.4206057610033760E+00 a       125     0     5     1    25
 -4.1358101861436189E+00 a       126     0     6     1     1
  2.4347503410534737E+00 a       127     0     6     1     2
 -8.8396652047205504E-01 a       128     0     6     1     3
  3.9023746244504592E-01 a       129     0     6     1     4
 -4.5676946630827207E+00 a       130     0     6     1     5
 -7.9939199712738560E+00 a       131     0     6     1     6
 -1.2219379739701695E+01 a       132     0     6     1     7
 -4.7430580008573378E+00 a       133     0     6     1     8
 -1.4180125239650820E+00 a       134     0     6     1     9
 -6.2927050003531075E+00 a       135     0     6     1    10
  3.6056490590075119E+00 a       136     0     6     1    11
 -1.6839127818657402E+00 a       137     0     6     1    12
  1.6207659797863998E+00 a       138     0     6     1    13
 -1.2816434880626875E+00 a       139     0     6     1    14
 -2.9878914963986619E-01 a       140     0     6     1    15
  6.4238298553528397E+00 a       141     0     6     1    16
  3.6200503480498480E+00 a       142     0     6     1    17
  3.0481373761412027E+00 a       143     0     6     1    18
 -4.0909192418326166E+00 a       144     0     6     1    19
  1.0471429420481337E+01 a       145     0     6     1    20
  6.5945972219289688E+00 a       146     0     6     1    21
  1.7787585533811083E+00 a       147     0     6     1    22
  6.1821357072956529E+00 a       148     0     6     1    23
 -2.1165446034664472E+00 a       149     0     6     1    24
  1.4789384169573176E+00 a       150     0     6     1    25
  2.5645287044733691E+00 a       151     0     7     1     1
 -4.5231843053804450E+00 a       152     0     7     1     2
  3.8362129396877949E+00 a       153     0     7     1     3
  1.7193653931081814E+00 a       154     0     7     1     4
  5.7406460310517824E+00 a       155     0     7     1     5
 -8.0565721006664981E-01 a       156     0     7     1     6
  6.5353454525159913E+00 a       157     0     7     1     7
  4.3183659573356463E+00 a       158     0     7     1     8
  1.3082124675947231E+01 a       159     0     7     1     9
  1.0129727643888735E+01 a       160     0     7     1    10
 -4.2262993143206140E+00 a       161     0     7     1    11
 -5.4358556408245358E+00 a       162     0     7     1    12
  3.8453121628464118E+00 a       163     0     7     1    13
 -5.0181577347727602E-01 a       164     0     7     1    14
 -6.4728990361184369E-01 a       165     0     7     1    15
 -1.0649150848209491E+01 a       166     0     7     1    16
 -2.9341271595336895E+00 a       167     0     7     1    17
 -1.2317997251610677E+00 a       168     0     7     1    18
  3.4374989521720352E+00 a       169     0     7     1    19
  2.0024196388304469E+00 a       170     0     7     1    20
 -7.2575989834790340E+00 a       171     0     7     1    21
  2.9168589911937532E+00 a       172     0     7     1    22
 -9.3379435436674321E+00 a       173     0     7     1    23
  6.7311452165143244E+00 a       174     0     7     1    24
  7.9579290008996075E+00 a       175     0     7     1    25
  2.6058453968625219E+00 a       176     0     8     1     1
  9.1033864441960635E+00 a       177     0     8     1     2
  4.2496059722974753E+00 a       178     0     8     1     3
  7.0633423528598271E+00 a       179     0     8     1     4
  1.6287615444200096E+01 a       180     0     8     1     5
  1.6197229346034959E+01 a       181     0     8     1     6
  2.3084818820805090E+01 a       182     0     8     1     7
  1.1373622459311088E+01 a       183     0     8     1     8
  3.3338827218546840E+01 a       184     0     8     1     9
  4.1832747943492116E-01 a       185     0     8     1    10
 -1.8681019291783898E+01 a       186     0     8     1    11
 -1.1161260871923542E+01 a       187     0     8     1    12
 -2.2253020954404107E+01 a       188     0     8     1    13
  7.2445581128972645E+00 a       189     0     8     1    14
 -1.8521079123478536E+01 a       190     0     8     1    15
 -2.7542699998736246E+01 a       191     0     8     1    16
  4.7783251620685974E+00 a       192     0     8     1    17
  2.7328700851383925E+01 a       193     0     8     1    18
  8.6975732962941377E-01 a       194     0     8     1    19
  1.4588573250509882E+01 a       195     0     8     1    20
  2.0204481191567081E+00 a       196     0     8     1    21
 -2.8765654983608446E+01 a       197     0     8     1    22
 -2.3776466257667128E+01 a       198     0     8     1    23
  3.0875751852256137E+01 a       199     0     8     1    24
  2.2146110895236198E+01 a       200     0     8     1    25
 -5.3217914276878622E+00 a       201     0     9     1     1
  3.6228634060212106E+00 a       202     0     9     1     2
 -5.1375524224160714E+00 a       203     0     9     1     3
 -1.3236717619228935E-01 a       204     0     9     1     4
 -4.4220360516531582E-01 a       205     0     9     1     5
  4.6481610744804847E-01 a       206     0     9     1     6
 -7.8689924321786213E+00 a       207     0     9     1     7
  1.5471374159072064E+00 a       208     0     9     1     8
 -1.4248614264946145E+01 a       209     0     9     1     9
 -8.5289937433933343E+00 a       210     0     9     1    10
  6.4879654173560464E-01 a       211     0     9     1    11
  3.6687513675936660E+00 a       212     0     9     1    12
 -2.2498095568822007E+00 a       213     0     9     1    13
  2.4573697136546957E+00 a       214     0     9     1    14
  6.7723113878153129E-01 a       215     0     9     1    15
  1.1412550453077904E+01 a       216     0     9     1    16
  3.2728326455571373E+00 a       217     0     9     1    17
  5.1822745369978556E+00 a       218     0     9     1    18
  3.0306495504993058E-01 a       219     0     9     1    19
  6.8191833779196500E+00 a       220     0     9     1    20
  5.0143727391381345E+00 a       221     0     9     1    21
 -1.0651884503256075E+00 a       222     0     9     1    22
  5.4691025748086552E+00 a       223     0     9     1    23
 -5.4330841591275085E+00 a       224     0     9     1    24
 -4.1155096111260123E+00 a       225     0     9     1    25
 -2.1165871096433340E+00 a       226     0    10     1     1
 -1.9613351172735938E-01 a       227     0    10     1     2
  2.7107293906670726E-01 a       228     0    10     1     3
 -1.2831434648942937E+00 a       229     0    10     1     4
 -2.7031642821168425E+00 a       230     0    10     1     5
  1.0456954765451495E-01 a       231     0    10     1     6
 -4.1174676800281187E+00 a       232     0    10     1     7
 -3.3173432917500474E+00 a       233     0    10     1     8
 -8.2590099327908129E-01 a       234     0    10     1     9
 -3.0898728227055643E+00 a       235     0    10     1    10
  1.1297137711797207E+00 a       236     0    10     1    11
  8.4299983415792937E-02 a       237     0    10     1    12
 -1.6694174361097986E+00 a       238     0    10     1    13
  2.3389340045129159E+00 a       239     0    10     1    14
 -2.3496654470274976E+00 a       240     0    10     1    15
  3.1542868331294405E-01 a       241     0    10     1    16
  3.4785325928925470E-01 a       242     0    10     1    17
  1.7285026240889461E+00 a       243     0    10     1    18
  1.6528522549931184E+00 a       244     0    10     1    19
 -1.4445345341727300E-01 a       245     0    10     1    20
 -1.9086652379756888E+00 a       246     0    10     1    21
  7.5792750794237995E-01 a       247     0    10     1    22
  9.2058697244803367E-01 a       248     0    10     1    23
 -1.7768522878756361E+00 a       249     0    10     1    24
 -1.7047580015812322E-01 a       250     0    10     1    25
 -4.0324595146409798E+00 a       251     0    11     1     1
 -2.0934948841868826E+00 a       252     0    11     1     2
 -8.6468349134883116E-01 a       253     0    11     1     3
  2.2257239049081030E+00 a       254     0    11     1     4
  3.5469945500630238E+00 a       255     0    11     1     5
 -3.0546082457359303E+00 a       256     0    11     1     6
 -2.3111032126917812E+00 a       257     0    11     1     7
  2.9068889157288549E+00 a       258     0    11     1     8
  9.3026216925469540E-01 a       259     0    11     1     9
 -1.8250609473350252E+00 a       260     0    11     1    10
  4.8458646170458897E+00 a       261     0    11     1    11
  1.5114662290383361E+00 a       262     0    11     1    12
 -4.7521847644148857E-01 a       263     0    11     1    13
  4.4700379725428165E+00 a       264     0    11     1    14
 -2.6923400241216009E+00 a       265     0    11     1    15
 -1.5523170030748368E+00 a       266     0    11     1    16
 -4.0092374840056053E-02 a       267     0    11     1    17
 -1.7269698449027693E-01 a       268     0    11     1    18
  7.7468469930374961E-01 a       269     0    11     1    19
 -1.6166504402981250E+00 a       270     0    11     1    20
 -1.5681383879842958E+00 a       271     0    11     1    21
  5.7236798360036278E+00 a       272     0    11     1    22
 -3.4679580986437131E+00 a       273     0    11     1    23
 -7.1661153524855328E+00 a       274     0    11     1    24
 -7.6080583865813867E-01 a       275     0    11     1    25
  5.6379342282284206E+00 a       276     0    12     1     1
 -2.3727968735913061E+00 a       277     0    12     1     2
  6.3376529174488405E-01 a       278     0    12     1     3
 -5.6742274430255590E-01 a       279     0    12     1     4
 -1.1154021268201099E-01 a       280     0    12     1     5
  3.6728080559045888E+00 a       281     0    12     1     6
  5.5570644504607696E+00 a       282     0    12     1     7
  3.6381659004506193E+00 a       283     0    12     1     8
  2.5502023702881700E+00 a       284     0    12     1     9
  7.5012714754682519E-01 a       285     0    12     1    10
 -2.4772945818434408E-01 a       286     0    12     1    11
 -3.6691938461967060E+00 a       287     0    12     1    12
 -1.8905397951218414E+00 a       288     0    12     1    13
 -2.6854915995975320E-01 a       289     0    12     1    14
  7.7554416085126310E-01 a       290     0    12     1    15
 -5.1787403680433099E+00 a       291     0    12     1    16
 -1.7410268247989997E+00 a       292     0    12     1    17
 -4.8601331022662082E+00 a       293     0    12     1    18
 -1.2698557178330123E+00 a       294     0    12     1    19
 -6.4698586857523130E+00 a       295     0    12     1    20
 -3.4048754367694456E+00 a       296     0    12     1    21
  2.0570949730711789E+00 a       297     0    12     1    22
 -8.4391741605020765E-01 a       298     0    12     1    23
  3.0253955525515623E+00 a       299     0    12     1    24
 -5.7445830760007588E-01 a       300     0    12     1    25
  2.8811808468000755E+00 a       301     0    13     1     1
 -2.1509387460614207E+00 a       302     0    13     1     2
 -3.9123753424621355E+00 a       303     0    13     1     3
  4.1174042669649440E+00 a       304     0    13     1     4
  3.3967367519434633E-01 a       305     0    13     1     5
  6.0119447978540219E-01 a       306     0    13     1     6
 -1.8450191129736513E+00 a       307     0    13     1     7
 -1.1348970314520435E+00 a       308     0    13     1     8
  1.9360368544759292E+00 a       309     0    13     1     9
 -5.9594952821152447E-01 a       310     0    13     1    10
  1.6453215688371094E+00 a       311     0    13     1    11
 -1.8887039787522559E+00 a       312     0    13     1    12
  2.3402759026800712E-01 a       313     0    13     1    13
  3.3406699210026090E+00 a       314     0    13     1    14
  5.2349584735774057E-01 a       315     0    13     1    15
  1.2130272530309960E+00 a       316     0    13     1    16
 -1.6743215845103923E+00 a       317     0    13     1    17
 -2.5484258887229472E-01 a       318     0    13     1    18
 -1.2253234293878028E+00 a       319     0    13     1    19
  5.6662954368694463E-01 a       320     0    13     1    20
 -3.6086702228816747E-01 a       321     0    13     1    21
 -3.6782177792624751E+00 a       322     0    13     1    22
  4.5129377848400709E-01 a       323     0    13     1    23
  4.8280821558148430E+00 a       324     0    13     1    24
  2.0764785814390721E-01 a       325     0    13     1    25
 -4.8688122317920888E+00 a       326     0    14     1     1
 -1.2462956764771111E+00 a       327     0    14     1     2
 -6.7424117407597173E-01 a       328     0    14     1     3
 -1.7613306057381357E+00 a       329     0    14     1     4
 -1.0860743612888443E+01 a       330     0    14     1     5
 -3.7926889275545914E+00 a       331     0    14     1     6
 -8.3952444739434640E+00 a       332     0    14     1     7
 -1.4545776011072706E+00 a       333     0    14     1     8
 -1.5709830384194348E+01 a       334     0    14     1     9
 -5.1298729061098602E-01 a       335     0    14     1    10
  8.9932718957042219E+00 a       336     0    14     1    11
  5.3995925291160196E+00 a       337     0    14     1    12
  6.7147858868013710E+00 a       338     0    14     1    13
 -5.5714766143141521E+00 a       339     0    14     1    14
  1.9732439959687482E+00 a       340     0    14     1    15
  7.7829440249325872E+00 a       341     0    14     1    16
 -5.3272598724040732E-01 a       342     0    14     1    17
 -5.6258577026671874E+00 a       343     0    14     1    18
  4.6909920730775706E-01 a       344     0    14     1    19
 -7.0131398989948837E+00 a       345     0    14     1    20
  3.3852966743148127E-01 a       346     0    14     1    21
  8.5706048751437791E+00 a       347     0    14     1    22
  9.1362206653629947E+00 a       348     0    14     1    23
 -1.5963467008242185E+01 a       349     0    14     1    24
 -1.1752522060834925E+01 a       350     0    14     1    25
  1.9639251539264713E-01 a       351     0    15     1     1
  7.7077533213272176E-01 a       352     0    15     1     2
 -7.5712697856503985E-01 a       353     0    15     1     3
 -1.7844645002976323E+00 a       354     0    15     1     4
 -5.8349519527509086E+00 a       355     0    15     1     5
 -3.4839762634085765E+00 a       356     0    15     1     6
 -5.7336864494083510E+00 a       357     0    15     1     7
  1.0826012572013211E+00 a       358     0    15     1     8
 -5.1995171006664949E+00 a       359     0    15     1     9
  2.3875816542337152E+00 a       360     0    15     1    10
  1.2448526298605629E-01 a       361     0    15     1    11
  8.4359961922849136E-01 a       362     0    15     1    12
  5.4532317921162843E+00 a       363     0    15     1    13
 -2.5552920104557848E+00 a       364     0    15     1    14
 -4.6905291691147993E-01 a       365     0    15     1    15
  5.2429263718408536E-01 a       366     0    15     1    16
 -3.4641387431060098E+00 a       367     0    15     1    17
 -1.2301637978974108E+01 a       368     0    15     1    18
 -1.6221202377481609E+00 a       369     0    15     1    19
 -1.3149131878618510E+00 a       370     0    15     1    20
  1.5311709636435884E+00 a       371     0    15     1    21
  1.4258542772396954E+01 a       372     0    15     1    22
  1.8469051341557612E+00 a       373     0    15     1    23
 -4.9643945138783838E+00 a       374     0    15     1    24
 -4.1832838798004133E+00 a       375     0    15     1    25
  2.4524384024314418E+00 a       376     0    16     1     1
  1.7960418539407980E-01 a       377     0    16     1     2
 -4.6626928338614720E-01 a       378     0    16     1     3
  4.5022803689333674E-01 a       379     0    16     1     4
  1.2659913148058857E+00 a       380     0    16     1     5
 -2.3770158644397323E+00 a       381     0    16     1     6
 -4.3002745472755656E-02 a       382     0    16     1     7
  4.4989767774574574E+00 a       383     0    16     1     8
 -8.9161236162125429E-02 a       384     0    16     1     9
 -1.1122132474645607E-01 a       385     0    16     1    10
  1.0173539136149350E+00 a       386     0    16     1    11
 -2.5528129673081885E+00 a       387     0    16     1    12
 -3.6020511863341809E-01 a       388     0    16     1    13
 -5.5905811293107077E-01 a       389     0    16     1    14
  4.4099648911267192E-01 a       390     0    16     1    15
 -1.8577663144311890E-01 a       391     0    16     1    16
 -5.9469296062789612E-01 a       392     0    16     1    17
 -3.5424993772775530E+00 a       393     0    16     1    18
 -5.2668027817588309E-02 a       394     0    16     1    19
 -1.9589593296019727E+00 a       395     0    16     1    20
 -7.6744758248645051E-01 a       396     0    16     1    21
  2.2767349722771315E+00 a       397     0    16     1    22
 -7.2905410539509696E-01 a       398     0    16     1    23
 -4.1827718591109129E+00 a       399     0    16     1    24
 -9.3724902694581580E-01 a       400     0    16     1    25
  6.6833745760663021E-01 a       401     0    17     1     1
  1.5717992841192214E+00 a       402     0    17     1     2
  2.4679365249262508E+00 a       403     0    17     1     3
  1.1605289678839035E+00 a       404     0    17     1     4
 -1.6065953041303196E+00 a       405     0    17     1     5
  1.8766221610695206E+00 a       406     0    17     1     6
  3.6325102538703971E+00 a       407     0    17     1     7
  9.7211249439166592E-02 a       408     0    17     1     8
 -1.7418898324255214E+00 a       409     0    17     1     9
  3.8521203815061194E+00 a       410     0    17     1    10
 -1.5261047153665888E+00 a       411     0    17     1    11
 -5.1638973489148654E-01 a       412     0    17     1    12
  2.3164256048101248E+00 a       413     0    17     1    13
 -1.2648138822821415E+00 a       414     0    17     1    14
 -1.3459773970607860E+00 a       415     0    17     1    15
  2.3097905104244991E+00 a       416     0    17     1    16
 -5.4168488363739165E-01 a       417     0    17     1    17
 -7.6430741589353990E-01 a       418     0    17     1    18
  1.8062397972384707E+00 a       419     0    17     1    19
 -1.7983837946530397E+00 a       420     0    17     1    20
 -8.4453678269678562E-02 a       421     0    17     1    21
 -2.9511618598695017E+00 a       422     0    17     1    22
 -3.7505342127939378E-01 a       423     0    17     1    23
 -8.0249462169504693E-01 a       424     0    17     1    24
  2.4354964177270136E-01 a       425     0    17     1    25
 -2.0733557891943466E+00 a       426     0    18     1     1
  1.1308175509697505E+00 a       427     0    18     1     2
  4.0153779871900221E+00 a       428     0    18     1     3
 -2.9736320023989311E+00 a       429     0    18     1     4
 -2.4830542742056035E-02 a       430     0    18     1     5
 -5.9191628284519560E-01 a       431     0    18     1     6
 -1.0480886434333745E+00 a       432     0    18     1     7
 -3.3891886424088349E+00 a       433     0    18     1     8
 -2.5454943578986583E-01 a       434     0    18     1     9
 -7.6084069329219144E+00 a       435     0    18     1    10
 -1.7001675962053866E+00 a       436     0    18     1    11
 -3.3885358415333811E-01 a       437     0    18     1    12
 -1.6927689862298307E+00 a       438     0    18     1    13
  3.9636555215592401E-01 a       439     0    18     1    14
  5.9210360245277605E-01 a       440     0    18     1    15
 -2.2185390583141649E+00 a       441     0    18     1    16
  1.3382327707856347E+00 a       442     0    18     1    17
  8.2418805471935863E-01 a       443     0    18     1    18
 -2.8440866414105490E+00 a       444     0    18     1    19
  2.3584539288490958E+00 a       445     0    18     1    20
 -1.3704257071001487E+00 a       446     0    18     1    21
  3.9164059302834180E+00 a       447     0    18     1    22
 -1.8897138114470300E+00 a       448     0    18     1    23
  8.5770867618801960E-01 a       449     0    18     1    24
 -2.4600386417511064E+00 a       450     0    18     1    25
  7.4686094415328617E+00 a       451     0    19     1     1
 -4.7200962683748076E+00 a       452     0    19     1     2
 -5.3168159393820522E+00 a       453     0    19     1     3
  8.6461630558133939E-02 a       454     0    19     1     4
  1.4882028549206201E+01 a       455     0    19     1     5
 -1.4974709957005157E+01 a       456     0    19     1     6
 -1.2981256854495541E+01 a       457     0    19     1     7
  5.3764767457594260E+00 a       458     0    19     1     8
 -4.6250002794586580E+00 a       459     0    19     1     9
 -1.2763436980238453E+01 a       460     0    19     1    10
  2.0065190684490002E+00 a       461     0    19     1    11
  2.2404756317357606E+00 a       462     0    19     1    12
  5.6653230472936897E+00 a       463     0    19     1    13
  8.3635139540866223E+00 a       464     0    19     1    14
  2.9737219667057810E+00 a       465     0    19     1    15
 -8.0556901653521038E+00 a       466     0    19     1    16
 -2.0245926793800842E-01 a       467     0    19     1    17
  5.9289228284124667E+00 a       468     0    19     1    18
 -3.1096428721188532E+00 a       469     0    19     1    19
  6.4901045014505776E+00 a       470     0    19     1    20
  1.4070355748177232E+00 a       471     0    19     1    21
 -4.5064413752572490E+00 a       472     0    19     1    22
  3.8951695348742930E+00 a       473     0    19     1    23
  2.7687062814425906E-01 a       474     0    19     1    24
  5.4360078375415641E+00 a       475     0    19     1    25
  1.2103551028864647E+01 a       476     0    20     1     1
  3.6723191386338967E+00 a       477     0    20     1     2
 -3.6780295384516077E+00 a       478     0    20     1     3
 -3.8264137374954963E+00 a       479     0    20     1     4
 -1.6301402643231192E+01 a       480     0    20     1     5
  4.9524472893872185E+00 a       481     0    20     1     6
 -1.1071865706806229E+01 a       482     0    20     1     7
  5.8992248266701939E+00 a       483     0    20     1     8
 -1.4448734767551541E+01 a       484     0    20     1     9
 -7.4108267922778592E-01 a       485     0    20     1    10
  5.9302805276677728E-01 a       486     0    20     1    11
  3.1996375752518871E+00 a       487     0    20     1    12
  9.0245611745108807E+00 a       488     0    20     1    13
 -1.8945171915428446E+01 a       489     0    20     1    14
  4.8985262178922839E-01 a       490     0    20     1    15
  1.8324927610633797E+01 a       491     0    20     1    16
  1.0434807154465917E+00 a       492     0    20     1    17
 -1.8664321455574736E+01 a       493     0    20     1    18
 -1.7497476720008503E+01 a       494     0    20     1    19
  1.5095689354427950E+00 a       495     0    20     1    20
  5.7609544743033130E+00 a       496     0    20     1    21
  8.0101263846384168E+00 a       497     0    20     1    22
  1.6324537857969993E+01 a       498     0    20     1    23
 -7.2004688192198625E+00 a       499     0    20     1    24
 -1.0024526125352862E+00 a       500     0    20     1    25
  1.1054587558856253E+00 a       501     0    21     1     1
  6.6307331517414827E+00 a       502     0    21     1     2
 -6.0744454854151959E+00 a       503     0    21     1     3
 -6.6205724671269428E-01 a       504     0    21     1     4
 -2.1489153620301114E+00 a       505     0    21     1     5
 -1.3745909183432163E+00 a       506     0    21     1     6
  2.6961883088200018E+01 a       507     0    21     1     7
 -1.0219661198237684E+01 a       508     0    21     1     8
 -1.2286029795577205E-01 a       509     0    21     1     9
 -1.5495264810325522E+00 a       510     0    21     1    10
 -7.2042199368407944E+00 a       511     0    21     1    11
 -1.0434248590978104E+01 a       512     0    21     1    12
  4.8393666219059639E-01 a       513     0    21     1    13
  6.1362892315272584E+00 a       514     0    21     1    14
 -6.8694176484292289E+00 a       515     0    21     1    15
 -6.1531427654444295E+00 a       516     0    21     1    16
  1.0131632177554794E+01 a       517     0    21     1    17
  6.5746210387143735E+00 a       518     0    21     1    18
 -8.3616753112808695E+00 a       519     0    21     1    19
 -8.6229115084821455E+00 a       520     0    21     1    20
 -6.9049953532477248E+00 a       521     0    21     1    21
 -2.5396878867035846E+00 a       522     0    21     1    22
 -7.7862364595714171E+00 a       523     0    21     1    23
 -4.9330996832709957E+00 a       524     0    21     1    24
 -1.2686716708455222E+01 a       525     0    21     1    25
  3.2078786985670869E+00 a       526     0    22     1     1
  6.5016928899007880E+00 a       527     0    22     1     2
 -1.3512506214237272E+00 a       528     0    22     1     3
  7.2505949861322714E+00 a       529     0    22     1     4
 -8.1185379857816411E+00 a       530     0    22     1     5
  8.9062066986941222E+00 a       531     0    22     1     6
  1.4972730996359029E+01 a       532     0    22     1     7
  4.6058678055249302E+00 a       533     0    22     1     8
 -4.0790800704766390E+00 a       534     0    22     1     9
  8.1547057247182249E+00 a       535     0    22     1    10
 -6.8581913727933301E+00 a       536     0    22     1    11
  1.3057598685459601E-01 a       537     0    22     1    12
  5.0789799238388404E+00 a       538     0    22     1    13
 -4.5091226897563601E+00 a       539     0    22     1    14
  8.9449259006348270E-01 a       540     0    22     1    15
  8.1599315470461651E+00 a       541     0    22     1    16
 -1.3699708483916939E+00 a       542     0    22     1    17
  1.2700227468976761E+00 a       543     0    22     1    18
  3.3886171224098987E+00 a       544     0    22     1    19
 -2.8205975085122557E+00 a       545     0    22     1    20
  1.4145905501136118E+01 a       546     0    22     1    21
 -3.5742252923746345E+00 a       547     0    22     1    22
 -3.8921992465029529E+00 a       548     0    22     1    23
 -4.2649464526141010E+00 a       549     0    22     1    24
 -3.9068295692294841E+00 a       550     0    22     1    25
  1.1108128607432095E+00 a       551     0    23     1     1
  1.7703684930130328E+00 a       552     0    23     1     2
  7.3416648675709437E+00 a       553     0    23     1     3
  9.3796961709594739E-01 a       554     0    23     1     4
 -1.0687489148713547E+01 a       555     0    23     1     5
  2.0736581304275674E+01 a       556     0    23     1     6
 -4.3918106214093257E+01 a       557     0    23     1     7
 -1.0491836096070857E+01 a       558     0    23     1     8
 -7.2358530475445415E-01 a       559     0    23     1     9
  3.2625010819960134E+00 a       560     0    23     1    10
  7.3789570554366373E+00 a       561     0    23     1    11
  8.5192152221295121E+00 a       562     0    23     1    12
 -6.8263004073012281E+00 a       563     0    23     1    13
  1.6288173886597040E+01 a       564     0    23     1    14
 -3.2528315186539660E+00 a       565     0    23     1    15
 -1.0714329977169429E+01 a       566     0    23     1    16
 -1.3994044402771916E+01 a       567     0    23     1    17
  1.9440611443731093E+00 a       568     0    23     1    18
  7.1908554428336000E+00 a       569     0    23     1    19
  4.2507963575562577E+00 a       570     0    23     1    20
 -6.0000628083129417E+00 a       571     0    23     1    21
  9.0760287176986640E+00 a       572     0    23     1    22
 -5.2811458394619955E+00 a       573     0    23     1    23
  1.5712432428234833E+00 a       574     0    23     1    24
 -6.3377372856911505E+00 a       575     0    23     1    25
 -3.2111435627155807E+00 a       576     0    24     1     1
 -9.8390286611044147E+00 a       577     0    24     1     2
 -6.8758631371566092E-01 a       578     0    24     1     3
 -7.9073506411385119E-01 a       579     0    24     1     4
  7.4014563130430658E-02 a       580     0    24     1     5
 -1.9456973196190525E+01 a       581     0    24     1     6
  2.4746348241432976E+01 a       582     0    24     1     7
  1.6697038286215431E+01 a       583     0    24     1     8
  3.1815151033096445E+00 a       584     0    24     1     9
  2.3815930306151825E+00 a       585     0    24     1    10
  2.8231363062435753E+00 a       586     0    24     1    11
 -7.0564930323535942E+00 a       587     0    24     1    12
  1.0867128023626279E+01 a       588     0    24     1    13
 -5.4656788758794406E+00 a       589     0    24     1    14
  1.4387014414585046E+00 a       590     0    24     1    15
  1.0053281506208876E+01 a       591     0    24     1    16
 -7.1856577281507805E+00 a       592     0    24     1    17
 -4.5784596067015810E+00 a       593     0    24     1    18
 -1.3876747725146345E+01 a       594     0    24     1    19
  1.0647053595969643E+01 a       595     0    24     1    20
  9.5874641881750389E+00 a       596     0    24     1    21
  7.2553166218470566E-01 a       597     0    24     1    22
  5.3485334856316102E+00 a       598     0    24     1    23
  4.9498689821089643E+00 a       599     0    24     1    24
  1.6171530905599294E+01 a       600     0    24     1    25
 -7.4367294701959699E+00 a       601     0    25     1     1
  5.6124968177172061E+00 a       602     0    25     1     2
 -9.6612591712995910E-01 a       603     0    25     1     3
 -1.2920369005866832E+00 a       604     0    25     1     4
 -1.4247030989303333E+01 a       605     0    25     1     5
 -1.0434980648121022E+00 a       606     0    25     1     6
 -6.4200687869518207E+00 a       607     0    25     1     7
 -1.6805432969927001E+01 a       608     0    25     1     8
 -2.3399497304213779E+00 a       609     0    25     1     9
  5.0705478268596451E+00 a       610     0    25     1    10
  1.3739826245288672E-01 a       611     0    25     1    11
 -6.4181085748959044E+00 a       612     0    25     1    12
 -8.3073275364799422E+00 a       613     0    25     1    13
 -7.4701064173401308E+00 a       614     0    25     1    14
 -1.3261265421824103E+01 a       615     0    25     1    15
 -5.6117290423372914E+00 a       616     0    25     1    16
 -2.8320533580608553E+00 a       617     0    25     1    17
 -1.1829204110323678E+01 a       618     0    25     1    18
 -1.7217959391451869E+00 a       619     0    25     1    19
  1.6418186576403959E+00 a       620     0    25     1    20
 -3.0614946924522157E+00 a       621     0    25     1    21
 -1.2556434130533189E+00 a       622     0    25     1    22
 -9.1585949823479584E+00 a       623     0    25     1    23
 -9.9645406582005103E-01 a       624     0    25     1    24
 -7.8872281987169812E-01 a       625     0    25     1    25
  3.3861383046111793E+00 a       626     0    26     1     1
  5.0295637637359150E+00 a       627     0    26     1     2
 -1.8520492709617371E+00 a       628     0    26     1     3
 -1.6162242306344992E+00 a       629     0    26     1     4
  4.3417988773532734E+00 a       630     0    26     1     5
 -6.5717423839458027E+00 a       631     0    26     1     6
 -7.6590514466703410E-02 a       632     0    26     1     7
 -5.8782660214162537E+00 a       633     0    26     1     8
 -2.5866599635819369E+00 a       634     0    26     1     9
  8.9304298946704319E-01 a       635     0    26     1    10
 -4.5674868011793612E-01 a       636     0    26     1    11
 -4.3790622763475886E+00 a       637     0    26     1    12
 -4.3915428768149356E+00 a       638     0    26     1    13
 -1.7315712129621357E+00 a       639     0    26     1    14
  1.3315179843871336E+00 a       640     0    26     1    15
 -2.3966972432207099E+00 a       641     0    26     1    16
  3.9342380871585885E+00 a       642     0    26     1    17
 -8.4026748123179100E+00 a       643     0    26     1    18
 -2.0837979488373279E+00 a       644     0    26     1    19
 -3.3025333163485255E+00 a       645     0    26     1    20
 -4.4443984174181690E+00 a       646     0    26     1    21
 -3.7220034413562284E+00 a       647     0    26     1    22
 -3.2269329592611036E+00 a       648     0    26     1    23
  1.6833033453024851E-01 a       649     0    26     1    24
 -8.8411444416760965E-01 a       650     0    26     1    25
  1.2076290997220894E+01 a       651     0    27     1     1
 -2.1021299944062221E+01 a       652     0    27     1     2
 -5.8417865528983928E+00 a       653     0    27     1     3
 -8.4134868318255034E+00 a       654     0    27     1     4
  2.3411950207700624E+01 a       655     0    27     1     5
 -1.4160001375165653E+01 a       656     0    27     1     6
 -4.4779890355945506E-01 a       657     0    27     1     7
 -1.8256674519522015E+01 a       658     0    27     1     8
  9.4349220092989547E+00 a       659     0    27     1     9
 -1.2079962659134022E+01 a       660     0    27     1    10
  6.6197037468288453E+00 a       661     0    27     1    11
  1.8410223567233537E+01 a       662     0    27     1    12
  1.9309432406761712E+01 a       663     0    27     1    13
  2.0490196324175070E+01 a       664     0    27     1    14
  3.8995031729373103E+01 a       665     0    27     1    15
  5.6876997864759240E+01 a       666     0    27     1    16
  3.1470628851527382E+00 a       667     0    27     1    17
  6.4834401121000500E+00 a       668     0    27     1    18
 -1.5498093356827150E+01 a       669     0    27     1    19
 -7.2071058915422821E+00 a       670     0    27     1    20
  6.3002372913964677E-01 a       671     0    27     1    21
 -5.6693993526103172E+00 a       672     0    27     1    22
  2.9877679091166595E+01 a       673     0    27     1    23
 -4.0817299271460037E+00 a       674     0    27     1    24
  3.4715512279006520E+00 a       675     0    27     1    25
 -1.9095499399375814E+01 a       676     0    28     1     1
  1.1727386854511293E+01 a       677     0    28     1     2
  2.1591883592916110E+00 a       678     0    28     1     3
  7.4125890696243264E+00 a       679     0    28     1     4
 -3.1195356403865708E+00 a       680     0    28     1     5
 -8.6377363857743159E+00 a       681     0    28     1     6
 -1.5872352208998102E+01 a       682     0    28     1     7
  2.0853309684023476E+01 a       683     0    28     1     8
 -1.1273104150446683E+01 a       684     0    28     1     9
  3.9978867801818248E+00 a       685     0    28     1    10
 -4.2877084241446850E+00 a       686     0    28     1    11
 -1.0760791553355231E+01 a       687     0    28     1    12
 -9.5577824501443711E+00 a       688     0    28     1    13
 -1.4879314928233390E+01 a       689     0    28     1    14
 -9.3327586679764938E+00 a       690     0    28     1    15
 -1.7594516576512817E+01 a       691     0    28     1    16
  1.6258542841058781E+00 a       692     0    28     1    17
  1.1214777746063035E+01 a       693     0    28     1    18
  1.7126375554846177E+01 a       694     0    28     1    19
  1.2655058276635087E+01 a       695     0    28     1    20
  5.1005500593594180E+00 a       696     0    28     1    21
  1.9498936464168455E+00 a       697     0    28     1    22
 -1.5972692043939766E+01 a       698     0    28     1    23
  5.9509773932865819E+00 a       699     0    28     1    24
 -2.2255914701496438E+00 a       700     0    28     1    25
 -1.0009127091023299E+01 a       701     0    29     1     1
 -4.4565321094560177E+00 a       702     0    29     1     2
  7.1847867724196197E+00 a       703     0    29     1     3
  1.8156377858288251E+00 a       704     0    29     1     4
  1.0848146573445927E+01 a       705     0    29     1     5
  6.3557684208190377E+00 a       706     0    29     1     6
 -1.4269990925043219E+00 a       707     0    29     1     7
 -1.6738924753766970E+01 a       708     0    29     1     8
 -4.7938702282888750E+00 a       709     0    29     1     9
  3.2376926510948216E+00 a       710     0    29     1    10
  1.1076787943516536E+01 a       711     0    29     1    11
  1.3303896169676577E+00 a       712     0    29     1    12
  1.1030535620962338E+01 a       713     0    29     1    13
  9.9208989496592226E-01 a       714     0    29     1    14
  1.1210039743424138E+01 a       715     0    29     1    15
 -8.1975316787797503E+00 a       716     0    29     1    16
 -3.0980605634621634E+00 a       717     0    29     1    17
  1.3854847914362546E+01 a       718     0    29     1    18
  7.4443233352308793E+00 a       719     0    29     1    19
 -9.0606483641450417E+00 a       720     0    29     1    20
 -3.5713309787806065E+00 a       721     0    29     1    21
 -5.7618345423265858E+00 a       722     0    29     1    22
  1.0449375194141981E+01 a       723     0    29     1    23
  4.4336917574483508E+00 a       724     0    29     1    24
  1.2955500045920234E+00 a       725     0    29     1    25
 -8.8535315320071390E+00 a       726     0    30     1     1
 -2.1592686226112492E+00 a       727     0    30     1     2
  2.9039904080372798E+00 a       728     0    30     1     3
 -2.5784366107624668E+00 a       729     0    30     1     4
  9.4081057670648640E+00 a       730     0    30     1     5
  6.0629520155486221E+00 a       731     0    30     1     6
  1.4634165662265456E+01 a       732     0    30     1     7
  7.3807070686184870E+00 a       733     0    30     1     8
  2.0905535753625184E+01 a       734     0    30     1     9
  4.0287016126522781E+00 a       735     0    30     1    10
 -6.7949731518210292E+00 a       736     0    30     1    11
 -3.9856403324470857E-01 a       737     0    30     1    12
 -1.7526119853226433E+01 a       738     0    30     1    13
 -2.4313909038667791E+00 a       739     0    30     1    14
  5.6356433025186776E+00 a       740     0    30     1    15
 -2.4424885799738498E+00 a       741     0    30     1    16
  5.1633619709243890E+00 a       742     0    30     1    17
 -1.1897492390965954E+01 a       743     0    30     1    18
 -2.4399987523073458E-01 a       744     0    30     1    19
 -9.4940198000100757E+00 a       745     0    30     1    20
 -7.7082756812616893E+00 a       746     0    30     1    21
  7.2320953363050711E-01 a       747     0    30     1    22
 -2.2894771864856023E+00 a       748     0    30     1    23
  3.5688711795701202E+00 a       749     0    30     1    24
 -5.1828047376479134E+00 a       750     0    30     1    25
  1.8638759155725360E+01 a       751     0    31     1     1
 -1.8772873261096805E+01 a       752     0    31     1     2
  1.2183934351134328E+01 a       753     0    31     1     3
  1.5495393190537744E+01 a       754     0    31     1     4
 -1.4045751170687918E+01 a       755     0    31     1     5
  1.2036834578853185E+01 a       756     0    31     1     6
 -1.3950425090294369E+01 a       757     0    31     1     7
  9.2166513480286092E+00 a       758     0    31     1     8
  4.1120629217215372E+00 a       759     0    31     1     9
  9.3057383905974742E+00 a       760     0    31     1    10
  1.4882544177352873E-02 a       761     0    31     1    11
 -2.4634525355734645E+01 a       762     0    31     1    12
  2.8413917891745896E+01 a       763     0    31     1    13
 -1.3520587648551617E+01 a       764     0    31     1    14
  1.3812104990986350E+01 a       765     0    31     1    15
 -6.0791942097625471E+00 a       766     0    31     1    16
 -1.0145159634666352E+00 a       767     0    31     1    17
 -1.9692781479066070E+01 a       768     0    31     1    18
  9.3544536421093749E+00 a       769     0    31     1    19
 -2.0514572695432388E+01 a       770     0    31     1    20
  3.5971079387909711E+01 a       771     0    31     1    21
  9.7513851331200385E+00 a       772     0    31     1    22
 -4.2372314690622614E+00 a       773     0    31     1    23
  8.5957855785670230E+00 a       774     0    31     1    24
 -2.1018802284184233E+01 a       775     0    31     1    25
  2.6109829611367088E+00 a       776     0    32     1     1
 -6.4816267793673732E-01 a       777     0    32     1     2
 -6.7507484128269297E+00 a       778     0    32     1     3
 -2.3858969130851214E+01 a       779     0    32     1     4
 -6.6452311702354487E+00 a       780     0    32     1     5
 -1.2536792454544903E+01 a       781     0    32     1     6
  4.7725730243278633E+01 a       782     0    32     1     7
  5.0328138060259286E+00 a       783     0    32     1     8
  3.2001159906146484E+01 a       784     0    32     1     9
 -8.1081468998477639E+00 a       785     0    32     1    10
 -8.4440026438552014E+00 a       786     0    32     1    11
  5.3395878601636255E+01 a       787     0    32     1    12
 -3.4177061284176673E+01 a       788     0    32     1    13
  1.1932950023312301E+01 a       789     0    32     1    14
 -2.2835187531828737E+01 a       790     0    32     1    15
 -3.2215335768139681E+01 a       791     0    32     1    16
 -4.0480165083835598E+00 a       792     0    32     1    17
  4.0436651713796348E+00 a       793     0    32     1    18
 -1.6312858572482785E+01 a       794     0    32     1    19
 -5.7335102754924581E+00 a       795     0    32     1    20
 -4.8728112912118512E+01 a       796     0    32     1    21
  1.0318236299236171E+01 a       797     0    32     1    22
  9.0294476251942285E-02 a       798     0    32     1    23
 -1.0429547724215185E+01 a       799     0    32     1    24
  4.3283741301355711E+01 a       800     0    32     1    25
 -8.3654036719521816E+00 a       801     0    33     1     1
  8.7281067384846835E+00 a       802     0    33     1     2
 -6.0250243676906026E+00 a       803     0    33     1     3
  8.1388167374038307E+00 a       804     0    33     1     4
  9.6969992280307800E+00 a       805     0    33     1     5
  8.4664389077179862E+00 a       806     0    33     1     6
 -2.7967742130101350E+01 a       807     0    33     1     7
 -1.5156194977417236E+01 a       808     0    33     1     8
 -3.7990119914014031E+01 a       809     0    33     1     9
  1.3039359631443546E+00 a       810     0    33     1    10
  1.0484317200624767E+01 a       811     0    33     1    11
 -3.2909610610973971E+01 a       812     0    33     1    12
  8.6788904503312594E+00 a       813     0    33     1    13
 -3.3821574189247334E+00 a       814     0    33     1    14
  1.4265906524963452E+00 a       815     0    33     1    15
  1.9300393637134658E+01 a       816     0    33     1    16
  2.7799722779235578E+00 a       817     0    33     1    17
  3.1715151525451337E+00 a       818     0    33     1    18
  1.0123726912582580E+00 a       819     0    33     1    19
  2.0559974969703955E+01 a       820     0    33     1    20
  1.4547253271973785E+01 a       821     0    33     1    21
 -1.1782660882999362E+01 a       822     0    33     1    22
  1.9693187629651252E+00 a       823     0    33     1    23
 -3.5925619488815674E+00 a       824     0    33     1    24
 -1.6600689859797164E+01 a       825     0    33     1    25
 -2.7678833450300866E-01 b       826     1     1
 -1.0853738292140275E-01 b       827     1     2
 -1.0198710750610334E+00 b       828     1     3
 -1.7775591523289835E+00 b       829     1     4
  3.5775783233746589E-01 b       830     1     5
 -6.7126090805530270E-01 b       831     1     6
 -6.8380289981671849E-01 b       832     1     7
 -1.0814963943223708E+00 b       833     1     8
 -9.9010347412420385E-01 b       834     1     9
 -1.1352981113156875E+00 b       835     1    10
 -3.4108873551515545E-01 b       836     1    11
 -6.1447270072338822E-01 b       837     1    12
 -4.8869814088229274E-01 b       838     1    13
  3.6561118229855544E-01 b       839     1    14
  9.3002362272090619E-02 b       840     1    15
 -8.8113107487495490E-01 b       841     1    16
 -3.9703183066173531E-01 b       842     1    17
 -1.7461105163573274E+00 b       843     1    18
  2.8005295037593535E-02 b       844     1    19
 -5.7390789656256647E-01 b       845     1    20
  2.4808441373378767E-01 b       846     1    21
 -1.0113979680533132E+00 b       847     1    22
 -1.3920683720782074E+00 b       848     1    23
 -1.4745103962122916E+00 b       849     1    24
  2.6973892992050840E-02 b       850     1    25
  1.5510312715442884E+00 a       851     1     1     2     1
  7.4427506602841059E-02 a       852     1     1     2     2
 -1.1172316151830004E-01 a       853     1     1     2     3
 -1.5152330162535270E+00 a       854     1     1     2     4
  1.1689407831403968E+00 a       855     1     1     2     5
 -5.4675491286686073E-01 a       856     1     1     2     6
  9.2732290798887140E-01 a       857     1     1     2     7
 -3.4298525188469546E+00 a       858     1     1     2     8
 -3.4725347746068863E-01 a       859     1     1     2     9
  1.8680285462249742E+00 a       860     1     1     2    10
 -2.3213323549582539E+00 a       861     1     1     2    11
  1.8926544399843048E+00 a       862     1     1     2    12
  2.2161080859943758E+00 a       863     1     1     2    13
 -4.2452531105002560E+00 a       864     1     1     2    14
  8.1048153370604148E-01 a       865     1     1     2    15
 -4.5930127311326654E+00 a       866     1     1     2    16
  3.2229229339879056E-01 a       867     1     1     2    17
  1.0498328525493532E+00 a       868     1     1     2    18
 -8.5957561391290627E-01 a       869     1     1     2    19
  4.8560070561285329E+00 a       870     1     1     2    20
 -1.3899287469329803E+01 a       871     1     1     2    21
  3.2744791896623060E-01 a       872     1     1     2    22
 -1.2857196037567489E+00 a       873     1     1     2    23
  8.2762297493341397E-01 a       874     1     1     2    24
 -4.4131920897856274E+00 a       875     1     1     2    25
 -6.2422814186217739E+00 a       876     1     2     2     1
 -2.1684609475772239E+00 a       877     1     2     2     2
  4.0507272365604994E+00 a       878     1     2     2     3
 -2.4824726596435120E-01 a       879     1     2     2     4
 -7.7931468385784897E-01 a       880     1     2     2     5
  1.9411653962615090E+00 a       881     1     2     2     6
  1.0122156835041509E+00 a       882     1     2     2     7
  7.2046324364596362E-02 a       883     1     2     2     8
  2.0468101543534210E+00 a       884     1     2     2     9
 -2.9945180753881528E-01 a       885     1     2     2    10
  7.6890414925387474E-01 a       886     1     2     2    11
  1.5265076692165808E-01 a       887     1     2     2    12
  3.2096504701204748E-01 a       888     1     2     2    13
  2.3716718403289478E+00 a       889     1     2     2    14
  9.3964501329393801E-01 a       890     1     2     2    15
  3.6120995804366357E-01 a       891     1     2     2    16
 -2.5868240884029632E+00 a       892     1     2     2    17
 -3.5356287119277896E+00 a       893     1     2     2    18
 -1.4763697327834207E+00 a       894     1     2     2    19
 -9.1051747361196833E-01 a       895     1     2     2    20
 -1.6596494852115282E+00 a       896     1     2     2    21
  1.2310665531773142E+00 a       897     1     2     2    22
 -3.7789224631712637E+00 a       898     1     2     2    23
  9.0434657508709093E-01 a       899     1     2     2    24
 -1.8442004721381053E+00 a       900     1     2     2    25
 -1.6505731711464586E+00 a       901     1     3     2     1
 -1.0102356337916818E+00 a       902     1     3     2     2
  1.1331168411153036E+00 a       903     1     3     2     3
  1.9275311597796905E+00 a       904     1     3     2     4
  1.8148690836156733E+00 a       905     1     3     2     5
  2.7642367651162592E+00 a       906     1     3     2     6
 -3.9948824194984707E+00 a       907     1     3     2     7
 -3.6683041393144507E+00 a       908     1     3     2     8
  6.8272692228221734E+00 a       909     1     3     2     9
 -1.9159257865863493E+00 a       910     1     3     2    10
 -1.8424495148404936E+00 a       911     1     3     2    11
 -4.8970138324580983E+00 a       912     1     3     2    12
  2.5565629806993146E+00 a       913     1     3     2    13
  3.3844157942978450E+00 a       914     1     3     2    14
 -7.3136997501805379E-01 a       915     1     3     2    15
  2.5194268454570685E+00 a       916     1     3     2    16
  2.0318556345681951E+00 a       917     1     3     2    17
  3.4431684269597240E+00 a       918     1     3     2    18
 -4.2374241195466213E+00 a       919     1     3     2    19
  8.4886607009526460E-01 a       920     1     3     2    20
 -4.3312942797134388E+00 a       921     1     3     2    21
 -3.0416759782577070E+00 a       922     1     3     2    22
  2.4124950132777228E+00 a       923     1     3     2    23
 -3.0852298238839915E-01 a       924     1     3     2    24
 -7.6478266575409487E-02 a       925     1     3     2    25
 -1.3712253897762617E+01 a       926     1     4     2     1
 -6.8573190680994580E+00 a       927     1     4     2     2
  9.4721293113896554E-01 a       928     1     4     2     3
  2.0443936716531472E-01 a       929     1     4     2     4
  1.6886851690510294E+00 a       930     1     4     2     5
  5.6488560134184340E-01 a       931     1     4     2     6
 -2.9699113284543319E-02 a       932     1     4     2     7
  8.1442270628010007E+00 a       933     1     4     2     8
 -1.2206808700225857E+00 a       934     1     4     2     9
 -2.3859075404185764E-01 a       935     1     4     2    10
  5.1797986787408110E+00 a       936     1     4     2    11
  2.1080492268150128E+00 a       937     1     4     2    12
  7.9928045290511382E-02 a       938     1     4     2    13
 -6.6830258162959844E+00 a       939     1     4     2    14
  1.3511852639633439E+00 a       940     1     4     2    15
 -3.5562017686764973E+00 a       941     1     4     2    16
  1.4030110266383280E+00 a       942     1     4     2    17
 -2.3394728553418945E-01 a       943     1     4     2    18
  3.0242692640541191E-01 a       944     1     4     2    19
  7.1598683666767604E-01 a       945     1     4     2    20
  2.5002939068112897E+00 a       946     1     4     2    21
 -4.6144946653727255E+00 a       947     1     4     2    22
  3.9867879680515519E+00 a       948     1     4     2    23
 -4.7753791191582734E-01 a       949     1     4     2    24
 -6.1302410647853325E+00 a       950     1     4     2    25
 -9.5924631729614394E+00 a       951     1     5     2     1
  3.4443227854263164E-01 a       952     1     5     2     2
 -1.2891361961570811E+00 a       953     1     5     2     3
 -1.1959870434451141E+00 a       954     1     5     2     4
  5.0914194374908939E-01 a       955     1     5     2     5
  3.9782831385446711E+00 a       956     1     5     2     6
  4.7305100469010858E-01 a       957     1     5     2     7
 -1.8857857089475711E+00 a       958     1     5     2     8
 -1.3807566010762107E+00 a       959     1     5     2     9
  9.4642172442745010E-01 a       960     1     5     2    10
  1.0537632762088154E+00 a       961     1     5     2    11
 -6.9937615319507096E-01 a       962     1     5     2    12
  2.3399430862856196E-01 a       963     1     5     2    13
 -1.5585882489842982E+00 a       964     1     5     2    14
  1.7505541579377759E+00 a       965     1     5     2    15
  1.9917680860853983E+00 a       966     1     5     2    16
  1.8520541767238867E+00 a       967     1     5     2    17
  1.4030189325135234E+00 a       968     1     5     2    18
 -1.3016875647672606E+00 a       969     1     5     2    19
 -2.2038774301975330E+00 a       970     1     5     2    20
 -1.3291040862672552E+00 a       971     1     5     2    21
 -2.6825459749596181E+00 a       972     1     5     2    22
 -3.8422358617523100E-01 a       973     1     5     2    23
 -2.1593649415288452E+00 a       974     1     5     2    24
 -2.4500553544425636E+00 a       975     1     5     2    25
 -8.4299779664253087E+00 a       976     1     6     2     1
 -4.6974262363425288E+00 a       977     1     6     2     2
  3.9125780472091570E-01 a       978     1     6     2     3
  3.5198691534554114E+00 a       979     1     6     2     4
 -2.9975340501767591E+00 a       980     1     6     2     5
  7.3576519793223616E+00 a       981     1     6     2     6
 -1.0973354810070095E+00 a       982     1     6     2     7
 -4.9381866962020036E+00 a       983     1     6     2     8
 -8.7054246137386659E+00 a       984     1     6     2     9
 -2.5420420263829042E+00 a       985     1     6     2    10
 -3.0893859114099356E+00 a       986     1     6     2    11
 -5.8105214977664659E+00 a       987     1     6     2    12
  4.0012930936959190E+00 a       988     1     6     2    13
  1.4275261690206410E+01 a       989     1     6     2    14
  5.2536494142468229E+00 a       990     1     6     2    15
 -6.2700603734597182E+00 a       991     1     6     2    16
 -1.4009764301606806E+00 a       992     1     6     2    17
  3.1052328637011990E+00 a       993     1     6     2    18
  2.5589449009971021E-01 a       994     1     6     2    19
 -6.4489228425987335E+00 a       995     1     6     2    20
 -3.4240776367679673E+00 a       996     1     6     2    21
 -1.3150772761928894E-01 a       997     1     6     2    22
 -6.3510236564237665E-01 a       998     1     6     2    23
 -1.7114661774824740E+00 a       999     1     6     2    24
 -4.2041737241360604E+00 a      1000     1     6     2    25
  1.6269099971976274E+01 a      1001     1     7     2     1
 -3.1113904736895646E+00 a      1002     1     7     2     2
 -3.3048626343958589E+00 a      1003     1     7     2     3
 -3.3368691249609661E+00 a      1004     1     7     2     4
  1.1813178085638700E+00 a      1005     1     7     2     5
 -2.2908186517549387E+00 a      1006     1     7     2     6
  1.0721585269067335E+00 a      1007     1     7     2     7
  3.5224257778963602E-01 a      1008     1     7     2     8
  4.0225841733278184E-01 a      1009     1     7     2     9
 -4.3839343155768624E+00 a      1010     1     7     2    10
  7.8693243214525199E-01 a      1011     1     7     2    11
 -6.9415345337011336E-01 a      1012     1     7     2    12
 -4.9698324391876785E+00 a      1013     1     7     2    13
 -6.4087792972280937E+00 a      1014     1     7     2    14
 -7.1739342029117836E-01 a      1015     1     7     2    15
 -3.3219279963506559E-01 a      1016     1     7     2    16
  2.4930562918475063E-01 a      1017     1     7     2    17
  7.2142073352822134E-01 a      1018     1     7     2    18
 -4.1239953463021550E-01 a      1019     1     7     2    19
  3.3017791791031215E+00 a      1020     1     7     2    20
 -5.5102940339302497E+00 a      1021     1     7     2    21
  2.9606167371911113E-01 a      1022     1     7     2    22
  2.6209073940244569E+00 a      1023     1     7     2    23
  5.4333513090510370E-02 a      1024     1     7     2    24
  7.4317958446645722E+00 a      1025     1     7     2    25
 -1.5956697814492193E+00 a      1026     1     8     2     1
 -2.5337503110460444E+00 a      1027     1     8     2     2
  4.5949497243393111E-01 a      1028     1     8     2     3
 -5.1613545966520871E-03 a      1029     1     8     2     4
  1.4884734408603335E+00 a      1030     1     8     2     5
 -6.4464139252722008E+00 a      1031     1     8     2     6
  2.5387446030011329E+00 a      1032     1     8     2     7
  1.7640244478367511E+00 a      1033     1     8     2     8
 -2.4211141609450770E-01 a      1034     1     8     2     9
 -6.5479042979447288E-01 a      1035     1     8     2    10
  1.6166174940998037E+00 a      1036     1     8     2    11
  8.4953267932883936E-01 a      1037     1     8     2    12
  2.8448592776650248E+00 a      1038     1     8     2    13
  1.2087496556147991E+01 a      1039     1     8     2    14
 -4.7061715804435966E-01 a      1040     1     8     2    15
 -1.7805258935554078E+00 a      1041     1     8     2    16
 -6.8648406526239580E-01 a      1042     1     8     2    17
 -1.3128239260139374E-01 a      1043     1     8     2    18
 -2.6003885670415550E-01 a      1044     1     8     2    19
 -1.2852044023727975E+00 a      1045     1     8     2    20
  4.3282621278358002E+00 a      1046     1     8     2    21
  9.3568630343403980E-01 a      1047     1     8     2    22
  7.6500053022856129E-01 a      1048     1     8     2    23
  2.6322941828271782E+00 a      1049     1     8     2    24
 -3.8251345735297049E-01 a      1050     1     8     2    25
  1.2827920944129612E+00 a      1051     1     9     2     1
 -6.8184460248839125E+00 a      1052     1     9     2     2
  2.4243486006354025E+00 a      1053     1     9     2     3
  2.7668607016682528E-01 a      1054     1     9     2     4
 -7.1862762112568812E-01 a      1055     1     9     2     5
  1.6234184800988871E+00 a      1056     1     9     2     6
 -3.3982080603227667E+00 a      1057     1     9     2     7
 -4.5219671613538095E+00 a      1058     1     9     2     8
 -1.6197226804888862E+00 a      1059     1     9     2     9
  2.7511791326099395E+00 a      1060     1     9     2    10
 -9.2146594259529979E-01 a      1061     1     9     2    11
  1.6718819579512354E+00 a      1062     1     9     2    12
 -3.8433244908978548E+00 a      1063     1     9     2    13
  1.1070654367365822E+00 a      1064     1     9     2    14
  6.3502414021958211E+00 a      1065     1     9     2    15
 -2.4635296096482062E-01 a      1066     1     9     2    16
 -6.6681668750950462E-01 a      1067     1     9     2    17
 -5.2538390895363305E+00 a      1068     1     9     2    18
  5.2241222720001801E-01 a      1069     1     9     2    19
 -1.2505784398724265E-01 a      1070     1     9     2    20
  4.0931759493371223E+00 a      1071     1     9     2    21
  1.1551951397715337E+00 a      1072     1     9     2    22
 -4.5864270059427286E+00 a      1073     1     9     2    23
 -6.8913119990720251E-01 a      1074     1     9     2    24
  6.0223425157764243E+00 a      1075     1     9     2    25
 -9.4801579196531960E-01 a      1076     1    10     2     1
  7.2838611073770609E+00 a      1077     1    10     2     2
 -3.7795644364303171E-01 a      1078     1    10     2     3
  1.7377544708496468E+00 a      1079     1    10     2     4
  2.3074363618898590E+00 a      1080     1    10     2     5
  1.5011598104660209E+00 a      1081     1    10     2     6
  7.4613249007275462E-01 a      1082     1    10     2     7
  5.8149326712717100E+00 a      1083     1    10     2     8
  1.6337403729167790E+00 a      1084     1    10     2     9
  5.1106253759563647E-01 a      1085     1    10     2    10
  2.5148582801088332E-01 a      1086     1    10     2    11
  1.5701676724031091E+00 a      1087     1    10     2    12
 -1.0333141845039382E+00 a      1088     1    10     2    13
 -2.4736661857411679E+00 a      1089     1    10     2    14
  1.7275028411784288E-01 a      1090     1    10     2    15
  1.3713408034455801E+00 a      1091     1    10     2    16
  2.5076944185013450E+00 a      1092     1    10     2    17
 -4.4622964850480945E-01 a      1093     1    10     2    18
 -3.9363518436990308E+00 a      1094     1    10     2    19
 -1.3494595590684377E+00 a      1095     1    10     2    20
 -8.7354499695097176E-01 a      1096     1    10     2    21
  1.2250491658834299E+00 a      1097     1    10     2    22
  1.3621008432932022E+00 a      1098     1    10     2    23
  8.6829930319616921E-01 a      1099     1    10     2    24
  1.7333272878687669E+00 a      1100     1    10     2    25
 -4.3834978138362048E+00 a      1101     1    11     2     1
 -3.9825446531209217E+00 a      1102     1    11     2     2
  2.5296112402450741E+00 a      1103     1    11     2     3
  2.2474501527451727E+00 a      1104     1    11     2     4
  3.1508406076501450E+00 a      1105     1    11     2     5
 -3.9534691177703384E-02 a      1106     1    11     2     6
 -2.4991667194190552E+00 a      1107     1    11     2     7
  3.7873216943422556E+00 a      1108     1    11     2     8
 -3.8801205281538653E+00 a      1109     1    11     2     9
 -7.4908979147790689E-01 a      1110     1    11     2    10
  1.3436866674744532E+00 a      1111     1    11     2    11
  7.3776078390211841E-01 a      1112     1    11     2    12
  2.4199837850549657E+00 a      1113     1    11     2    13
 -3.2952481547757584E+00 a      1114     1    11     2    14
 -1.8983346744856024E+00 a      1115     1    11     2    15
 -1.5239787074097404E+00 a      1116     1    11     2    16
  1.0907996540814284E+00 a      1117     1    11     2    17
 -7.7530992491497108E-01 a      1118     1    11     2    18
 -2.7094081701025932E+00 a      1119     1    11     2    19
 -3.0186447439308828E-01 a      1120     1    11     2    20
 -1.9687589054289683E+00 a      1121     1    11     2    21
 -9.3946191946638213E-01 a      1122     1    11     2    22
 -2.0544988970252631E+00 a      1123     1    11     2    23
  1.1826646941205137E+00 a      1124     1    11     2    24
 -7.7496491801915166E+00 a      1125     1    11     2    25
 -1.2894899054233686E-01 a      1126     1    12     2     1
 -6.2837047744546759E-01 a      1127     1    12     2     2
  2.9669941120246066E+00 a      1128     1    12     2     3
 -7.0317639211258531E-01 a      1129     1    12     2     4
  1.8462498437232886E+00 a      1130     1    12     2     5
 -9.4587172539620068E-01 a      1131     1    12     2     6
 -2.8457213870984841E+00 a      1132     1    12     2     7
  2.6984652626599859E+00 a      1133     1    12     2     8
  1.7061184754405325E+00 a      1134     1    12     2     9
  5.6680739211354059E+00 a      1135     1    12     2    10
 -1.4449889095245081E+00 a      1136     1    12     2    11
  5.6378283435368122E+00 a      1137     1    12     2    12
 -7.2066095090172311E-01 a      1138     1    12     2    13
  1.7776186880085716E+00 a      1139     1    12     2    14
  4.4941323454006760E-01 a      1140     1    12     2    15
 -2.1156523498504307E+00 a      1141     1    12     2    16
 -8.1032532949053171E-01 a      1142     1    12     2    17
 -8.2708567812865552E-01 a      1143     1    12     2    18
  1.3474882878628254E+00 a      1144     1    12     2    19
 -1.1032875483783775E+00 a      1145     1    12     2    20
 -3.2172544399166494E+00 a      1146     1    12     2    21
  2.2972647192434472E+00 a      1147     1    12     2    22
 -2.1820199323053546E+00 a      1148     1    12     2    23
  6.7927228066425860E-01 a      1149     1    12     2    24
 -7.4628445157503629E+00 a      1150     1    12     2    25
 -3.0682252099278173E+00 a      1151     1    13     2     1
  3.6992156929497977E+00 a      1152     1    13     2     2
  1.5636416025841102E+00 a      1153     1    13     2     3
  1.4914559353289505E+00 a      1154     1    13     2     4
 -1.0704990958183376E+00 a      1155     1    13     2     5
  1.1391049573363672E-01 a      1156     1    13     2     6
  2.4036708115281531E+00 a      1157     1    13     2     7
  4.9098256585496081E-01 a      1158     1    13     2     8
 -4.8765370343377867E-01 a      1159     1    13     2     9
  3.5738135925876158E-01 a      1160     1    13     2    10
  9.8711644869632376E-01 a      1161     1    13     2    11
 -6.6072648947830215E-01 a      1162     1    13     2    12
 -3.9644023872880969E+00 a      1163     1    13     2    13
 -2.3454921552515922E+00 a      1164     1    13     2    14
  4.2951053784371336E+00 a      1165     1    13     2    15
 -2.6453731056980465E+00 a      1166     1    13     2    16
 -1.7374616733855558E-01 a      1167     1    13     2    17
  4.4123699503878311E-01 a      1168     1    13     2    18
 -3.9996302860610283E-01 a      1169     1    13     2    19
 -3.6058915385303331E-01 a      1170     1    13     2    20
 -1.2599492500284425E+01 a      1171     1    13     2    21
  2.7318092250711321E+00 a      1172     1    13     2    22
 -1.8370246690785663E+00 a      1173     1    13     2    23
 -1.3858627856206627E+00 a      1174     1    13     2    24
  5.9307949619147058E+00 a      1175     1    13     2    25
 -2.6950561804033977E+00 a      1176     1    14     2     1
  2.2696194426741654E+00 a      1177     1    14     2     2
  2.9532538845174234E+00 a      1178     1    14     2     3
 -8.8900748632629001E-01 a      1179     1    14     2     4
  1.5672741341299903E+00 a      1180     1    14     2     5
 -4.6261916317056944E+00 a      1181     1    14     2     6
 -1.5443743923042644E-01 a      1182     1    14     2     7
  2.4112589129405424E+00 a      1183     1    14     2     8
  7.9920851355888348E-02 a      1184     1    14     2     9
  2.4098405657727886E+00 a      1185     1    14     2    10
 -8.9000173462974633E-02 a      1186     1    14     2    11
  2.0817030213077898E+00 a      1187     1    14     2    12
  1.1806050089002875E+00 a      1188     1    14     2    13
  2.4263681714560490E+00 a      1189     1    14     2    14
 -2.7891938816515842E+00 a      1190     1    14     2    15
  3.5693921926098264E+00 a      1191     1    14     2    16
 -1.1607276779388596E-01 a      1192     1    14     2    17
  7.3140866931170057E-01 a      1193     1    14     2    18
 -5.6789020056092820E-01 a      1194     1    14     2    19
 -2.4999787811340810E+00 a      1195     1    14     2    20
  2.0940552022404830E+00 a      1196     1    14     2    21
  2.1169616056879423E+00 a      1197     1    14     2    22
  5.6059436922992090E-01 a      1198     1    14     2    23
  2.5618612164631820E+00 a      1199     1    14     2    24
 -3.6494461627243266E+00 a      1200     1    14     2    25
 -6.3468350042608233E+00 a      1201     1    15     2     1
  6.4449366105714425E+00 a      1202     1    15     2     2
  7.6919676851826546E-01 a      1203     1    15     2     3
  3.4169495610436300E+00 a      1204     1    15     2     4
 -1.0489894723642146E+00 a      1205     1    15     2     5
  1.2628384178728211E-01 a      1206     1    15     2     6
 -3.9607833953518962E-01 a      1207     1    15     2     7
 -1.3313704443792751E+00 a      1208     1    15     2     8
  1.9302516678975521E+00 a      1209     1    15     2     9
 -1.5152992104612832E+00 a      1210     1    15     2    10
 -1.0038501208271999E+00 a      1211     1    15     2    11
 -2.9849761737599936E+00 a      1212     1    15     2    12
 -1.9053067413940148E+00 a      1213     1    15     2    13
 -1.0367083362833454E+00 a      1214     1    15     2    14
 -2.8846313768977545E+00 a      1215     1    15     2    15
 -1.8654963279400436E+00 a      1216     1    15     2    16
 -2.3069158412060449E+00 a      1217     1    15     2    17
  4.6543848082688405E-01 a      1218     1    15     2    18
  1.4959113637923716E+00 a      1219     1    15     2    19
  3.0755267810869857E+00 a      1220     1    15     2    20
  1.1940520137513093E+00 a      1221     1    15     2    21
  1.6293662972601577E+00 a      1222     1    15     2    22
 -2.4578056553755903E+00 a      1223     1    15     2    23
 -1.4631364045970516E-01 a      1224     1    15     2    24
  2.8975240746330404E+00 a      1225     1    15     2    25
  9.8665626112212692E+00 a      1226     1    16     2     1
  3.7867824252593283E+00 a      1227     1    16     2     2
 -5.6733679849925069E+00 a      1228     1    16     2     3
 -2.1085330127562290E+00 a      1229     1    16     2     4
 -1.3241944113320575E-01 a      1230     1    16     2     5
  2.3810553383228825E+00 a      1231     1    16     2     6
  3.7558828286236068E-01 a      1232     1    16     2     7
 -1.5116859815781865E+00 a      1233     1    16     2     8
 -8.8684281422479767E+00 a      1234     1    16     2     9
  1.6650245570573332E+00 a      1235     1    16     2    10
 -3.2850935546628186E+00 a      1236     1    16     2    11
  1.3126125954560453E-01 a      1237     1    16     2    12
  4.0783441911332313E-01 a      1238     1    16     2    13
 -9.1840664254805766E+00 a      1239     1    16     2    14
  4.2373638975740571E+00 a      1240     1    16     2    15
 -4.4149129045360835E+00 a      1241     1    16     2    16
 -5.3270535875943603E-01 a      1242     1    16     2    17
 -3.4564771080924137E+00 a      1243     1    16     2    18
 -6.4533502894209616E-01 a      1244     1    16     2    19
  2.8313925980932875E+00 a      1245     1    16     2    20
  4.9979440201386867E+00 a      1246     1    16     2    21
  1.6659047193279057E+00 a      1247     1    16     2    22
 -2.9025855266734286E+00 a      1248     1    16     2    23
  2.6953413298974166E-01 a      1249     1    16     2    24
 -1.3289750874659332E+00 a      1250     1    16     2    25
  6.8944769387111204E-01 a      1251     1    17     2     1
 -3.1235803336696488E-01 a      1252     1    17     2     2
  2.0608358902885429E+00 a      1253     1    17     2     3
 -2.4291419281930469E+00 a      1254     1    17     2     4
 -8.5938385030858078E-01 a      1255     1    17     2     5
  4.5479572178657950E+00 a      1256     1    17     2     6
  7.1886717415322288E+00 a      1257     1    17     2     7
 -1.2943488705998958E+00 a      1258     1    17     2     8
 -1.1726528644886345E+00 a      1259     1    17     2     9
  6.5477981590062351E-01 a      1260     1    17     2    10
  6.6889386104293811E+00 a      1261     1    17     2    11
  1.6434457274994718E+00 a      1262     1    17     2    12
  4.8921633306695728E-01 a      1263     1    17     2    13
  9.5260603927530330E+00 a      1264     1    17     2    14
  2.4334730243139804E+00 a      1265     1    17     2    15
 -2.1274597001877429E+00 a      1266     1    17     2    16
 -3.6193513139097848E+00 a      1267     1    17     2    17
  2.3733016771006059E+00 a      1268     1    17     2    18
 -3.5945665269582108E+00 a      1269     1    17     2    19
 -1.8693152025663606E+00 a      1270     1    17     2    20
  5.8654091413981488E+00 a      1271     1    17     2    21
  1.9433612335066739E+00 a      1272     1    17     2    22
  2.9169918176546892E+00 a      1273     1    17     2    23
 -7.4304146734990462E-01 a      1274     1    17     2    24
  4.0948974209853456E-01 a      1275     1    17     2    25
  3.7985407398183813E-01 a      1276     1    18     2     1
  1.2996260639655876E+01 a      1277     1    18     2     2
 -2.6948232004965771E+00 a      1278     1    18     2     3
 -3.3915465786701735E+00 a      1279     1    18     2     4
 -3.7941289442997097E+00 a      1280     1    18     2     5
 -3.6127999950818945E-01 a      1281     1    18     2     6
 -2.1710968057636015E+00 a      1282     1    18     2     7
 -5.1442341920057642E+00 a      1283     1    18     2     8
  7.0680884708236136E-01 a      1284     1    18     2     9
 -3.5908295202967011E+00 a      1285     1    18     2    10
  1.1320388010490834E+00 a      1286     1    18     2    11
  6.0867486511823712E+00 a      1287     1    18     2    12
 -6.2331925671562312E+00 a      1288     1    18     2    13
 -1.0743731924660702E+00 a      1289     1    18     2    14
 -2.1743509245902795E+00 a      1290     1    18     2    15
 -2.6238994753153939E+00 a      1291     1    18     2    16
  1.1620797491316572E+00 a      1292     1    18     2    17
  1.6467966461379160E+00 a      1293     1    18     2    18
  3.1007758051203007E+00 a      1294     1    18     2    19
  5.6702362985858326E+00 a      1295     1    18     2    20
  1.8019107942220114E+00 a      1296     1    18     2    21
  3.8738529799857599E+00 a      1297     1    18     2    22
 -1.6551991122753020E+00 a      1298     1    18     2    23
 -3.0817236059648607E+00 a      1299     1    18     2    24
  4.5985102308789179E+00 a      1300     1    18     2    25
 -3.8438854644109228E+00 a      1301     1    19     2     1
 -2.6850390193246461E+00 a      1302     1    19     2     2
 -7.2108520530598579E+00 a      1303     1    19     2     3
 -1.7743960816203339E+00 a      1304     1    19     2     4
  1.7527413920948248E-01 a      1305     1    19     2     5
  1.4882413775559192E-01 a      1306     1    19     2     6
 -1.8425377291324403E+00 a      1307     1    19     2     7
  1.8127876582760344E-01 a      1308     1    19     2     8
  7.0844768455049900E-01 a      1309     1    19     2     9
  4.8677792011089620E+00 a      1310     1    19     2    10
 -8.1084907255555472E-01 a      1311     1    19     2    11
 -8.2297667609058467E-01 a      1312     1    19     2    12
  7.9118353154910883E+00 a      1313     1    19     2    13
  5.1728048305177783E+00 a      1314     1    19     2    14
 -5.3567310347333796E+00 a      1315     1    19     2    15
  3.5695224945000712E+00 a      1316     1    19     2    16
 -1.3941619272804426E+00 a      1317     1    19     2    17
 -2.1349523322881221E+00 a      1318     1    19     2    18
 -1.6378839336477460E+00 a      1319     1    19     2    19
  6.5469546148223745E-01 a      1320     1    19     2    20
 -3.5539634361516383E+00 a      1321     1    19     2    21
 -1.7389273832086514E+00 a      1322     1    19     2    22
  1.4982310317655023E+00 a      1323     1    19     2    23
  1.6543235881375700E+00 a      1324     1    19     2    24
 -1.3030281118295663E+01 a      1325     1    19     2    25
  1.9054754225046560E+00 a      1326     1    20     2     1
 -1.5427164110034133E+00 a      1327     1    20     2     2
 -3.3007630828669776E+00 a      1328     1    20     2     3
  1.1282970873715845E+00 a      1329     1    20     2     4
 -5.2342744874238412E-01 a      1330     1    20     2     5
  5.0907842275524717E-01 a      1331     1    20     2     6
 -1.3361431964124881E+00 a      1332     1    20     2     7
 -2.6233395891273346E+00 a      1333     1    20     2     8
 -1.7158874717653083E+00 a      1334     1    20     2     9
 -6.2210805795148449E-01 a      1335     1    20     2    10
 -1.0888303824794066E+00 a      1336     1    20     2    11
 -5.6118970511173372E-01 a      1337     1    20     2    12
  1.0216271361670735E+00 a      1338     1    20     2    13
 -8.9779443532508250E+00 a      1339     1    20     2    14
  1.4675707001474241E+00 a      1340     1    20     2    15
 -2.1753590931575520E-01 a      1341     1    20     2    16
 -1.7064792329533995E+00 a      1342     1    20     2    17
 -1.1770088082886018E-01 a      1343     1    20     2    18
  1.3762311564885332E+00 a      1344     1    20     2    19
 -4.2494750983446967E-02 a      1345     1    20     2    20
 -8.3006298549704105E-01 a      1346     1    20     2    21
  1.6378702928294397E+00 a      1347     1    20     2    22
 -1.1750557615529107E-01 a      1348     1    20     2    23
 -1.6888723565932953E+00 a      1349     1    20     2    24
 -3.7114063522922720E+00 a      1350     1    20     2    25
  2.7478710964858866E-01 a      1351     1    21     2     1
 -1.0319396043790492E+00 a      1352     1    21     2     2
 -1.1152326491079088E+00 a      1353     1    21     2     3
  1.4014309839575960E+00 a      1354     1    21     2     4
  4.1914013506155823E-01 a      1355     1    21     2     5
  1.9184964036781083E+00 a      1356     1    21     2     6
  3.3827409034100597E+00 a      1357     1    21     2     7
 -1.6720784357651932E+00 a      1358     1    21     2     8
  2.0380384962623812E+00 a      1359     1    21     2     9
  1.9315394334188161E+00 a      1360     1    21     2    10
 -8.9250751720609411E-01 a      1361     1    21     2    11
 -3.1694257240447765E+00 a      1362     1    21     2    12
 -1.3768510973086971E+00 a      1363     1    21     2    13
 -2.5681920195701378E+00 a      1364     1    21     2    14
  2.6191003975867627E-01 a      1365     1    21     2    15
  8.1262325606959585E-01 a      1366     1    21     2    16
  6.9951105022202131E-01 a      1367     1    21     2    17
  3.4281844663630681E+00 a      1368     1    21     2    18
 -9.4171285925276205E-01 a      1369     1    21     2    19
 -9.6938556039875792E-02 a      1370     1    21     2    20
  2.1221872664136670E+00 a      1371     1    21     2    21
 -4.7361173953218962E+00 a      1372     1    21     2    22
  5.0171612243664038E-02 a      1373     1    21     2    23
  1.4317458027862917E+00 a      1374     1    21     2    24
  4.6334765775380058E+00 a      1375     1    21     2    25
 -6.7749168957391541E+00 a      1376     1    22     2     1
 -4.2684044690172207E-01 a      1377     1    22     2     2
 -1.1534566241768816E+00 a      1378     1    22     2     3
 -2.1610004060902654E+00 a      1379     1    22     2     4
  3.0017351041167184E+00 a      1380     1    22     2     5
  3.3188720778903114E+00 a      1381     1    22     2     6
 -1.7337064455454663E+00 a      1382     1    22     2     7
 -2.4924429935991617E+00 a      1383     1    22     2     8
 -1.1218516871377360E+00 a      1384     1    22     2     9
  8.2753410941876682E-01 a      1385     1    22     2    10
 -9.6938759117561191E-01 a      1386     1    22     2    11
  1.9098903836636083E+00 a      1387     1    22     2    12
 -1.1878911270048635E+00 a      1388     1    22     2    13
 -6.5624659909571754E+00 a      1389     1    22     2    14
  1.3621261420472224E+00 a      1390     1    22     2    15
  5.4142064543774913E+00 a      1391     1    22     2    16
  1.1608733413455230E+00 a      1392     1    22     2    17
  2.4993894466661617E+00 a      1393     1    22     2    18
 -6.8675280038142121E+00 a      1394     1    22     2    19
  3.4970855816952268E-01 a      1395     1    22     2    20
 -8.7847180849895135E-01 a      1396     1    22     2    21
 -8.5180743738915299E-01 a      1397     1    22     2    22
  1.3582532785191042E+00 a      1398     1    22     2    23
 -4.3712888595528039E+00 a      1399     1    22     2    24
  8.5047228910648998E-01 a      1400     1    22     2    25
 -4.2108435340985304E+00 a      1401     1    23     2     1
 -1.9245120478909494E+00 a      1402     1    23     2     2
  2.8519937625491294E+00 a      1403     1    23     2     3
 -6.3614700084042936E-02 a      1404     1    23     2     4
 -4.1018189002700236E+00 a      1405     1    23     2     5
  8.4915100964020140E-01 a      1406     1    23     2     6
 -3.7413837302290447E+00 a      1407     1    23     2     7
  5.1050630143741289E+00 a      1408     1    23     2     8
 -2.7231845353950441E+00 a      1409     1    23     2     9
  3.7165277408087589E+00 a      1410     1    23     2    10
 -3.5286217054605831E+00 a      1411     1    23     2    11
  3.6911073600920514E+00 a      1412     1    23     2    12
 -2.3646544979004860E+00 a      1413     1    23     2    13
 -4.9389956764821417E+00 a      1414     1    23     2    14
  6.8397325668689546E-01 a      1415     1    23     2    15
  8.7659694210762140E+00 a      1416     1    23     2    16
  3.3802641900335306E+00 a      1417     1    23     2    17
 -5.0800606993584796E-01 a      1418     1    23     2    18
 -7.3840927785949972E-01 a      1419     1    23     2    19
 -6.5912290087642977E-01 a      1420     1    23     2    20
 -2.2596378921826021E+00 a      1421     1    23     2    21
  1.7551786924664161E+00 a      1422     1    23     2    22
 -1.0760721668884745E+00 a      1423     1    23     2    23
 -8.8251043989072542E-01 a      1424     1    23     2    24
 -1.1938371712342821E+00 a      1425     1    23     2    25
  3.1246050475444127E+00 a      1426     1    24     2     1
  3.7071942088496151E-01 a      1427     1    24     2     2
  2.2007623487022876E+00 a      1428     1    24     2     3
 -1.7340939489818157E+00 a      1429     1    24     2     4
 -1.5995785664404433E+01 a      1430     1    24     2     5
 -3.3921701610587038E+00 a      1431     1    24     2     6
 -1.4083935681071140E+00 a      1432     1    24     2     7
 -9.0445876909232281E-01 a      1433     1    24     2     8
  2.5291106878668277E+00 a      1434     1    24     2     9
 -3.5061410905085357E+00 a      1435     1    24     2    10
 -1.5926154163052406E+00 a      1436     1    24     2    11
  6.5600301470581282E-02 a      1437     1    24     2    12
  5.2571078557399407E+00 a      1438     1    24     2    13
  8.1576529311644705E+00 a      1439     1    24     2    14
 -5.5051149045064358E+00 a      1440     1    24     2    15
 -1.1960185221371910E+01 a      1441     1    24     2    16
 -2.3404608964782381E+00 a      1442     1    24     2    17
 -7.4319416671187364E+00 a      1443     1    24     2    18
  2.8623163064862478E+00 a      1444     1    24     2    19
 -1.2729028361855792E+00 a      1445     1    24     2    20
  1.1558030793718352E+01 a      1446     1    24     2    21
 -6.3475260740277872E-01 a      1447     1    24     2    22
 -6.9836146903805141E-01 a      1448     1    24     2    23
 -1.5569894568075987E-01 a      1449     1    24     2    24
 -2.3567731235413123E+00 a      1450     1    24     2    25
 -3.5993008365443013E+00 a      1451     1    25     2     1
 -1.2397912833672762E+00 a      1452     1    25     2     2
  4.9535569591727109E+00 a      1453     1    25     2     3
 -1.1428544898112936E+00 a      1454     1    25     2     4
 -1.2450623104451253E+00 a      1455     1    25     2     5
 -9.3228546197724107E+00 a      1456     1    25     2     6
 -1.5068880552146624E+00 a      1457     1    25     2     7
  4.1855650863868910E+00 a      1458     1    25     2     8
 -5.1731729992269120E+00 a      1459     1    25     2     9
 -1.0332791517505668E+00 a      1460     1    25     2    10
  4.0173165380607917E-01 a      1461     1    25     2    11
  2.3449215096196139E+00 a      1462     1    25     2    12
  1.4836179876110420E+00 a      1463     1    25     2    13
  3.7072657298583582E+00 a      1464     1    25     2    14
 -4.4861006631373819E+00 a      1465     1    25     2    15
 -1.5323336460037886E+00 a      1466     1    25     2    16
 -2.5299708130479570E-01 a      1467     1    25     2    17
  1.3390010273841317E+00 a      1468     1    25     2    18
 -1.2353560897059932E+00 a      1469     1    25     2    19
  2.0314283260852584E+00 a      1470     1    25     2    20
  2.0544643503511115E+00 a      1471     1    25     2    21
  2.6479152228588859E-01 a      1472     1    25     2    22
  2.8816174097363093E-02 a      1473     1    25     2    23
  2.8131115180565653E+00 a      1474     1    25     2    24
 -2.0574308784815605E+00 a      1475     1    25     2    25
  1.7187993866849734E+01 b      1476     2     1
 -9.3803656693774773E-01 b      1477     2     2
 -7.8769449411942611E+00 b      1478     2     3
  2.5880850888922047E+00 b      1479     2     4
 -4.7488618437367153E-01 b      1480     2     5
  6.1862170314384368E+00 b      1481     2     6
  5.9036793335078057E+00 b      1482     2     7
 -5.3720675352019960E+00 b      1483     2     8
  4.0684049840738279E+00 b      1484     2     9
 -3.6204528915297116E+00 b      1485     2    10
  4.6937482852905923E+00 b      1486     2    11
 -3.8738621122231898E-01 b      1487     2    12
 -5.0066267176978689E+00 b      1488     2    13
 -1.0216645395769820E+01 b      1489     2    14
  3.2908454893936283E+00 b      1490     2    15
  1.2450142114506042E+00 b      1491     2    16
  3.3235602403946873E+00 b      1492     2    17
 -4.6637007123574614E+00 b      1493     2    18
  7.8715644845956376E+00 b      1494     2    19
 -3.1613928238170046E+00 b      1495     2    20
 -1.4830039685889804E+00 b      1496     2    21
 -1.6823391805277830E+00 b      1497     2    22
  8.9067968155828190E+00 b      1498     2    23
 -4.0110074924877726E+00 b      1499     2    24
  1.0587222560229700E+01 b      1500     2    25
 -5.8903714636609452E+00 a      1501     2     1     3     1
 -2.4072536203587716E-01 a      1502     2     2     3     1
  2.1792649340323089E-01 a      1503     2     3     3     1
  1.7879543920246401E+00 a      1504     2     4     3     1
 -4.4216589665762923E-01 a      1505     2     5     3     1
 -7.8024584929875651E-01 a      1506     2     6     3     1
 -1.7787005979497208E+00 a      1507     2     7     3     1
  5.2611904975617216E+00 a      1508     2     8     3     1
 -3.5242772643949799E-01 a      1509     2     9     3     1
  4.9037280430200153E-01 a      1510     2    10     3     1
  7.7220912273027253E-01 a      1511     2    11     3     1
  6.0157246092672922E-01 a      1512     2    12     3     1
  2.8996258183599477E-01 a      1513     2    13     3     1
  1.3071143183225153E-01 a      1514     2    14     3     1
  6.0620354852236813E-01 a      1515     2    15     3     1
  4.6010358965800274E-01 a      1516     2    16     3     1
  1.1790789723065722E+00 a      1517     2    17     3     1
 -5.6578295508149590E-01 a      1518     2    18     3     1
 -1.1305447274064087E+00 a      1519     2    19     3     1
 -1.0052020183395363E+00 a      1520     2    20     3     1
  2.9432342879205875E-01 a      1521     2    21     3     1
  9.6631431215401342E-01 a      1522     2    22     3     1
  9.0629258995480277E-01 a      1523     2    23     3     1
  1.5607186340524395E+00 a      1524     2    24     3     1
  5.2550241876993598E-01 a      1525     2    25     3     1
  7.3590703195933993E-01 b      1526     3     1
