     -0.6316681204 a         1     0     1     1     1
     -0.2815261391 a         2     0     1     1     2
      1.1464894015 a         3     0     1     1     3
     -0.0361489503 a         4     0     1     1     4
      0.3455879445 a         5     0     1     1     5
      0.7253195946 a         6     0     1     1     6
      1.3590955916 a         7     0     1     1     7
     -0.2720938223 a         8     0     1     1     8
      0.8503829948 a         9     0     1     1     9
     -0.1178047738 a        10     0     1     1    10
     -0.0541138795 a        11     0     1     1    11
      0.1516583937 a        12     0     1     1    12
     -0.7383029850 a        13     0     1     1    13
      1.0340878100 a        14     0     1     1    14
     -1.0164361840 a        15     0     1     1    15
      0.3291873083 a        16     0     1     1    16
      0.5381799624 a        17     0     1     1    17
      0.2730603377 a        18     0     1     1    18
      0.0698227202 a        19     0     1     1    19
     -0.2359984281 a        20     0     1     1    20
      0.7748579242 a        21     0     1     1    21
      0.0991091607 a        22     0     1     1    22
     -0.3433635406 a        23     0     1     1    23
     -0.3328013486 a        24     0     1     1    24
      0.3088941938 a        25     0     1     1    25
      0.4622824568 a        26     0     2     1     1
      1.1590547068 a        27     0     2     1     2
     -0.5324727807 a        28     0     2     1     3
     -0.8008130174 a        29     0     2     1     4
     -0.1652161638 a        30     0     2     1     5
     -0.0134614315 a        31     0     2     1     6
     -0.7322286775 a        32     0     2     1     7
     -0.2303559591 a        33     0     2     1     8
     -1.4991232481 a        34     0     2     1     9
      0.3811006999 a        35     0     2     1    10
      0.1160183075 a        36     0     2     1    11
      0.0508016636 a        37     0     2     1    12
      1.0781577017 a        38     0     2     1    13
     -0.6840857623 a        39     0     2     1    14
      1.1030163087 a        40     0     2     1    15
      0.0599194709 a        41     0     2     1    16
     -0.5611110649 a        42     0     2     1    17
      0.2188453065 a        43     0     2     1    18
      0.8265280120 a        44     0     2     1    19
      0.3463163519 a        45     0     2     1    20
     -0.3769504346 a        46     0     2     1    21
     -0.1109006705 a        47     0     2     1    22
     -0.3605213610 a        48     0     2     1    23
      0.2868229849 a        49     0     2     1    24
      0.6634799222 a        50     0     2     1    25
      0.9596269507 a        51     0     3     1     1
     -0.7304634005 a        52     0     3     1     2
     -0.0486344616 a        53     0     3     1     3
     -0.2199486437 a        54     0     3     1     4
     -0.4329715110 a        55     0     3     1     5
      0.5371686058 a        56     0     3     1     6
      1.0637540064 a        57     0     3     1     7
      0.0161652787 a        58     0     3     1     8
     -0.5423915082 a        59     0     3     1     9
      0.7413618861 a        60     0     3     1    10
     -0.1619347851 a        61     0     3     1    11
     -0.1776625468 a        62     0     3     1    12
      0.2645923737 a        63     0     3     1    13
      0.5575640590 a        64     0     3     1    14
      0.6650538455 a        65     0     3     1    15
      0.1414725164 a        66     0     3     1    16
      0.6537745786 a        67     0     3     1    17
      0.3180016662 a        68     0     3     1    18
     -0.5412592613 a        69     0     3     1    19
      0.0219195583 a        70     0     3     1    20
      0.7956608939 a        71     0     3     1    21
     -0.7480469845 a        72     0     3     1    22
      0.1929147009 a        73     0     3     1    23
      0.0517233538 a        74     0     3     1    24
      0.1518690805 a        75     0     3     1    25
     -0.7288590283 a        76     0     4     1     1
     -0.9635624174 a        77     0     4     1     2
      0.1526482001 a        78     0     4     1     3
      1.7265071778 a        79     0     4     1     4
      0.7940120325 a        80     0     4     1     5
     -0.4877895462 a        81     0     4     1     6
     -1.2536862223 a        82     0     4     1     7
      0.5949467231 a        83     0     4     1     8
      1.5490354315 a        84     0     4     1     9
     -1.3437428781 a        85     0     4     1    10
      0.1052050033 a        86     0     4     1    11
     -0.0804003708 a        87     0     4     1    12
      0.3241921703 a        88     0     4     1    13
      0.4392583043 a        89     0     4     1    14
     -0.2363292071 a        90     0     4     1    15
     -0.2253380698 a        91     0     4     1    16
      0.0551779848 a        92     0     4     1    17
     -0.0499230375 a        93     0     4     1    18
      0.3275960379 a        94     0     4     1    19
      0.2812975007 a        95     0     4     1    20
      0.7456509587 a        96     0     4     1    21
      1.2585076719 a        97     0     4     1    22
     -0.1387699063 a        98     0     4     1    23
      0.4224438429 a        99     0     4     1    24
     -0.3279866402 a       100     0     4     1    25
      0.8360302097 a       101     0     5     1     1
      0.2286665613 a       102     0     5     1     2
     -0.2364332920 a       103     0     5     1     3
      1.1812858345 a       104     0     5     1     4
      0.3708284305 a       105     0     5     1     5
      0.3917296689 a       106     0     5     1     6
     -0.0571136791 a       107     0     5     1     7
     -0.0333222877 a       108     0     5     1     8
     -0.2097091700 a       109     0     5     1     9
     -0.0846385268 a       110     0     5     1    10
     -0.0953278796 a       111     0     5     1    11
     -0.7841101043 a       112     0     5     1    12
      0.3099131431 a       113     0     5     1    13
     -0.2436713227 a       114     0     5     1    14
      0.2271674630 a       115     0     5     1    15
      0.5885019307 a       116     0     5     1    16
     -0.5029794655 a       117     0     5     1    17
      0.0606243027 a       118     0     5     1    18
     -0.7630313827 a       119     0     5     1    19
      0.5766781659 a       120     0     5     1    20
      0.5304331021 a       121     0     5     1    21
     -0.6958517150 a       122     0     5     1    22
     -0.5397676975 a       123     0     5     1    23
     -0.1353135928 a       124     0     5     1    24
      0.0619052464 a       125     0     5     1    25
      0.0345471901 a       126     0     6     1     1
      1.5635690529 a       127     0     6     1     2
     -0.1387942206 a       128     0     6     1     3
     -1.6988325519 a       129     0     6     1     4
     -1.0019687262 a       130     0     6     1     5
     -1.1236458188 a       131     0     6     1     6
      1.2117635880 a       132     0     6     1     7
     -0.5082603157 a       133     0     6     1     8
     -0.0946622093 a       134     0     6     1     9
      0.8289747040 a       135     0     6     1    10
      0.6706286577 a       136     0     6     1    11
      1.1608279779 a       137     0     6     1    12
      0.9930186293 a       138     0     6     1    13
      0.3361015074 a       139     0     6     1    14
      0.1783877861 a       140     0     6     1    15
     -0.2901885165 a       141     0     6     1    16
      0.8365264718 a       142     0     6     1    17
     -1.0792425032 a       143     0     6     1    18
      0.8223610646 a       144     0     6     1    19
     -0.5216042735 a       145     0     6     1    20
     -0.7712086882 a       146     0     6     1    21
     -0.8234439228 a       147     0     6     1    22
      1.3643508940 a       148     0     6     1    23
      0.0359262679 a       149     0     6     1    24
     -1.4778296379 a       150     0     6     1    25
     -0.5230027085 a       151     0     7     1     1
     -0.1057701971 a       152     0     7     1     2
      0.2681513201 a       153     0     7     1     3
     -0.0779098366 a       154     0     7     1     4
     -0.1206831142 a       155     0     7     1     5
      0.4334277883 a       156     0     7     1     6
     -0.6144924425 a       157     0     7     1     7
     -0.0645469844 a       158     0     7     1     8
      0.8305098104 a       159     0     7     1     9
     -0.2934387691 a       160     0     7     1    10
     -0.3166131566 a       161     0     7     1    11
     -0.7012907945 a       162     0     7     1    12
     -0.4589882450 a       163     0     7     1    13
     -0.8630539263 a       164     0     7     1    14
     -0.2269801534 a       165     0     7     1    15
     -0.3017039065 a       166     0     7     1    16
      0.2991852392 a       167     0     7     1    17
     -0.3279666800 a       168     0     7     1    18
     -0.0082544961 a       169     0     7     1    19
      0.1094501856 a       170     0     7     1    20
     -0.2429826215 a       171     0     7     1    21
      0.3379098179 a       172     0     7     1    22
     -0.0006436753 a       173     0     7     1    23
     -0.1238880290 a       174     0     7     1    24
     -0.2498060434 a       175     0     7     1    25
      0.8427827448 a       176     0     8     1     1
      0.2171485390 a       177     0     8     1     2
      0.0101572695 a       178     0     8     1     3
      1.4754526597 a       179     0     8     1     4
      1.1990490091 a       180     0     8     1     5
     -1.3458486193 a       181     0     8     1     6
     -0.7047569869 a       182     0     8     1     7
      0.3398370471 a       183     0     8     1     8
     -0.4433072791 a       184     0     8     1     9
      0.5240878977 a       185     0     8     1    10
      0.7126209209 a       186     0     8     1    11
     -0.3369897846 a       187     0     8     1    12
     -1.0811317284 a       188     0     8     1    13
     -1.9873327208 a       189     0     8     1    14
     -1.1696218259 a       190     0     8     1    15
      0.5258999223 a       191     0     8     1    16
      0.0673670494 a       192     0     8     1    17
      0.7521671829 a       193     0     8     1    18
      0.1622570670 a       194     0     8     1    19
     -0.5626283932 a       195     0     8     1    20
      0.8827081568 a       196     0     8     1    21
      1.1579154149 a       197     0     8     1    22
     -0.4969125808 a       198     0     8     1    23
     -0.8196441105 a       199     0     8     1    24
      0.0128787380 a       200     0     8     1    25
      0.4406420708 a       201     0     9     1     1
     -0.0129324597 a       202     0     9     1     2
      0.5171425162 a       203     0     9     1     3
     -2.0209279785 a       204     0     9     1     4
      0.1629563855 a       205     0     9     1     5
      0.2086425842 a       206     0     9     1     6
     -0.1486033433 a       207     0     9     1     7
     -0.0228495190 a       208     0     9     1     8
      0.1796452494 a       209     0     9     1     9
      0.5755986062 a       210     0     9     1    10
      0.3459566278 a       211     0     9     1    11
      0.7244945229 a       212     0     9     1    12
      0.3930361839 a       213     0     9     1    13
      0.1017990578 a       214     0     9     1    14
     -0.0852319281 a       215     0     9     1    15
     -0.3974465731 a       216     0     9     1    16
     -0.4522500544 a       217     0     9     1    17
      0.7495488405 a       218     0     9     1    18
     -0.3551015063 a       219     0     9     1    19
     -0.1837749755 a       220     0     9     1    20
      0.0421819478 a       221     0     9     1    21
     -0.0881482859 a       222     0     9     1    22
     -0.7301741646 a       223     0     9     1    23
     -0.4788887357 a       224     0     9     1    24
      0.7602371770 a       225     0     9     1    25
     -0.2784486996 a       226     0    10     1     1
     -0.4635409345 a       227     0    10     1     2
     -0.1535608955 a       228     0    10     1     3
     -0.5158675551 a       229     0    10     1     4
     -0.5729684966 a       230     0    10     1     5
      0.2959025107 a       231     0    10     1     6
     -0.7219776195 a       232     0    10     1     7
      0.4989249675 a       233     0    10     1     8
      0.2322045293 a       234     0    10     1     9
     -0.3217500159 a       235     0    10     1    10
     -0.2514105574 a       236     0    10     1    11
      0.7529245869 a       237     0    10     1    12
      0.1493369277 a       238     0    10     1    13
      0.7614607810 a       239     0    10     1    14
      0.3008922723 a       240     0    10     1    15
     -0.8803567014 a       241     0    10     1    16
      0.3912674850 a       242     0    10     1    17
     -0.3229931121 a       243     0    10     1    18
     -0.1411790008 a       244     0    10     1    19
     -0.4117067772 a       245     0    10     1    20
     -0.4518464845 a       246     0    10     1    21
     -0.4506794233 a       247     0    10     1    22
      0.3066551296 a       248     0    10     1    23
      0.1427297157 a       249     0    10     1    24
      0.7184789093 a       250     0    10     1    25
      0.3434199957 a       251     0    11     1     1
     -0.2395259846 a       252     0    11     1     2
      0.0122805850 a       253     0    11     1     3
      1.3186599568 a       254     0    11     1     4
     -0.1040489912 a       255     0    11     1     5
     -0.3397282890 a       256     0    11     1     6
     -0.1437476408 a       257     0    11     1     7
      0.3076604664 a       258     0    11     1     8
     -0.3630176613 a       259     0    11     1     9
     -0.9850367518 a       260     0    11     1    10
      0.8175997304 a       261     0    11     1    11
     -0.7685215352 a       262     0    11     1    12
     -0.0883193121 a       263     0    11     1    13
      0.4042874661 a       264     0    11     1    14
      0.5822942744 a       265     0    11     1    15
     -0.3946351323 a       266     0    11     1    16
     -0.3969825290 a       267     0    11     1    17
     -0.9543571361 a       268     0    11     1    18
     -0.8361614534 a       269     0    11     1    19
     -0.5125938355 a       270     0    11     1    20
     -1.2609668792 a       271     0    11     1    21
      0.6748893224 a       272     0    11     1    22
      0.2735038072 a       273     0    11     1    23
      0.1496854649 a       274     0    11     1    24
     -1.1663880318 a       275     0    11     1    25
     -1.0183693183 a       276     0    12     1     1
      0.7910899539 a       277     0    12     1     2
      0.1204230706 a       278     0    12     1     3
     -0.2799491727 a       279     0    12     1     4
      0.5347031265 a       280     0    12     1     5
     -1.2219394609 a       281     0    12     1     6
      0.7382187499 a       282     0    12     1     7
     -0.1186487206 a       283     0    12     1     8
      0.0878676139 a       284     0    12     1     9
      0.2611414289 a       285     0    12     1    10
     -0.7391017847 a       286     0    12     1    11
     -1.0945231830 a       287     0    12     1    12
      0.4421897439 a       288     0    12     1    13
      0.6403979144 a       289     0    12     1    14
     -0.4214314446 a       290     0    12     1    15
      0.7110450632 a       291     0    12     1    16
      1.0956547400 a       292     0    12     1    17
      0.5725478061 a       293     0    12     1    18
      0.0148784150 a       294     0    12     1    19
     -0.2452964946 a       295     0    12     1    20
     -0.6115222109 a       296     0    12     1    21
      0.2176332804 a       297     0    12     1    22
      0.8593644629 a       298     0    12     1    23
     -0.8599174302 a       299     0    12     1    24
      0.7843111149 a       300     0    12     1    25
     -0.0558619030 a       301     0    13     1     1
      0.3708687391 a       302     0    13     1     2
     -1.0530399013 a       303     0    13     1     3
     -0.4719401714 a       304     0    13     1     4
      1.5182435099 a       305     0    13     1     5
     -0.2300179971 a       306     0    13     1     6
     -0.0212104936 a       307     0    13     1     7
      0.8597389234 a       308     0    13     1     8
      0.1172373910 a       309     0    13     1     9
      0.0827184691 a       310     0    13     1    10
     -0.2799597579 a       311     0    13     1    11
      0.3650148303 a       312     0    13     1    12
      0.2805032100 a       313     0    13     1    13
     -0.5512781127 a       314     0    13     1    14
      0.0865571295 a       315     0    13     1    15
     -0.3004073472 a       316     0    13     1    16
     -0.1510529319 a       317     0    13     1    17
     -0.0800584971 a       318     0    13     1    18
      0.6197315109 a       319     0    13     1    19
      0.1699564209 a       320     0    13     1    20
     -0.0682780076 a       321     0    13     1    21
     -1.4985432892 a       322     0    13     1    22
     -0.3334526433 a       323     0    13     1    23
     -0.3395867832 a       324     0    13     1    24
      0.1948483307 a       325     0    13     1    25
     -0.0156478323 a       326     0    14     1     1
      0.8071990547 a       327     0    14     1     2
      0.2521801571 a       328     0    14     1     3
      0.3466522030 a       329     0    14     1     4
     -1.0391333989 a       330     0    14     1     5
     -0.5463453666 a       331     0    14     1     6
     -0.6210598390 a       332     0    14     1     7
     -0.2142223536 a       333     0    14     1     8
     -0.0615128069 a       334     0    14     1     9
      0.1898132977 a       335     0    14     1    10
     -0.4803809641 a       336     0    14     1    11
      0.0968801382 a       337     0    14     1    12
     -0.0918136581 a       338     0    14     1    13
     -0.6537544039 a       339     0    14     1    14
     -0.1587650755 a       340     0    14     1    15
      0.1579296943 a       341     0    14     1    16
     -0.7495167982 a       342     0    14     1    17
      0.8522577162 a       343     0    14     1    18
     -1.0591070113 a       344     0    14     1    19
      0.4955036543 a       345     0    14     1    20
      0.9603334827 a       346     0    14     1    21
     -0.8067927417 a       347     0    14     1    22
     -0.3996840582 a       348     0    14     1    23
      0.8692639614 a       349     0    14     1    24
     -2.0612238315 a       350     0    14     1    25
      1.3125440740 a       351     0    15     1     1
      0.0290503256 a       352     0    15     1     2
     -0.4165364841 a       353     0    15     1     3
     -0.2382105711 a       354     0    15     1     4
     -0.6759518423 a       355     0    15     1     5
      0.3921473624 a       356     0    15     1     6
     -0.6100373236 a       357     0    15     1     7
     -0.6876535048 a       358     0    15     1     8
     -0.0749852747 a       359     0    15     1     9
      0.5650789939 a       360     0    15     1    10
     -0.3139563150 a       361     0    15     1    11
      0.2842366169 a       362     0    15     1    12
     -0.6673303576 a       363     0    15     1    13
      0.6770269484 a       364     0    15     1    14
     -0.2402416834 a       365     0    15     1    15
      0.4725056410 a       366     0    15     1    16
      0.0187118745 a       367     0    15     1    17
      0.8932115474 a       368     0    15     1    18
     -1.4778454097 a       369     0    15     1    19
      0.2133320198 a       370     0    15     1    20
      0.0321034781 a       371     0    15     1    21
     -0.0885603482 a       372     0    15     1    22
     -0.5028863748 a       373     0    15     1    23
      0.2561064131 a       374     0    15     1    24
     -0.1638855977 a       375     0    15     1    25
      0.3658711156 a       376     0    16     1     1
      0.3697571665 a       377     0    16     1     2
     -0.3767725286 a       378     0    16     1     3
     -0.1405015259 a       379     0    16     1     4
      0.2673804038 a       380     0    16     1     5
      0.0863061870 a       381     0    16     1     6
      0.4492850821 a       382     0    16     1     7
      0.2196890874 a       383     0    16     1     8
     -0.0802273000 a       384     0    16     1     9
     -0.6912853737 a       385     0    16     1    10
     -0.1666647364 a       386     0    16     1    11
      0.0760022831 a       387     0    16     1    12
      0.2026450312 a       388     0    16     1    13
      0.0059274339 a       389     0    16     1    14
     -0.0312849238 a       390     0    16     1    15
     -0.3574187295 a       391     0    16     1    16
     -0.1256344648 a       392     0    16     1    17
      0.0804266964 a       393     0    16     1    18
     -0.2678204031 a       394     0    16     1    19
     -0.3519104338 a       395     0    16     1    20
      0.0978631193 a       396     0    16     1    21
      0.1746645278 a       397     0    16     1    22
     -0.2727068552 a       398     0    16     1    23
      0.1662961815 a       399     0    16     1    24
      0.0737751318 a       400     0    16     1    25
      0.3363925851 a       401     0    17     1     1
     -0.0658646886 a       402     0    17     1     2
     -0.6739749776 a       403     0    17     1     3
     -0.0631033723 a       404     0    17     1     4
     -0.7332751974 a       405     0    17     1     5
     -0.5945616411 a       406     0    17     1     6
     -1.0627187480 a       407     0    17     1     7
      0.0837780030 a       408     0    17     1     8
     -0.7698668533 a       409     0    17     1     9
     -0.1080445387 a       410     0    17     1    10
      0.6359136716 a       411     0    17     1    11
      0.1600351764 a       412     0    17     1    12
     -0.1647567342 a       413     0    17     1    13
      1.1194472701 a       414     0    17     1    14
     -0.3278058607 a       415     0    17     1    15
     -0.0718687048 a       416     0    17     1    16
     -0.8117861632 a       417     0    17     1    17
      0.3379864030 a       418     0    17     1    18
      0.7314313366 a       419     0    17     1    19
     -0.0749951731 a       420     0    17     1    20
      0.8921791908 a       421     0    17     1    21
      0.2592170195 a       422     0    17     1    22
      0.7499795751 a       423     0    17     1    23
      0.7588244500 a       424     0    17     1    24
     -0.4483079694 a       425     0    17     1    25
     -0.2547743004 a       426     0    18     1     1
     -0.9976898140 a       427     0    18     1     2
     -0.0456485326 a       428     0    18     1     3
     -0.1067888542 a       429     0    18     1     4
     -0.0624535332 a       430     0    18     1     5
     -0.0314533607 a       431     0    18     1     6
     -1.6497752446 a       432     0    18     1     7
      0.1727625292 a       433     0    18     1     8
     -1.5724159008 a       434     0    18     1     9
     -0.2634494796 a       435     0    18     1    10
      0.1841133465 a       436     0    18     1    11
     -0.5698772915 a       437     0    18     1    12
     -0.0297699959 a       438     0    18     1    13
      0.4833307750 a       439     0    18     1    14
      0.1777987494 a       440     0    18     1    15
     -0.7709745138 a       441     0    18     1    16
     -0.4401804245 a       442     0    18     1    17
     -0.2411408429 a       443     0    18     1    18
     -0.9792438714 a       444     0    18     1    19
      0.1310670806 a       445     0    18     1    20
     -0.4642180212 a       446     0    18     1    21
      0.2740858254 a       447     0    18     1    22
     -0.6282995288 a       448     0    18     1    23
     -0.4810090947 a       449     0    18     1    24
     -0.4002348291 a       450     0    18     1    25
      0.4405561707 a       451     0    19     1     1
     -0.4511998799 a       452     0    19     1     2
      0.1896451727 a       453     0    19     1     3
      0.3007009450 a       454     0    19     1     4
     -0.3214633316 a       455     0    19     1     5
      0.1311940146 a       456     0    19     1     6
     -0.4121746570 a       457     0    19     1     7
      0.6295697719 a       458     0    19     1     8
      0.4547391374 a       459     0    19     1     9
      1.1016844814 a       460     0    19     1    10
      0.0923342285 a       461     0    19     1    11
      0.2945826014 a       462     0    19     1    12
      1.1739118661 a       463     0    19     1    13
     -1.3336597404 a       464     0    19     1    14
     -0.5577994666 a       465     0    19     1    15
     -0.0694292351 a       466     0    19     1    16
      1.3678684582 a       467     0    19     1    17
      1.5575264066 a       468     0    19     1    18
     -0.3541560950 a       469     0    19     1    19
      0.1371247076 a       470     0    19     1    20
     -1.3046453525 a       471     0    19     1    21
      0.3157981224 a       472     0    19     1    22
     -0.3389952528 a       473     0    19     1    23
      0.2180786882 a       474     0    19     1    24
      0.0349662939 a       475     0    19     1    25
     -1.0636753832 a       476     0    20     1     1
      1.7105721567 a       477     0    20     1     2
      0.4320989965 a       478     0    20     1     3
      0.1636460438 a       479     0    20     1     4
     -0.5855672762 a       480     0    20     1     5
      0.3678621288 a       481     0    20     1     6
      0.4362952629 a       482     0    20     1     7
      0.8054051667 a       483     0    20     1     8
     -0.3076239173 a       484     0    20     1     9
     -0.4587196730 a       485     0    20     1    10
     -0.0483203903 a       486     0    20     1    11
      0.1976112646 a       487     0    20     1    12
     -1.2445480836 a       488     0    20     1    13
      0.1763197814 a       489     0    20     1    14
     -0.1115914446 a       490     0    20     1    15
     -1.2893434963 a       491     0    20     1    16
     -0.8674151113 a       492     0    20     1    17
     -0.0035638366 a       493     0    20     1    18
     -0.2151663554 a       494     0    20     1    19
      0.6636341529 a       495     0    20     1    20
     -0.1811583312 a       496     0    20     1    21
      0.8939082346 a       497     0    20     1    22
      0.3631990675 a       498     0    20     1    23
      0.0259752036 a       499     0    20     1    24
     -0.0938713090 a       500     0    20     1    25
     -0.2275323857 a       501     0    21     1     1
      0.1621563683 a       502     0    21     1     2
      0.4763993307 a       503     0    21     1     3
      1.4750252252 a       504     0    21     1     4
      0.7926413118 a       505     0    21     1     5
     -1.3500369537 a       506     0    21     1     6
     -1.3998418774 a       507     0    21     1     7
     -0.5139406607 a       508     0    21     1     8
     -1.1414025278 a       509     0    21     1     9
      0.6674363504 a       510     0    21     1    10
      0.8204063006 a       511     0    21     1    11
      0.1204498552 a       512     0    21     1    12
      0.4846565620 a       513     0    21     1    13
      0.4128625747 a       514     0    21     1    14
      0.8501436220 a       515     0    21     1    15
     -0.2603071005 a       516     0    21     1    16
     -1.4015175814 a       517     0    21     1    17
      1.4387372448 a       518     0    21     1    18
      0.6323213746 a       519     0    21     1    19
     -0.3686038081 a       520     0    21     1    20
     -0.3602491929 a       521     0    21     1    21
      0.7154860377 a       522     0    21     1    22
     -0.4880054131 a       523     0    21     1    23
     -1.1702278084 a       524     0    21     1    24
      1.3262720818 a       525     0    21     1    25
     -0.6911333321 a       526     0    22     1     1
     -0.3825393958 a       527     0    22     1     2
     -0.3054221244 a       528     0    22     1     3
     -0.0980639668 a       529     0    22     1     4
     -0.9343927549 a       530     0    22     1     5
      0.4182331394 a       531     0    22     1     6
      0.5374184128 a       532     0    22     1     7
      0.9272128203 a       533     0    22     1     8
      1.5586454083 a       534     0    22     1     9
     -0.2045867265 a       535     0    22     1    10
     -0.1219174362 a       536     0    22     1    11
      1.4631721967 a       537     0    22     1    12
     -0.6446872593 a       538     0    22     1    13
      1.8719154673 a       539     0    22     1    14
     -0.1522307769 a       540     0    22     1    15
      1.0716091678 a       541     0    22     1    16
      0.1689297315 a       542     0    22     1    17
      0.4147481410 a       543     0    22     1    18
     -0.1826143698 a       544     0    22     1    19
     -0.1690439872 a       545     0    22     1    20
     -0.2822490204 a       546     0    22     1    21
     -1.0020784166 a       547     0    22     1    22
      0.7602554276 a       548     0    22     1    23
      0.7194128814 a       549     0    22     1    24
      0.3155784852 a       550     0    22     1    25
      0.3910134380 a       551     0    23     1     1
      1.1157243987 a       552     0    23     1     2
     -0.3702554771 a       553     0    23     1     3
     -1.4571117812 a       554     0    23     1     4
     -0.1740542954 a       555     0    23     1     5
      0.3373195293 a       556     0    23     1     6
      1.4472828550 a       557     0    23     1     7
      0.4182989938 a       558     0    23     1     8
      0.1926458588 a       559     0    23     1     9
      0.3176450955 a       560     0    23     1    10
      0.1656192132 a       561     0    23     1    11
     -0.1782982556 a       562     0    23     1    12
     -0.0931855141 a       563     0    23     1    13
      1.0702420184 a       564     0    23     1    14
      0.5272427629 a       565     0    23     1    15
     -0.8095883744 a       566     0    23     1    16
     -0.7445102854 a       567     0    23     1    17
     -0.4555804889 a       568     0    23     1    18
      0.1133227279 a       569     0    23     1    19
      0.5610590735 a       570     0    23     1    20
     -0.7582329324 a       571     0    23     1    21
      0.0066701916 a       572     0    23     1    22
      1.0027887412 a       573     0    23     1    23
      0.1429508483 a       574     0    23     1    24
     -1.0020052450 a       575     0    23     1    25
      0.0686910405 a       576     0    24     1     1
      0.3295600009 a       577     0    24     1     2
      0.1917156245 a       578     0    24     1     3
      1.1079664640 a       579     0    24     1     4
      1.0677925312 a       580     0    24     1     5
     -0.1619275936 a       581     0    24     1     6
      0.5933948403 a       582     0    24     1     7
      0.5610975084 a       583     0    24     1     8
     -0.0691609528 a       584     0    24     1     9
     -0.7520757988 a       585     0    24     1    10
     -0.9367006634 a       586     0    24     1    11
     -0.2635808521 a       587     0    24     1    12
     -0.9612071287 a       588     0    24     1    13
     -0.3092329537 a       589     0    24     1    14
     -0.5799410922 a       590     0    24     1    15
      0.4776124846 a       591     0    24     1    16
      1.2676145617 a       592     0    24     1    17
      0.7731065430 a       593     0    24     1    18
     -0.2632991468 a       594     0    24     1    19
     -0.1262901744 a       595     0    24     1    20
      1.4367081865 a       596     0    24     1    21
     -0.8612836366 a       597     0    24     1    22
      0.4050516541 a       598     0    24     1    23
      0.5131872611 a       599     0    24     1    24
      1.0880967401 a       600     0    24     1    25
      0.1716074035 a       601     0    25     1     1
     -0.6812780751 a       602     0    25     1     2
     -0.4615939616 a       603     0    25     1     3
     -0.2874017279 a       604     0    25     1     4
     -0.4425501475 a       605     0    25     1     5
      0.9626608260 a       606     0    25     1     6
      0.4284862776 a       607     0    25     1     7
      0.1157812511 a       608     0    25     1     8
      0.7578458625 a       609     0    25     1     9
     -0.8926174169 a       610     0    25     1    10
      0.2328578749 a       611     0    25     1    11
     -0.6348001795 a       612     0    25     1    12
     -0.0980755974 a       613     0    25     1    13
     -1.4881830293 a       614     0    25     1    14
     -0.6335573133 a       615     0    25     1    15
      0.0161019406 a       616     0    25     1    16
      0.3124447600 a       617     0    25     1    17
      0.3342203765 a       618     0    25     1    18
      1.1761304565 a       619     0    25     1    19
      0.2798197632 a       620     0    25     1    20
      0.8468423805 a       621     0    25     1    21
     -0.5901943949 a       622     0    25     1    22
     -0.0364612169 a       623     0    25     1    23
     -0.9849975271 a       624     0    25     1    24
     -1.1246270286 a       625     0    25     1    25
      1.6990165489 a       626     0    26     1     1
     -1.7315624577 a       627     0    26     1     2
      0.2690890909 a       628     0    26     1     3
     -1.3017571956 a       629     0    26     1     4
      1.3004165826 a       630     0    26     1     5
     -0.2469848376 a       631     0    26     1     6
     -0.2811449483 a       632     0    26     1     7
      0.1962762902 a       633     0    26     1     8
      0.7318917174 a       634     0    26     1     9
     -0.1030480249 a       635     0    26     1    10
     -1.1374525468 a       636     0    26     1    11
     -0.1804842456 a       637     0    26     1    12
      0.6918780888 a       638     0    26     1    13
     -0.4894035112 a       639     0    26     1    14
      1.9314047915 a       640     0    26     1    15
      0.7198048857 a       641     0    26     1    16
     -0.6934909471 a       642     0    26     1    17
     -0.5132459312 a       643     0    26     1    18
      0.5610477031 a       644     0    26     1    19
      0.3902206852 a       645     0    26     1    20
      0.1873171779 a       646     0    26     1    21
     -0.0736009408 a       647     0    26     1    22
      0.2572336506 a       648     0    26     1    23
     -0.0316589966 a       649     0    26     1    24
      1.0233950545 a       650     0    26     1    25
     -1.2705416527 a       651     0    27     1     1
     -0.1715879960 a       652     0    27     1     2
      0.5497964874 a       653     0    27     1     3
      0.5664672482 a       654     0    27     1     4
     -0.0214350602 a       655     0    27     1     5
     -0.5135098252 a       656     0    27     1     6
      0.2429661250 a       657     0    27     1     7
      0.0457800961 a       658     0    27     1     8
     -0.4758276045 a       659     0    27     1     9
      0.3803986142 a       660     0    27     1    10
      0.6095407633 a       661     0    27     1    11
      1.1524151077 a       662     0    27     1    12
     -0.1956997416 a       663     0    27     1    13
      0.4222027480 a       664     0    27     1    14
     -0.9036694875 a       665     0    27     1    15
      0.3037094030 a       666     0    27     1    16
      0.2540867563 a       667     0    27     1    17
     -0.7020611797 a       668     0    27     1    18
      0.0301810132 a       669     0    27     1    19
     -0.3204704189 a       670     0    27     1    20
     -0.1532904484 a       671     0    27     1    21
     -0.0062615450 a       672     0    27     1    22
     -0.4707222828 a       673     0    27     1    23
     -0.8300916024 a       674     0    27     1    24
     -1.5609049454 a       675     0    27     1    25
      1.0404909769 b       676     1     1
     -0.1255516631 b       677     1     2
     -0.6824214499 b       678     1     3
     -0.2177574498 b       679     1     4
     -0.1557304755 b       680     1     5
     -0.4643612454 b       681     1     6
      0.3309103023 b       682     1     7
      1.2708790256 b       683     1     8
     -0.1305373274 b       684     1     9
      0.0426783495 b       685     1    10
     -0.4010772148 b       686     1    11
      1.0082774374 b       687     1    12
      0.2601623015 b       688     1    13
     -0.0903359864 b       689     1    14
      0.4455006774 b       690     1    15
      0.3001224850 b       691     1    16
      0.4071483362 b       692     1    17
      1.0578217288 b       693     1    18
      1.1912391333 b       694     1    19
     -1.4929313564 b       695     1    20
     -0.3440366722 b       696     1    21
     -0.9858264235 b       697     1    22
     -0.4210957760 b       698     1    23
      0.1664784081 b       699     1    24
     -1.0747261075 b       700     1    25
      1.2410515618 a       701     1     1     2     1
      0.0362185317 a       702     1     1     2     2
      1.4046581639 a       703     1     1     2     3
     -0.3015868046 a       704     1     1     2     4
     -0.0829100681 a       705     1     1     2     5
     -0.4794827181 a       706     1     1     2     6
     -0.9295262277 a       707     1     1     2     7
      0.5851392897 a       708     1     1     2     8
      0.3132992118 a       709     1     1     2     9
      1.0016511788 a       710     1     1     2    10
      0.3462686940 a       711     1     1     2    11
     -0.1113361315 a       712     1     1     2    12
     -0.6099165792 a       713     1     1     2    13
      0.6110943740 a       714     1     1     2    14
     -0.0464163199 a       715     1     1     2    15
      0.0010021853 a       716     1     1     2    16
      0.1491201237 a       717     1     1     2    17
     -0.5440065672 a       718     1     1     2    18
      0.0614727330 a       719     1     1     2    19
     -0.1637363197 a       720     1     1     2    20
      0.0156785823 a       721     1     1     2    21
     -0.0337632223 a       722     1     1     2    22
     -0.6189939363 a       723     1     1     2    23
      0.3747973475 a       724     1     1     2    24
     -0.6113325949 a       725     1     1     2    25
     -0.2956797178 a       726     1     2     2     1
     -0.3673365714 a       727     1     2     2     2
     -0.2868011960 a       728     1     2     2     3
     -0.4740840783 a       729     1     2     2     4
      0.0442715588 a       730     1     2     2     5
      0.2201108288 a       731     1     2     2     6
      0.3885726047 a       732     1     2     2     7
     -0.5803327058 a       733     1     2     2     8
     -0.3409919054 a       734     1     2     2     9
     -0.4671975353 a       735     1     2     2    10
      0.1363022586 a       736     1     2     2    11
      1.7255044648 a       737     1     2     2    12
      0.2562400004 a       738     1     2     2    13
      0.0741201263 a       739     1     2     2    14
      0.2586085865 a       740     1     2     2    15
     -0.7090698439 a       741     1     2     2    16
     -0.5662178690 a       742     1     2     2    17
     -0.1271116924 a       743     1     2     2    18
     -1.0918452029 a       744     1     2     2    19
      0.8144037612 a       745     1     2     2    20
     -0.3741175306 a       746     1     2     2    21
      0.9685675827 a       747     1     2     2    22
      0.3112451441 a       748     1     2     2    23
      1.5517394943 a       749     1     2     2    24
     -0.5550229270 a       750     1     2     2    25
     -0.4374737006 a       751     1     3     2     1
      0.0043165644 a       752     1     3     2     2
      0.4251740533 a       753     1     3     2     3
     -0.2085475985 a       754     1     3     2     4
     -0.0992141759 a       755     1     3     2     5
     -0.5061321563 a       756     1     3     2     6
      0.2916924770 a       757     1     3     2     7
     -1.1263429970 a       758     1     3     2     8
      0.6226579173 a       759     1     3     2     9
      0.3171433689 a       760     1     3     2    10
      0.4150529525 a       761     1     3     2    11
     -0.4199626492 a       762     1     3     2    12
      0.2717957547 a       763     1     3     2    13
     -0.4389419312 a       764     1     3     2    14
      0.5405855933 a       765     1     3     2    15
      0.0433888470 a       766     1     3     2    16
     -0.4712558907 a       767     1     3     2    17
      0.3307975035 a       768     1     3     2    18
      0.4358167038 a       769     1     3     2    19
     -0.7940024245 a       770     1     3     2    20
     -0.3040558332 a       771     1     3     2    21
      0.1633342809 a       772     1     3     2    22
     -0.5044663529 a       773     1     3     2    23
      0.2578578957 a       774     1     3     2    24
     -0.5046637011 a       775     1     3     2    25
      0.3556035638 a       776     1     4     2     1
     -0.5063601109 a       777     1     4     2     2
     -0.9864843258 a       778     1     4     2     3
      0.3583163305 a       779     1     4     2     4
     -0.6409915243 a       780     1     4     2     5
     -0.1438822737 a       781     1     4     2     6
     -1.1338210403 a       782     1     4     2     7
     -0.0564931696 a       783     1     4     2     8
     -0.1804268111 a       784     1     4     2     9
     -0.3877940012 a       785     1     4     2    10
      0.3067352944 a       786     1     4     2    11
      0.3263007017 a       787     1     4     2    12
      0.5318652371 a       788     1     4     2    13
      0.6106612611 a       789     1     4     2    14
      0.5719074709 a       790     1     4     2    15
      0.4732634322 a       791     1     4     2    16
      0.4583166991 a       792     1     4     2    17
      0.9872603427 a       793     1     4     2    18
     -0.1768994217 a       794     1     4     2    19
      0.0067933693 a       795     1     4     2    20
     -1.1433542469 a       796     1     4     2    21
     -0.1515199850 a       797     1     4     2    22
     -0.1425822106 a       798     1     4     2    23
      0.0059401178 a       799     1     4     2    24
     -0.2457830983 a       800     1     4     2    25
      0.0902762406 a       801     1     5     2     1
     -0.9836953126 a       802     1     5     2     2
     -0.3527292847 a       803     1     5     2     3
      0.2349438408 a       804     1     5     2     4
     -0.4224738144 a       805     1     5     2     5
     -0.5543073141 a       806     1     5     2     6
      0.6531869579 a       807     1     5     2     7
     -0.3582952940 a       808     1     5     2     8
      0.2248083242 a       809     1     5     2     9
      0.0434551186 a       810     1     5     2    10
     -0.6540851998 a       811     1     5     2    11
      0.3488230242 a       812     1     5     2    12
      0.4808643516 a       813     1     5     2    13
      0.3071768996 a       814     1     5     2    14
      0.0601845145 a       815     1     5     2    15
     -0.2571075672 a       816     1     5     2    16
      0.8617996726 a       817     1     5     2    17
     -0.8222970295 a       818     1     5     2    18
     -0.5184276887 a       819     1     5     2    19
      0.1042402285 a       820     1     5     2    20
     -0.4980406492 a       821     1     5     2    21
     -1.1738440902 a       822     1     5     2    22
      0.3462368764 a       823     1     5     2    23
     -0.2900184301 a       824     1     5     2    24
      0.3349227014 a       825     1     5     2    25
     -0.8899139008 a       826     1     6     2     1
     -0.1712100164 a       827     1     6     2     2
     -0.6681274882 a       828     1     6     2     3
     -0.9026074293 a       829     1     6     2     4
      0.3623058756 a       830     1     6     2     5
      0.8557480901 a       831     1     6     2     6
     -0.0750976585 a       832     1     6     2     7
      0.6048115503 a       833     1     6     2     8
     -0.0211922042 a       834     1     6     2     9
      0.8807632828 a       835     1     6     2    10
     -0.6903790404 a       836     1     6     2    11
     -0.2073075235 a       837     1     6     2    12
      1.0875125287 a       838     1     6     2    13
      0.5350161354 a       839     1     6     2    14
      0.7423903206 a       840     1     6     2    15
     -0.2221735364 a       841     1     6     2    16
      0.1653868306 a       842     1     6     2    17
     -0.0837826548 a       843     1     6     2    18
     -0.2501706810 a       844     1     6     2    19
     -1.0711403706 a       845     1     6     2    20
      0.8985666791 a       846     1     6     2    21
      0.7535551519 a       847     1     6     2    22
      0.2307862355 a       848     1     6     2    23
      0.2148283938 a       849     1     6     2    24
     -0.1708936945 a       850     1     6     2    25
     -0.5528524352 a       851     1     7     2     1
     -0.3694690803 a       852     1     7     2     2
      0.4708677358 a       853     1     7     2     3
      0.0354299848 a       854     1     7     2     4
      0.5160954027 a       855     1     7     2     5
     -0.9863129064 a       856     1     7     2     6
      0.1814583280 a       857     1     7     2     7
     -1.0692359247 a       858     1     7     2     8
     -0.3521071987 a       859     1     7     2     9
     -0.4589811327 a       860     1     7     2    10
      0.3539119857 a       861     1     7     2    11
      0.8199063699 a       862     1     7     2    12
     -0.0130886913 a       863     1     7     2    13
      0.2768785881 a       864     1     7     2    14
     -0.6584079484 a       865     1     7     2    15
     -0.0401094956 a       866     1     7     2    16
      0.3980843385 a       867     1     7     2    17
     -0.1013245001 a       868     1     7     2    18
      0.1210638292 a       869     1     7     2    19
     -0.0759523020 a       870     1     7     2    20
     -0.4549968994 a       871     1     7     2    21
     -0.5356767189 a       872     1     7     2    22
      0.2319742101 a       873     1     7     2    23
      0.9223675103 a       874     1     7     2    24
     -0.2716729888 a       875     1     7     2    25
     -0.2419929184 a       876     1     8     2     1
     -0.1383962873 a       877     1     8     2     2
     -0.7781816973 a       878     1     8     2     3
      0.2988400670 a       879     1     8     2     4
      0.3489812406 a       880     1     8     2     5
      0.5675016502 a       881     1     8     2     6
      0.1429108120 a       882     1     8     2     7
      0.4814256800 a       883     1     8     2     8
     -0.5344058123 a       884     1     8     2     9
     -0.0128505508 a       885     1     8     2    10
      0.1196274396 a       886     1     8     2    11
     -0.1967537970 a       887     1     8     2    12
     -0.0040658058 a       888     1     8     2    13
      0.2216369008 a       889     1     8     2    14
      0.0924907944 a       890     1     8     2    15
     -0.4048581901 a       891     1     8     2    16
      0.2507549556 a       892     1     8     2    17
      0.4061755170 a       893     1     8     2    18
     -0.1159776319 a       894     1     8     2    19
     -0.2716518165 a       895     1     8     2    20
      0.0271256057 a       896     1     8     2    21
      0.1451663362 a       897     1     8     2    22
     -0.0743021665 a       898     1     8     2    23
     -0.5755489248 a       899     1     8     2    24
     -0.3657956770 a       900     1     8     2    25
      0.2518191729 a       901     1     9     2     1
      0.1941914373 a       902     1     9     2     2
     -0.5905931500 a       903     1     9     2     3
     -0.9167444736 a       904     1     9     2     4
      0.6532536091 a       905     1     9     2     5
      0.6185527374 a       906     1     9     2     6
     -0.0536660198 a       907     1     9     2     7
      0.0011523148 a       908     1     9     2     8
     -0.7592202698 a       909     1     9     2     9
      0.4950003801 a       910     1     9     2    10
      0.0209505387 a       911     1     9     2    11
     -0.4029944582 a       912     1     9     2    12
     -0.3870307918 a       913     1     9     2    13
      0.1913872617 a       914     1     9     2    14
      0.1584368799 a       915     1     9     2    15
     -0.0751509465 a       916     1     9     2    16
     -0.3742584761 a       917     1     9     2    17
     -0.6579354244 a       918     1     9     2    18
     -0.3965955033 a       919     1     9     2    19
     -0.4187616587 a       920     1     9     2    20
      0.1098156143 a       921     1     9     2    21
     -0.3792888596 a       922     1     9     2    22
     -0.3319234943 a       923     1     9     2    23
      0.6121182613 a       924     1     9     2    24
      0.4417642675 a       925     1     9     2    25
     -0.1660805029 a       926     1    10     2     1
     -0.3523713892 a       927     1    10     2     2
      1.0284024081 a       928     1    10     2     3
     -0.2652376317 a       929     1    10     2     4
     -0.3931056479 a       930     1    10     2     5
      0.7960036604 a       931     1    10     2     6
     -0.5105138501 a       932     1    10     2     7
      0.0118467853 a       933     1    10     2     8
      0.0541031861 a       934     1    10     2     9
      0.0786562177 a       935     1    10     2    10
      0.0101954623 a       936     1    10     2    11
      0.1954528797 a       937     1    10     2    12
     -0.2442534543 a       938     1    10     2    13
      0.2850236252 a       939     1    10     2    14
      0.4196762759 a       940     1    10     2    15
     -0.0137768661 a       941     1    10     2    16
      0.9345882034 a       942     1    10     2    17
     -0.0534135936 a       943     1    10     2    18
      0.2345807292 a       944     1    10     2    19
      0.0931120318 a       945     1    10     2    20
      0.4977522339 a       946     1    10     2    21
      0.0396363967 a       947     1    10     2    22
      0.4115935181 a       948     1    10     2    23
     -0.0574531568 a       949     1    10     2    24
     -0.1002011585 a       950     1    10     2    25
     -0.4575794326 a       951     1    11     2     1
     -1.0209652232 a       952     1    11     2     2
     -0.2095568365 a       953     1    11     2     3
      0.8382514922 a       954     1    11     2     4
     -0.2951747487 a       955     1    11     2     5
      0.3093761295 a       956     1    11     2     6
     -0.1961011759 a       957     1    11     2     7
     -0.3464173536 a       958     1    11     2     8
      0.2513838243 a       959     1    11     2     9
      0.5411512420 a       960     1    11     2    10
     -0.6647795123 a       961     1    11     2    11
      0.1512824275 a       962     1    11     2    12
     -0.1060420465 a       963     1    11     2    13
      0.3231230328 a       964     1    11     2    14
      0.1789611687 a       965     1    11     2    15
     -0.2557824523 a       966     1    11     2    16
      0.2772988990 a       967     1    11     2    17
     -1.2588038332 a       968     1    11     2    18
      0.4228930746 a       969     1    11     2    19
     -0.6457918098 a       970     1    11     2    20
      0.2418510304 a       971     1    11     2    21
      0.6207060511 a       972     1    11     2    22
      0.0911093435 a       973     1    11     2    23
     -0.1971488325 a       974     1    11     2    24
      0.6999794515 a       975     1    11     2    25
     -0.4294417319 a       976     1    12     2     1
     -0.2067467173 a       977     1    12     2     2
      0.5077260060 a       978     1    12     2     3
     -0.7038821092 a       979     1    12     2     4
      0.0587982223 a       980     1    12     2     5
      0.8475719256 a       981     1    12     2     6
     -0.1442804364 a       982     1    12     2     7
     -0.7804906337 a       983     1    12     2     8
      0.3893668760 a       984     1    12     2     9
      0.0712992254 a       985     1    12     2    10
     -0.7615200172 a       986     1    12     2    11
     -1.3550263873 a       987     1    12     2    12
     -0.2964618080 a       988     1    12     2    13
     -0.2644443355 a       989     1    12     2    14
      1.1020238693 a       990     1    12     2    15
     -0.7028336961 a       991     1    12     2    16
     -0.2373243491 a       992     1    12     2    17
     -0.5601273837 a       993     1    12     2    18
      0.4224197089 a       994     1    12     2    19
     -0.4002448827 a       995     1    12     2    20
      0.9429375340 a       996     1    12     2    21
     -0.1432855237 a       997     1    12     2    22
      0.1665685613 a       998     1    12     2    23
      0.7266910541 a       999     1    12     2    24
     -0.2660808902 a      1000     1    12     2    25
      0.4671893825 a      1001     1    13     2     1
      0.0449876064 a      1002     1    13     2     2
      0.0334853797 a      1003     1    13     2     3
     -0.5514690510 a      1004     1    13     2     4
     -0.8671933020 a      1005     1    13     2     5
     -0.5435705613 a      1006     1    13     2     6
      0.6099667414 a      1007     1    13     2     7
     -0.3625888922 a      1008     1    13     2     8
     -0.2472812377 a      1009     1    13     2     9
      0.1761118046 a      1010     1    13     2    10
     -0.4391440046 a      1011     1    13     2    11
     -0.9822368768 a      1012     1    13     2    12
     -0.0331881006 a      1013     1    13     2    13
     -0.4863717014 a      1014     1    13     2    14
      0.2257443757 a      1015     1    13     2    15
     -0.4877605005 a      1016     1    13     2    16
     -0.1695068587 a      1017     1    13     2    17
     -0.0408253064 a      1018     1    13     2    18
     -0.0403631074 a      1019     1    13     2    19
     -0.1046105928 a      1020     1    13     2    20
      0.9410156212 a      1021     1    13     2    21
     -0.5402188793 a      1022     1    13     2    22
      0.6558267874 a      1023     1    13     2    23
      0.1002364272 a      1024     1    13     2    24
      0.2202631744 a      1025     1    13     2    25
     -0.1122493199 a      1026     1    14     2     1
     -0.1852731575 a      1027     1    14     2     2
      0.1944832858 a      1028     1    14     2     3
     -1.3736982027 a      1029     1    14     2     4
      0.5187529396 a      1030     1    14     2     5
      0.8160100684 a      1031     1    14     2     6
     -0.3857121442 a      1032     1    14     2     7
     -0.1694076266 a      1033     1    14     2     8
      1.1092671071 a      1034     1    14     2     9
     -0.0115152656 a      1035     1    14     2    10
     -0.8418654183 a      1036     1    14     2    11
      0.0294465972 a      1037     1    14     2    12
     -0.7793423095 a      1038     1    14     2    13
      0.7169028157 a      1039     1    14     2    14
      0.1907649266 a      1040     1    14     2    15
      0.5844116511 a      1041     1    14     2    16
     -0.6843489302 a      1042     1    14     2    17
      0.1713818795 a      1043     1    14     2    18
      1.1404122977 a      1044     1    14     2    19
      0.3469007270 a      1045     1    14     2    20
     -0.2400374286 a      1046     1    14     2    21
      1.0908980397 a      1047     1    14     2    22
     -0.6311195679 a      1048     1    14     2    23
      0.5050384595 a      1049     1    14     2    24
      0.1811321446 a      1050     1    14     2    25
      0.7946822227 a      1051     1    15     2     1
      1.1092951142 a      1052     1    15     2     2
      0.2275378068 a      1053     1    15     2     3
      0.6502745004 a      1054     1    15     2     4
     -0.4390257065 a      1055     1    15     2     5
     -0.2655952601 a      1056     1    15     2     6
     -0.1739432779 a      1057     1    15     2     7
     -0.1005922745 a      1058     1    15     2     8
     -0.0413183579 a      1059     1    15     2     9
      0.4521735850 a      1060     1    15     2    10
     -0.5167206368 a      1061     1    15     2    11
     -0.5251163345 a      1062     1    15     2    12
     -1.2433736212 a      1063     1    15     2    13
     -0.3966547527 a      1064     1    15     2    14
     -0.5642490111 a      1065     1    15     2    15
     -0.0850287935 a      1066     1    15     2    16
     -0.1598434935 a      1067     1    15     2    17
     -0.0508930408 a      1068     1    15     2    18
     -0.7597424414 a      1069     1    15     2    19
      0.3458649903 a      1070     1    15     2    20
     -0.2660706188 a      1071     1    15     2    21
      0.0736374017 a      1072     1    15     2    22
      0.2503661371 a      1073     1    15     2    23
     -0.6324759952 a      1074     1    15     2    24
     -0.2879272007 a      1075     1    15     2    25
      0.9576180847 a      1076     1    16     2     1
      0.0409512878 a      1077     1    16     2     2
     -0.4338774627 a      1078     1    16     2     3
     -1.1280061056 a      1079     1    16     2     4
      0.5277640356 a      1080     1    16     2     5
      0.0491568535 a      1081     1    16     2     6
     -0.5753231835 a      1082     1    16     2     7
      0.5983625145 a      1083     1    16     2     8
     -0.2008955883 a      1084     1    16     2     9
      0.1139615164 a      1085     1    16     2    10
      0.3915859479 a      1086     1    16     2    11
     -0.4780626840 a      1087     1    16     2    12
      0.4868035965 a      1088     1    16     2    13
      0.9044482650 a      1089     1    16     2    14
     -0.7676299414 a      1090     1    16     2    15
     -0.1993966456 a      1091     1    16     2    16
     -0.5681455996 a      1092     1    16     2    17
      0.6087820415 a      1093     1    16     2    18
      0.3555819297 a      1094     1    16     2    19
     -0.3435382483 a      1095     1    16     2    20
     -0.8520961191 a      1096     1    16     2    21
     -0.1233691114 a      1097     1    16     2    22
     -0.0993741505 a      1098     1    16     2    23
      0.2374399650 a      1099     1    16     2    24
     -0.7845291370 a      1100     1    16     2    25
     -0.0953805381 a      1101     1    17     2     1
     -0.5527366825 a      1102     1    17     2     2
     -0.7483071695 a      1103     1    17     2     3
     -0.3368590319 a      1104     1    17     2     4
      1.2787598544 a      1105     1    17     2     5
      0.5036585892 a      1106     1    17     2     6
     -0.7671649663 a      1107     1    17     2     7
      0.0110136764 a      1108     1    17     2     8
     -0.2992892062 a      1109     1    17     2     9
     -0.3597069771 a      1110     1    17     2    10
     -0.0464545974 a      1111     1    17     2    11
     -1.0128997686 a      1112     1    17     2    12
      0.9254221499 a      1113     1    17     2    13
     -0.4674915629 a      1114     1    17     2    14
     -0.2207155620 a      1115     1    17     2    15
      0.3145930170 a      1116     1    17     2    16
      0.2103273337 a      1117     1    17     2    17
      0.0694169383 a      1118     1    17     2    18
     -0.3961240971 a      1119     1    17     2    19
     -0.1506656629 a      1120     1    17     2    20
      0.0545523990 a      1121     1    17     2    21
     -0.8871736482 a      1122     1    17     2    22
      0.5173329603 a      1123     1    17     2    23
      0.4391687699 a      1124     1    17     2    24
     -0.1010423798 a      1125     1    17     2    25
     -0.5493774358 a      1126     1    18     2     1
      0.0661640946 a      1127     1    18     2     2
      0.0754453558 a      1128     1    18     2     3
      0.4274420649 a      1129     1    18     2     4
      0.1787042456 a      1130     1    18     2     5
     -0.4225655467 a      1131     1    18     2     6
      0.1917990505 a      1132     1    18     2     7
     -0.4938028627 a      1133     1    18     2     8
     -0.2562440854 a      1134     1    18     2     9
      0.6529977273 a      1135     1    18     2    10
      0.5537076170 a      1136     1    18     2    11
      0.4666378625 a      1137     1    18     2    12
      0.7573780742 a      1138     1    18     2    13
     -0.1059571656 a      1139     1    18     2    14
      0.1354722803 a      1140     1    18     2    15
     -0.0920035072 a      1141     1    18     2    16
     -0.2567251164 a      1142     1    18     2    17
     -0.1598344621 a      1143     1    18     2    18
     -0.2708950352 a      1144     1    18     2    19
     -0.8754512878 a      1145     1    18     2    20
     -0.4507224287 a      1146     1    18     2    21
      0.2341770834 a      1147     1    18     2    22
     -0.1557713189 a      1148     1    18     2    23
     -0.8283302537 a      1149     1    18     2    24
     -0.2943840633 a      1150     1    18     2    25
     -1.4841609741 a      1151     1    19     2     1
      0.1566701925 a      1152     1    19     2     2
      1.2946305378 a      1153     1    19     2     3
      0.6001994724 a      1154     1    19     2     4
     -0.4449283244 a      1155     1    19     2     5
     -0.3611997622 a      1156     1    19     2     6
      0.5235428815 a      1157     1    19     2     7
      0.2419088013 a      1158     1    19     2     8
     -0.2114235738 a      1159     1    19     2     9
      0.1949576244 a      1160     1    19     2    10
      0.1662947982 a      1161     1    19     2    11
      1.1667281183 a      1162     1    19     2    12
      0.1144204837 a      1163     1    19     2    13
      0.1172823202 a      1164     1    19     2    14
      0.0905767242 a      1165     1    19     2    15
     -0.1426579855 a      1166     1    19     2    16
      0.0317689245 a      1167     1    19     2    17
     -0.2632050699 a      1168     1    19     2    18
      0.0722151972 a      1169     1    19     2    19
     -0.1359640997 a      1170     1    19     2    20
     -0.7238627154 a      1171     1    19     2    21
     -0.7292611337 a      1172     1    19     2    22
     -0.3335970353 a      1173     1    19     2    23
     -0.3956459960 a      1174     1    19     2    24
     -0.0979008940 a      1175     1    19     2    25
     -0.7684430605 a      1176     1    20     2     1
      0.1663530873 a      1177     1    20     2     2
      0.2709505149 a      1178     1    20     2     3
      0.4258635753 a      1179     1    20     2     4
      0.7982568759 a      1180     1    20     2     5
      0.7472887434 a      1181     1    20     2     6
      0.3060294862 a      1182     1    20     2     7
     -0.2859111188 a      1183     1    20     2     8
      0.0563914966 a      1184     1    20     2     9
      0.4677679414 a      1185     1    20     2    10
      1.3466345802 a      1186     1    20     2    11
      0.9045755655 a      1187     1    20     2    12
      0.1204943029 a      1188     1    20     2    13
     -0.3855278900 a      1189     1    20     2    14
      0.1138521748 a      1190     1    20     2    15
      0.8013064729 a      1191     1    20     2    16
      0.5470996996 a      1192     1    20     2    17
      0.0485462744 a      1193     1    20     2    18
      0.0087875134 a      1194     1    20     2    19
     -0.2478110261 a      1195     1    20     2    20
      0.4752219389 a      1196     1    20     2    21
     -0.2407450027 a      1197     1    20     2    22
     -0.4040144232 a      1198     1    20     2    23
     -0.0679374653 a      1199     1    20     2    24
     -0.1477074640 a      1200     1    20     2    25
      0.0788604299 a      1201     1    21     2     1
     -0.8923769656 a      1202     1    21     2     2
     -0.0168902997 a      1203     1    21     2     3
     -0.2693881723 a      1204     1    21     2     4
      0.0483910893 a      1205     1    21     2     5
     -1.2822673485 a      1206     1    21     2     6
      0.0752935814 a      1207     1    21     2     7
      0.2462472315 a      1208     1    21     2     8
      0.2801700453 a      1209     1    21     2     9
     -0.4650078118 a      1210     1    21     2    10
      0.0917447362 a      1211     1    21     2    11
      0.2067000895 a      1212     1    21     2    12
      0.5542259695 a      1213     1    21     2    13
      0.4831780400 a      1214     1    21     2    14
      0.2941538613 a      1215     1    21     2    15
     -0.2193966673 a      1216     1    21     2    16
     -0.6026696635 a      1217     1    21     2    17
      0.1041791709 a      1218     1    21     2    18
     -0.1840891952 a      1219     1    21     2    19
      0.8341615040 a      1220     1    21     2    20
     -0.7566923061 a      1221     1    21     2    21
      0.4051585501 a      1222     1    21     2    22
      0.6627510693 a      1223     1    21     2    23
     -0.4422792476 a      1224     1    21     2    24
     -0.5546152995 a      1225     1    21     2    25
     -0.4255066209 a      1226     1    22     2     1
      0.2804998882 a      1227     1    22     2     2
     -0.7953249757 a      1228     1    22     2     3
      0.7167549529 a      1229     1    22     2     4
     -0.2388333819 a      1230     1    22     2     5
      0.0617436447 a      1231     1    22     2     6
      0.1649346173 a      1232     1    22     2     7
     -0.6348954005 a      1233     1    22     2     8
      0.3780432681 a      1234     1    22     2     9
      0.0318839717 a      1235     1    22     2    10
     -0.0614098049 a      1236     1    22     2    11
      0.0673302354 a      1237     1    22     2    12
     -0.4700159303 a      1238     1    22     2    13
     -0.2684002941 a      1239     1    22     2    14
      0.5506707626 a      1240     1    22     2    15
     -0.8484844466 a      1241     1    22     2    16
     -0.0091951708 a      1242     1    22     2    17
     -0.5713811007 a      1243     1    22     2    18
      0.3820587764 a      1244     1    22     2    19
     -0.7737033697 a      1245     1    22     2    20
      0.4233988075 a      1246     1    22     2    21
      0.4197355526 a      1247     1    22     2    22
      0.4089949252 a      1248     1    22     2    23
     -1.2040595310 a      1249     1    22     2    24
     -0.8292751680 a      1250     1    22     2    25
     -0.0553737037 a      1251     1    23     2     1
      0.2909271897 a      1252     1    23     2     2
      0.2555389459 a      1253     1    23     2     3
     -0.1770972423 a      1254     1    23     2     4
     -0.1752102710 a      1255     1    23     2     5
     -0.5035276620 a      1256     1    23     2     6
      0.3229906347 a      1257     1    23     2     7
     -0.0473360732 a      1258     1    23     2     8
     -0.0478317696 a      1259     1    23     2     9
      0.0913645704 a      1260     1    23     2    10
      0.5629078091 a      1261     1    23     2    11
     -0.4846904584 a      1262     1    23     2    12
     -0.1957329024 a      1263     1    23     2    13
      0.2853119880 a      1264     1    23     2    14
     -0.0613785035 a      1265     1    23     2    15
     -1.0038289488 a      1266     1    23     2    16
     -0.0249279236 a      1267     1    23     2    17
      0.0126540472 a      1268     1    23     2    18
      0.7921330911 a      1269     1    23     2    19
     -0.0546486118 a      1270     1    23     2    20
     -0.9238331450 a      1271     1    23     2    21
     -0.3477849056 a      1272     1    23     2    22
     -0.0039904421 a      1273     1    23     2    23
      1.3584908656 a      1274     1    23     2    24
      0.2444851057 a      1275     1    23     2    25
      1.0044956823 a      1276     1    24     2     1
     -0.1128990059 a      1277     1    24     2     2
     -0.1780350983 a      1278     1    24     2     3
     -0.0943808941 a      1279     1    24     2     4
      0.5290537403 a      1280     1    24     2     5
     -0.5401639051 a      1281     1    24     2     6
     -0.4616178480 a      1282     1    24     2     7
      0.3603316903 a      1283     1    24     2     8
     -0.2274402590 a      1284     1    24     2     9
     -0.3189379776 a      1285     1    24     2    10
      0.4814956394 a      1286     1    24     2    11
     -0.1615108052 a      1287     1    24     2    12
     -0.3544687458 a      1288     1    24     2    13
      0.1407346186 a      1289     1    24     2    14
     -0.0086829670 a      1290     1    24     2    15
     -0.0951606043 a      1291     1    24     2    16
     -0.2361635741 a      1292     1    24     2    17
      0.0525352473 a      1293     1    24     2    18
     -0.0320553874 a      1294     1    24     2    19
      0.8552488329 a      1295     1    24     2    20
      0.0909940219 a      1296     1    24     2    21
      0.3369221700 a      1297     1    24     2    22
     -0.1913774982 a      1298     1    24     2    23
      0.5448647100 a      1299     1    24     2    24
     -0.6216796790 a      1300     1    24     2    25
      1.9758241587 a      1301     1    25     2     1
      0.1213642160 a      1302     1    25     2     2
      0.5064876920 a      1303     1    25     2     3
     -0.5510270641 a      1304     1    25     2     4
     -0.4914541996 a      1305     1    25     2     5
      0.6000697366 a      1306     1    25     2     6
     -0.4779234498 a      1307     1    25     2     7
      0.2956694635 a      1308     1    25     2     8
     -0.5299779399 a      1309     1    25     2     9
     -0.3364365671 a      1310     1    25     2    10
     -0.1946777496 a      1311     1    25     2    11
     -0.9260910912 a      1312     1    25     2    12
      0.2722346149 a      1313     1    25     2    13
     -0.1341353595 a      1314     1    25     2    14
      0.1623124859 a      1315     1    25     2    15
     -0.5739198140 a      1316     1    25     2    16
      0.3574557203 a      1317     1    25     2    17
     -0.1313616715 a      1318     1    25     2    18
      0.6985347380 a      1319     1    25     2    19
     -0.1095123231 a      1320     1    25     2    20
     -0.2162566309 a      1321     1    25     2    21
     -0.3827601969 a      1322     1    25     2    22
     -0.3896672138 a      1323     1    25     2    23
      0.2216023146 a      1324     1    25     2    24
      0.1224806310 a      1325     1    25     2    25
     -0.6055734187 b      1326     2     1
      1.3296380837 b      1327     2     2
     -1.8904466842 b      1328     2     3
      1.1062994876 b      1329     2     4
     -1.1947342443 b      1330     2     5
     -0.4048456239 b      1331     2     6
      0.6201315253 b      1332     2     7
      1.7602540721 b      1333     2     8
      0.5126081185 b      1334     2     9
      1.4947138472 b      1335     2    10
      0.4510004899 b      1336     2    11
      1.5044494689 b      1337     2    12
     -0.1389838894 b      1338     2    13
     -0.0350383461 b      1339     2    14
      1.3939551375 b      1340     2    15
      1.2269747034 b      1341     2    16
     -1.4173718151 b      1342     2    17
      0.4969408678 b      1343     2    18
     -0.1236724848 b      1344     2    19
      0.1780385109 b      1345     2    20
     -0.5145275949 b      1346     2    21
      1.0476982477 b      1347     2    22
     -0.2686781808 b      1348     2    23
      0.7143125769 b      1349     2    24
      1.0000799417 b      1350     2    25
      0.0907382088 a      1351     2     1     3     1
      0.0110130043 a      1352     2     2     3     1
     -0.0507388336 a      1353     2     3     3     1
     -0.0396707155 a      1354     2     4     3     1
      0.0574171738 a      1355     2     5     3     1
      0.0211382864 a      1356     2     6     3     1
      0.0295997887 a      1357     2     7     3     1
     -0.0602559595 a      1358     2     8     3     1
      0.0159370405 a      1359     2     9     3     1
     -0.0926252922 a      1360     2    10     3     1
      0.0310772873 a      1361     2    11     3     1
      0.0366223570 a      1362     2    12     3     1
     -0.0502990052 a      1363     2    13     3     1
      0.0051865632 a      1364     2    14     3     1
      0.0739507114 a      1365     2    15     3     1
     -0.0081587632 a      1366     2    16     3     1
     -0.0324299022 a      1367     2    17     3     1
      0.0007627057 a      1368     2    18     3     1
     -0.0276448105 a      1369     2    19     3     1
     -0.0411979199 a      1370     2    20     3     1
     -0.0583856345 a      1371     2    21     3     1
     -0.0240788315 a      1372     2    22     3     1
     -0.0013214207 a      1373     2    23     3     1
     -0.0695440584 a      1374     2    24     3     1
      0.0233642923 a      1375     2    25     3     1
      0.0220876462 b      1376     3     1
