################################################################################
# Neural network connection values (weights and biases).
################################################################################
# Col  Name       Description
################################################################################
# 1    connection Neural network connection value.
# 2    t          Connection type (a = weight, b = bias).
# 3    index      Index enumerating weights.
# 4    l_s        Starting point layer (end point layer for biases).
# 5    n_s        Starting point neuron in starting layer (end point neuron for biases).
# 6    l_e        End point layer.
# 7    n_e        End point neuron in end layer.
################################################################################
#                      1 2         3     4     5     6     7
#             connection t     index   l_s   n_s   l_e   n_e
############################################################
  4.9726415593751199E+00 a         1     0     1     1     1
 -9.2729644212862450E+00 a         2     0     1     1     2
 -1.3158907918332433E+01 a         3     0     1     1     3
 -1.4250428535537396E+00 a         4     0     1     1     4
 -6.7218142624626092E+00 a         5     0     1     1     5
  1.1960594225946396E+01 a         6     0     1     1     6
 -2.3049695742979099E+00 a         7     0     1     1     7
  7.4735589634570205E+00 a         8     0     1     1     8
  5.1581252493871386E+00 a         9     0     1     1     9
  4.1294190021240746E+00 a        10     0     1     1    10
  6.9205686773021267E+00 a        11     0     1     1    11
 -2.4740248003671796E+00 a        12     0     1     1    12
  5.2917229005789990E+00 a        13     0     1     1    13
 -4.7168553415729635E+00 a        14     0     1     1    14
 -1.4500234519754565E+01 a        15     0     1     1    15
 -1.8786145277686380E+01 a        16     0     1     1    16
  8.0195716564543158E+00 a        17     0     1     1    17
  1.3091342172653670E+01 a        18     0     1     1    18
  1.1413852355750036E+00 a        19     0     1     1    19
  3.6351409713681750E+00 a        20     0     1     1    20
  5.9092260891927340E-01 a        21     0     1     1    21
 -1.0059540239536659E+01 a        22     0     1     1    22
 -1.3274699007785062E+00 a        23     0     1     1    23
 -9.8113391666275813E+00 a        24     0     1     1    24
  9.8875766549245689E+00 a        25     0     1     1    25
  3.4814717192467888E+00 a        26     0     2     1     1
  9.9394554745702379E+00 a        27     0     2     1     2
  1.6111168527865857E+01 a        28     0     2     1     3
 -1.4132716420272901E+01 a        29     0     2     1     4
  1.1510382161764817E+01 a        30     0     2     1     5
 -1.3686455185535024E+01 a        31     0     2     1     6
 -1.4407144686179040E+01 a        32     0     2     1     7
  5.4884778965987735E+00 a        33     0     2     1     8
 -1.4822612451781238E+01 a        34     0     2     1     9
 -1.2263883222598741E+01 a        35     0     2     1    10
 -1.4163669143484718E+01 a        36     0     2     1    11
 -3.5436351280179976E+00 a        37     0     2     1    12
 -3.4903054394157840E-01 a        38     0     2     1    13
  1.0818698668887696E+00 a        39     0     2     1    14
  1.9518429061338104E+01 a        40     0     2     1    15
  3.1598252506070100E+01 a        41     0     2     1    16
 -3.3516884432564420E-01 a        42     0     2     1    17
  2.9957917738963609E+00 a        43     0     2     1    18
 -2.0350522063669541E+00 a        44     0     2     1    19
 -8.2696025214123559E+00 a        45     0     2     1    20
  3.4695612759913930E-01 a        46     0     2     1    21
  7.4231284892961238E+00 a        47     0     2     1    22
  4.2751778150184556E+00 a        48     0     2     1    23
  1.3638410805733798E+01 a        49     0     2     1    24
 -2.0841472561956390E+01 a        50     0     2     1    25
 -4.1570629238331307E+00 a        51     0     3     1     1
  1.5591732344969106E+01 a        52     0     3     1     2
  1.8990853240862727E+01 a        53     0     3     1     3
  1.3826112751756995E+01 a        54     0     3     1     4
  1.3592830957757528E+01 a        55     0     3     1     5
 -1.0765148393378480E+01 a        56     0     3     1     6
  1.5952183928830492E+00 a        57     0     3     1     7
 -2.1115018339983607E+01 a        58     0     3     1     8
 -5.4358107289072741E+00 a        59     0     3     1     9
 -2.4507038473945064E+00 a        60     0     3     1    10
 -1.3931681996250735E+01 a        61     0     3     1    11
  9.0688657119522205E+00 a        62     0     3     1    12
 -9.7477750678647777E+00 a        63     0     3     1    13
  8.7026289840995776E+00 a        64     0     3     1    14
  1.4551601266124528E+01 a        65     0     3     1    15
  1.8057150486575090E+01 a        66     0     3     1    16
 -1.4900100698685485E+01 a        67     0     3     1    17
 -2.0800818103592956E+01 a        68     0     3     1    18
 -3.9749587395703170E+00 a        69     0     3     1    19
 -3.6751187361093516E+00 a        70     0     3     1    20
  4.4517373390191457E+00 a        71     0     3     1    21
  1.0038233271984035E+01 a        72     0     3     1    22
  3.8316274275106346E+00 a        73     0     3     1    23
  7.1905480335223162E+00 a        74     0     3     1    24
 -9.1234458058159777E+00 a        75     0     3     1    25
 -1.0486944533238926E+01 a        76     0     4     1     1
 -2.5321566948705282E+01 a        77     0     4     1     2
 -3.0174572478060760E+01 a        78     0     4     1     3
  1.5479095433607714E+01 a        79     0     4     1     4
 -2.1829942009454598E+01 a        80     0     4     1     5
  1.2710245586331897E+01 a        81     0     4     1     6
  3.1649922099360644E+01 a        82     0     4     1     7
 -1.1710094805150158E+01 a        83     0     4     1     8
  2.7422206600281811E+01 a        84     0     4     1     9
  2.3725559788973030E+01 a        85     0     4     1    10
  2.6243061135854521E+01 a        86     0     4     1    11
  6.1127515201785982E+00 a        87     0     4     1    12
  6.8760423325992095E+00 a        88     0     4     1    13
 -1.9102126859351565E+00 a        89     0     4     1    14
 -2.6914695829939379E+01 a        90     0     4     1    15
 -4.8920059235655252E+01 a        91     0     4     1    16
 -1.9626512342511944E+00 a        92     0     4     1    17
 -9.6151532397098194E+00 a        93     0     4     1    18
  2.7201685445399546E+00 a        94     0     4     1    19
  1.8492699190808633E+01 a        95     0     4     1    20
 -1.3751547564489126E+01 a        96     0     4     1    21
 -6.5467299930417644E+00 a        97     0     4     1    22
 -7.0209229726453799E+00 a        98     0     4     1    23
 -1.6010202785224021E+01 a        99     0     4     1    24
  3.8285886738050877E+01 a       100     0     4     1    25
  8.5034942008966237E+00 a       101     0     5     1     1
  3.3611482578615326E+00 a       102     0     5     1     2
 -1.2261680713777128E+01 a       103     0     5     1     3
 -2.1443610301832479E+01 a       104     0     5     1     4
 -1.6209934612450599E+01 a       105     0     5     1     5
  8.9074646168195337E-01 a       106     0     5     1     6
  1.3508634388729859E-01 a       107     0     5     1     7
  2.8691456944698569E+01 a       108     0     5     1     8
 -4.2443023327545184E+00 a       109     0     5     1     9
 -1.2611042042812182E+01 a       110     0     5     1    10
  1.6193718841082124E+01 a       111     0     5     1    11
 -8.0599325920397291E+00 a       112     0     5     1    12
 -2.2193477452524975E+00 a       113     0     5     1    13
 -2.9796471115056047E+00 a       114     0     5     1    14
 -6.4931866033544452E+00 a       115     0     5     1    15
  3.6017977130576022E+00 a       116     0     5     1    16
  1.7008070445960200E+01 a       117     0     5     1    17
  1.2797016094116275E+01 a       118     0     5     1    18
  1.2139821563622421E+01 a       119     0     5     1    19
 -9.0313405257642252E+00 a       120     0     5     1    20
  3.0255100144031046E+00 a       121     0     5     1    21
  3.7629124222092236E+00 a       122     0     5     1    22
 -1.6959884149639649E+01 a       123     0     5     1    23
  6.7362191113206809E+00 a       124     0     5     1    24
 -2.7341399487971874E+00 a       125     0     5     1    25
  3.2391187029908206E+00 a       126     0     6     1     1
  2.3432754296603918E+01 a       127     0     6     1     2
  2.9543460660517315E+01 a       128     0     6     1     3
  2.1824898346803394E+00 a       129     0     6     1     4
  1.6622371773956527E+01 a       130     0     6     1     5
 -5.4125126049074179E+00 a       131     0     6     1     6
 -1.9500629829084541E+01 a       132     0     6     1     7
  1.1197527884368096E+01 a       133     0     6     1     8
 -2.3175029809734944E+01 a       134     0     6     1     9
 -1.4556374439185927E+01 a       135     0     6     1    10
 -2.1670889366215317E+01 a       136     0     6     1    11
 -9.1407700067205226E+00 a       137     0     6     1    12
 -1.0020569677786765E+01 a       138     0     6     1    13
 -2.1081269654054080E+00 a       139     0     6     1    14
  1.7684506909958259E+01 a       140     0     6     1    15
  2.6447803187948463E+01 a       141     0     6     1    16
  4.6766888463519951E+00 a       142     0     6     1    17
  1.6516334449937236E+01 a       143     0     6     1    18
 -8.2429233340330974E+00 a       144     0     6     1    19
 -2.3841253872286618E+01 a       145     0     6     1    20
  2.4979780685125501E+01 a       146     0     6     1    21
 -9.3077591008300935E+00 a       147     0     6     1    22
  1.2359699874137194E+01 a       148     0     6     1    23
 -2.9208933999907176E-03 a       149     0     6     1    24
 -2.8464658641638906E+01 a       150     0     6     1    25
 -2.8408739677480348E+00 a       151     0     7     1     1
 -2.3645546483602079E+01 a       152     0     7     1     2
  1.0939114660291672E+01 a       153     0     7     1     3
  1.1256130407306671E+01 a       154     0     7     1     4
  1.3091508055384336E+01 a       155     0     7     1     5
  9.9351049589095943E+00 a       156     0     7     1     6
 -1.0014320802373685E+01 a       157     0     7     1     7
 -2.9265356033470276E+01 a       158     0     7     1     8
  9.3544591159256072E+00 a       159     0     7     1     9
  2.6470654532212819E+01 a       160     0     7     1    10
 -1.8988230581329486E+01 a       161     0     7     1    11
  6.7310165190197813E+00 a       162     0     7     1    12
  1.7106862972663418E+01 a       163     0     7     1    13
  5.2701028150123719E+00 a       164     0     7     1    14
  6.8334081265391455E-01 a       165     0     7     1    15
 -5.5006284878197675E+00 a       166     0     7     1    16
 -1.9305064703252629E+01 a       167     0     7     1    17
 -1.0116106586724754E+01 a       168     0     7     1    18
 -5.8814290680523618E+00 a       169     0     7     1    19
  1.3900880038102031E+01 a       170     0     7     1    20
 -1.8402363686981694E+01 a       171     0     7     1    21
 -2.8184476340547535E+00 a       172     0     7     1    22
  1.9860267658052216E+01 a       173     0     7     1    23
 -1.0943583497717167E+01 a       174     0     7     1    24
 -9.9649324967175879E-01 a       175     0     7     1    25
 -7.9523768642997226E+00 a       176     0     8     1     1
 -8.1916377524153976E+00 a       177     0     8     1     2
 -2.0359285707032058E+01 a       178     0     8     1     3
 -9.4206005079664781E+00 a       179     0     8     1     4
 -5.8793327348262032E+00 a       180     0     8     1     5
  6.0833671014266848E+00 a       181     0     8     1     6
  1.0167478728991609E+01 a       182     0     8     1     7
 -9.0313845249549143E+00 a       183     0     8     1     8
  1.8738746181619423E+01 a       184     0     8     1     9
  4.5055184432630763E-01 a       185     0     8     1    10
  9.6772360756757312E+00 a       186     0     8     1    11
  1.1329638045415564E+01 a       187     0     8     1    12
  9.2235088406291350E+00 a       188     0     8     1    13
  3.7836588951443657E+00 a       189     0     8     1    14
 -5.0894715336582248E+00 a       190     0     8     1    15
 -6.9732512843805621E+00 a       191     0     8     1    16
 -8.8209450025327634E+00 a       192     0     8     1    17
 -1.6481456845146251E+01 a       193     0     8     1    18
  7.4874879216395929E+00 a       194     0     8     1    19
  1.9133389081361457E+01 a       195     0     8     1    20
 -2.8928146642035518E+01 a       196     0     8     1    21
  1.2395542890600208E+01 a       197     0     8     1    22
 -1.0138331448001871E+01 a       198     0     8     1    23
  7.0387861365853892E+00 a       199     0     8     1    24
  1.2055341931090613E+01 a       200     0     8     1    25
  5.5474276796528899E-01 a       201     0     9     1     1
  2.6493317477855776E+00 a       202     0     9     1     2
  1.1542161928346550E+01 a       203     0     9     1     3
  8.2611518922313856E+00 a       204     0     9     1     4
 -7.5129233756437088E+00 a       205     0     9     1     5
 -3.0431971740570946E-01 a       206     0     9     1     6
 -8.5579788065906925E-01 a       207     0     9     1     7
  2.9150355608282994E+00 a       208     0     9     1     8
 -6.2183892344352429E+00 a       209     0     9     1     9
 -2.0294705929550956E+00 a       210     0     9     1    10
  4.4107921962247891E+00 a       211     0     9     1    11
 -1.0745484637643363E+01 a       212     0     9     1    12
 -6.1060732182441333E+00 a       213     0     9     1    13
 -2.2378381392442357E+00 a       214     0     9     1    14
  3.0175991565948457E+00 a       215     0     9     1    15
 -9.6527218137287518E-01 a       216     0     9     1    16
  4.4920026180377254E-01 a       217     0     9     1    17
  1.0863900458593312E+01 a       218     0     9     1    18
 -4.8166473206249192E+00 a       219     0     9     1    19
 -2.0172241841535499E+00 a       220     0     9     1    20
  1.9196212838424092E+01 a       221     0     9     1    21
 -9.7368763060360788E+00 a       222     0     9     1    22
  3.5153130741634903E-01 a       223     0     9     1    23
 -4.7676879591622310E+00 a       224     0     9     1    24
 -2.9800942322260360E+00 a       225     0     9     1    25
  1.2638077147777613E+00 a       226     0    10     1     1
  1.1163043549464630E+01 a       227     0    10     1     2
 -7.6026556276801696E+00 a       228     0    10     1     3
  1.0580022807839069E-01 a       229     0    10     1     4
 -3.9800894478113240E+00 a       230     0    10     1     5
 -8.4902231330028677E+00 a       231     0    10     1     6
  4.6752332630007967E+00 a       232     0    10     1     7
  1.2456460219253307E+01 a       233     0    10     1     8
 -8.0159509227926073E-01 a       234     0    10     1     9
 -1.1807749838769796E+01 a       235     0    10     1    10
  1.0518348477106988E+01 a       236     0    10     1    11
 -3.9558736526208418E+00 a       237     0    10     1    12
 -1.0946313733974703E+01 a       238     0    10     1    13
 -1.9835326309010317E+00 a       239     0    10     1    14
  5.6071057030318128E-01 a       240     0    10     1    15
  2.1532760841077305E+00 a       241     0    10     1    16
  1.2449450679369624E+01 a       242     0    10     1    17
  3.6522343186751431E+00 a       243     0    10     1    18
  3.6441248217670568E+00 a       244     0    10     1    19
 -1.0050063497570685E+01 a       245     0    10     1    20
  1.5347670922963527E+01 a       246     0    10     1    21
  1.6580428014880577E+00 a       247     0    10     1    22
 -4.3722944537292348E+00 a       248     0    10     1    23
 -7.2999412428248547E-02 a       249     0    10     1    24
  1.0515874246402936E-01 a       250     0    10     1    25
  8.9104766473355979E-01 a       251     0    11     1     1
 -2.4816180608625560E+00 a       252     0    11     1     2
 -4.5371193362136930E+00 a       253     0    11     1     3
 -3.1493000209644348E+00 a       254     0    11     1     4
 -1.3681219424272598E-01 a       255     0    11     1     5
 -8.4981131193320680E-01 a       256     0    11     1     6
  2.8750295439836702E+00 a       257     0    11     1     7
 -4.2291302331817371E-01 a       258     0    11     1     8
  3.3679270148709217E+00 a       259     0    11     1     9
  7.7746451540456007E+00 a       260     0    11     1    10
 -3.6456305822730655E+00 a       261     0    11     1    11
  2.7699527549464338E+00 a       262     0    11     1    12
  2.2504780819373407E+00 a       263     0    11     1    13
  1.0454910231196815E+00 a       264     0    11     1    14
  2.4288316374352633E-02 a       265     0    11     1    15
 -3.7212699560330231E-01 a       266     0    11     1    16
 -5.6008473452572249E-01 a       267     0    11     1    17
 -2.4136326694397687E+00 a       268     0    11     1    18
 -1.7191390888800391E+00 a       269     0    11     1    19
 -2.0434614267534754E+00 a       270     0    11     1    20
 -5.5153866605743866E+00 a       271     0    11     1    21
  8.4808470283106807E+00 a       272     0    11     1    22
  4.0427557127860320E-01 a       273     0    11     1    23
  2.9810640907356989E+00 a       274     0    11     1    24
 -2.1705250480334125E-02 a       275     0    11     1    25
 -6.0955379462640524E-01 a       276     0    12     1     1
 -4.2141574225636740E+00 a       277     0    12     1     2
  4.8001974498543234E+00 a       278     0    12     1     3
 -9.6302632183583781E-01 a       279     0    12     1     4
  2.5879846276893270E-01 a       280     0    12     1     5
  4.1185647575339912E+00 a       281     0    12     1     6
 -2.8753448388732834E+00 a       282     0    12     1     7
 -4.2548574194891015E-01 a       283     0    12     1     8
 -2.2562404748368854E+00 a       284     0    12     1     9
  3.5614698031843472E+00 a       285     0    12     1    10
 -6.5114558491261736E+00 a       286     0    12     1    11
  2.8988227645116331E+00 a       287     0    12     1    12
 -1.1487039118269824E+00 a       288     0    12     1    13
 -3.1444832098677633E+00 a       289     0    12     1    14
 -2.1065918514477917E+00 a       290     0    12     1    15
 -5.1619493857735219E-02 a       291     0    12     1    16
 -9.5536009809179104E-02 a       292     0    12     1    17
  1.0893803954819896E+00 a       293     0    12     1    18
  1.0109135890511614E+00 a       294     0    12     1    19
 -4.6088834672846009E+00 a       295     0    12     1    20
 -7.3210854331008504E-02 a       296     0    12     1    21
  2.2228452331511086E+00 a       297     0    12     1    22
  2.1310736052977588E+00 a       298     0    12     1    23
  2.8282579972675217E+00 a       299     0    12     1    24
  1.3407763157753150E-01 a       300     0    12     1    25
 -1.1284725696219546E+00 a       301     0    13     1     1
  3.4370460773403142E+00 a       302     0    13     1     2
  1.8596374135807765E+00 a       303     0    13     1     3
  7.7973337833905587E-02 a       304     0    13     1     4
 -1.5154507987359933E-01 a       305     0    13     1     5
  9.4685108973010612E-01 a       306     0    13     1     6
  7.0210961079465328E-01 a       307     0    13     1     7
  2.4298907755391905E+00 a       308     0    13     1     8
 -2.0252677278721887E+00 a       309     0    13     1     9
 -5.8716017305481447E+00 a       310     0    13     1    10
  1.5940604461898737E+00 a       311     0    13     1    11
  1.7635619273788095E+00 a       312     0    13     1    12
 -1.3685756900321890E+00 a       313     0    13     1    13
 -5.1283083327485179E-01 a       314     0    13     1    14
 -9.6967459128142766E-02 a       315     0    13     1    15
 -1.2257672480604571E+00 a       316     0    13     1    16
  5.0333767044748767E-01 a       317     0    13     1    17
 -1.5462606424906620E+00 a       318     0    13     1    18
  6.7861982175064905E-01 a       319     0    13     1    19
  2.6396165973342485E+00 a       320     0    13     1    20
  1.3387034656138275E+00 a       321     0    13     1    21
 -3.7903536194849163E+00 a       322     0    13     1    22
 -2.3042290666703731E+00 a       323     0    13     1    23
 -9.4155182676562726E-02 a       324     0    13     1    24
 -7.9346949730882854E-01 a       325     0    13     1    25
  1.7197103566247272E+00 a       326     0    14     1     1
  3.4277033589299379E+00 a       327     0    14     1     2
 -6.6075155550626459E+00 a       328     0    14     1     3
 -4.7853411678704237E-02 a       329     0    14     1     4
 -7.8196760623159889E-01 a       330     0    14     1     5
 -6.2002633189717109E+00 a       331     0    14     1     6
  4.0370842234283455E-01 a       332     0    14     1     7
  9.4254507463664233E-02 a       333     0    14     1     8
  1.1155513199285949E+00 a       334     0    14     1     9
 -4.5730227122667904E+00 a       335     0    14     1    10
  1.7137042913454239E+00 a       336     0    14     1    11
  1.1871977564409002E+00 a       337     0    14     1    12
 -9.5957268280808383E-01 a       338     0    14     1    13
  2.5167942203495475E+00 a       339     0    14     1    14
 -1.7689100307666363E+00 a       340     0    14     1    15
  1.8792725532494474E+00 a       341     0    14     1    16
  3.6596148685611789E+00 a       342     0    14     1    17
  5.4863056714559022E-01 a       343     0    14     1    18
  1.0437944841887723E+00 a       344     0    14     1    19
  8.6010526949377097E-01 a       345     0    14     1    20
  3.8828842022945005E+00 a       346     0    14     1    21
 -2.4232888577993125E-01 a       347     0    14     1    22
  7.5826245106369383E-01 a       348     0    14     1    23
  2.5520226808999902E-02 a       349     0    14     1    24
  1.8281691582257258E+00 a       350     0    14     1    25
  8.4254948021612142E-01 a       351     0    15     1     1
 -1.7945681470146184E+00 a       352     0    15     1     2
 -4.7379859488124854E-01 a       353     0    15     1     3
  6.6933489048413353E-01 a       354     0    15     1     4
  3.9471466094405877E-01 a       355     0    15     1     5
 -1.6992772259366098E+00 a       356     0    15     1     6
 -2.8374415513890439E+00 a       357     0    15     1     7
  1.1941860045698796E+00 a       358     0    15     1     8
 -4.4292294116781683E-01 a       359     0    15     1     9
  2.5825153166379549E+00 a       360     0    15     1    10
 -2.0743763640561195E+00 a       361     0    15     1    11
  6.2812630484720244E-01 a       362     0    15     1    12
  8.2384737365408900E-01 a       363     0    15     1    13
  3.3635783304729444E-01 a       364     0    15     1    14
 -1.3259954532616127E+00 a       365     0    15     1    15
  1.9978291880213157E+00 a       366     0    15     1    16
 -1.0381511703655093E+00 a       367     0    15     1    17
  2.0301695940551272E+00 a       368     0    15     1    18
  1.4629305423179175E+00 a       369     0    15     1    19
 -4.3033421624519769E-01 a       370     0    15     1    20
 -2.9393744807995592E-01 a       371     0    15     1    21
  2.3166645561364696E+00 a       372     0    15     1    22
  1.2160383521288343E+00 a       373     0    15     1    23
 -2.5126049447862524E+00 a       374     0    15     1    24
  2.2016492405166499E+00 a       375     0    15     1    25
  4.9219641991765278E-01 a       376     0    16     1     1
 -7.5820071363031987E-04 a       377     0    16     1     2
  2.5403842409878652E-01 a       378     0    16     1     3
  7.3042486753834557E-01 a       379     0    16     1     4
 -7.8365659278073568E-02 a       380     0    16     1     5
  2.1732749481075389E+00 a       381     0    16     1     6
 -9.6897463096513414E-01 a       382     0    16     1     7
  6.9595035793684912E-01 a       383     0    16     1     8
 -1.5601165142500752E+00 a       384     0    16     1     9
  4.2473582387360947E-01 a       385     0    16     1    10
 -9.0240224639442729E-02 a       386     0    16     1    11
  6.0441521327240511E-01 a       387     0    16     1    12
  5.6021686757886036E-01 a       388     0    16     1    13
  1.1473697098439425E+01 a       389     0    16     1    14
 -1.7650765629792567E-01 a       390     0    16     1    15
  9.8530558464154416E-01 a       391     0    16     1    16
  1.6072086204477140E-01 a       392     0    16     1    17
  9.5619243575904324E-03 a       393     0    16     1    18
  3.6421539516820539E-01 a       394     0    16     1    19
 -1.8900573813230306E-01 a       395     0    16     1    20
  3.7258178082946358E-01 a       396     0    16     1    21
  2.7122163525655252E-01 a       397     0    16     1    22
 -2.5562617123700682E-01 a       398     0    16     1    23
  2.5981579639706043E-01 a       399     0    16     1    24
 -2.6273196134469601E-01 a       400     0    16     1    25
  2.6492586967623279E+00 a       401     0    17     1     1
  4.8443334971452083E+00 a       402     0    17     1     2
 -2.7667276742879165E-01 a       403     0    17     1     3
  7.0746896199946818E-01 a       404     0    17     1     4
  4.9282291777633608E-01 a       405     0    17     1     5
 -9.6839808766535140E-01 a       406     0    17     1     6
  1.8117110379823327E+00 a       407     0    17     1     7
 -9.5552450084121165E-01 a       408     0    17     1     8
  1.1003006744847003E-01 a       409     0    17     1     9
  1.0790438024358733E+00 a       410     0    17     1    10
 -6.2841465879469549E-01 a       411     0    17     1    11
  1.4125828383538142E+00 a       412     0    17     1    12
  5.1893400593517524E-03 a       413     0    17     1    13
  1.4468569867769163E+00 a       414     0    17     1    14
 -2.2147456646101147E+00 a       415     0    17     1    15
  2.9383820952621509E+00 a       416     0    17     1    16
  1.2517941961978679E-01 a       417     0    17     1    17
 -1.1037011523967870E+00 a       418     0    17     1    18
  1.0605732529939818E+00 a       419     0    17     1    19
 -3.1966908358656365E+00 a       420     0    17     1    20
  7.5206504081307146E-01 a       421     0    17     1    21
  3.0125884152398780E-01 a       422     0    17     1    22
  2.8682005990136066E+00 a       423     0    17     1    23
 -5.0729152374455788E-01 a       424     0    17     1    24
 -3.9161905858919954E-01 a       425     0    17     1    25
 -1.1895902871290618E+01 a       426     0    18     1     1
  1.9694388954354658E+00 a       427     0    18     1     2
  4.9162420231013471E+00 a       428     0    18     1     3
 -3.5667567857882307E+00 a       429     0    18     1     4
  1.7166046940766497E+00 a       430     0    18     1     5
  5.1862217158311914E+00 a       431     0    18     1     6
 -1.2295975773528294E+01 a       432     0    18     1     7
 -1.2207955363635530E+00 a       433     0    18     1     8
  1.7140326136670684E+01 a       434     0    18     1     9
  9.8025194587358815E+00 a       435     0    18     1    10
  1.7819870089055612E+00 a       436     0    18     1    11
  1.3079351575305247E+00 a       437     0    18     1    12
 -2.7074162170450342E+00 a       438     0    18     1    13
  9.6435345660340410E-01 a       439     0    18     1    14
  6.7788757227362257E+00 a       440     0    18     1    15
  4.6703586232638866E-01 a       441     0    18     1    16
 -1.9720804201961450E+00 a       442     0    18     1    17
 -1.4192985058804865E+01 a       443     0    18     1    18
  9.9686933063135399E+00 a       444     0    18     1    19
 -2.5914627692248593E+00 a       445     0    18     1    20
 -1.1950598157748027E+01 a       446     0    18     1    21
  4.7194086890100255E+00 a       447     0    18     1    22
  1.0600359900879475E+00 a       448     0    18     1    23
 -3.2884779586166206E+00 a       449     0    18     1    24
 -1.4416654141196235E+01 a       450     0    18     1    25
 -1.0600805025984625E+00 a       451     0    19     1     1
 -3.8781095290713341E+00 a       452     0    19     1     2
  2.4983029209992940E+00 a       453     0    19     1     3
 -1.8246668066134297E+00 a       454     0    19     1     4
  1.0914007293749597E+00 a       455     0    19     1     5
  6.9975805867480534E-01 a       456     0    19     1     6
 -4.5802347454883796E-01 a       457     0    19     1     7
  1.4742259188472251E+00 a       458     0    19     1     8
  4.9654526296872742E-01 a       459     0    19     1     9
  4.2292137065373510E+00 a       460     0    19     1    10
 -2.4165422585599288E+00 a       461     0    19     1    11
 -1.9834124689290533E-01 a       462     0    19     1    12
  2.5060534221390691E+00 a       463     0    19     1    13
 -5.0982881488267606E-01 a       464     0    19     1    14
  2.9775242807527480E+00 a       465     0    19     1    15
 -2.8210949476203049E+00 a       466     0    19     1    16
  2.1208520665021675E-02 a       467     0    19     1    17
  1.9945885339045508E+00 a       468     0    19     1    18
 -2.3199878240347291E+00 a       469     0    19     1    19
  2.8635966952034577E+00 a       470     0    19     1    20
 -1.8092910577235597E+00 a       471     0    19     1    21
  5.3447835146501832E-01 a       472     0    19     1    22
 -9.2205898148788723E+00 a       473     0    19     1    23
  5.0556045454510895E-02 a       474     0    19     1    24
 -3.1367924215758308E-01 a       475     0    19     1    25
  1.2685872757203269E+01 a       476     0    20     1     1
 -4.1076740322893359E+00 a       477     0    20     1     2
 -1.4228077594297043E+01 a       478     0    20     1     3
  9.7640728304189164E+00 a       479     0    20     1     4
  4.0079978925791506E+00 a       480     0    20     1     5
  2.1061503274216384E-01 a       481     0    20     1     6
  5.8109409261802236E+00 a       482     0    20     1     7
  4.5419966861867689E+00 a       483     0    20     1     8
 -1.7430610967166785E+01 a       484     0    20     1     9
 -2.0788835072597639E+01 a       485     0    20     1    10
  1.0278928527970473E+01 a       486     0    20     1    11
 -9.6980367306421549E+00 a       487     0    20     1    12
 -2.6489166470576038E+00 a       488     0    20     1    13
 -7.9583338853722090E+00 a       489     0    20     1    14
 -8.9396725218360107E+00 a       490     0    20     1    15
  2.4130981195249364E+00 a       491     0    20     1    16
  2.5711994397160209E+00 a       492     0    20     1    17
  1.2991417632457784E+01 a       493     0    20     1    18
 -1.5581968203577869E+01 a       494     0    20     1    19
  1.3744242435593472E+01 a       495     0    20     1    20
  2.0017088282449446E+01 a       496     0    20     1    21
 -1.0880870536822382E-01 a       497     0    20     1    22
  8.4394507952746185E+00 a       498     0    20     1    23
  8.7416839558498083E+00 a       499     0    20     1    24
  1.7971729968482801E+01 a       500     0    20     1    25
 -8.4280243136564135E+00 a       501     0    21     1     1
  1.1609030982402803E+01 a       502     0    21     1     2
 -5.3029415477791337E+00 a       503     0    21     1     3
  9.1710735731321567E+00 a       504     0    21     1     4
 -2.5016183871512720E+00 a       505     0    21     1     5
 -1.6306116287046859E+00 a       506     0    21     1     6
  2.8055036791712311E+00 a       507     0    21     1     7
 -3.4314723922493058E+00 a       508     0    21     1     8
  1.0539804460861415E+01 a       509     0    21     1     9
 -6.1098592915139625E+00 a       510     0    21     1    10
  1.6113087680309363E+01 a       511     0    21     1    11
 -2.6527488140216865E-01 a       512     0    21     1    12
 -4.1818105110498882E+00 a       513     0    21     1    13
  2.8234443245680052E+00 a       514     0    21     1    14
  8.0503251370566211E+00 a       515     0    21     1    15
  1.5107110423884290E+01 a       516     0    21     1    16
 -1.2528060145017703E+00 a       517     0    21     1    17
 -1.3137876513119242E+00 a       518     0    21     1    18
  5.7186298939554070E-01 a       519     0    21     1    19
  1.7267628597036335E+01 a       520     0    21     1    20
  2.9476336342999416E+00 a       521     0    21     1    21
  6.4811344245911995E-01 a       522     0    21     1    22
 -1.7453131229489838E+01 a       523     0    21     1    23
  1.4358779730469974E+01 a       524     0    21     1    24
  1.6351165579060021E+00 a       525     0    21     1    25
  3.1843532866576565E+00 a       526     0    22     1     1
 -7.5299302122448983E+00 a       527     0    22     1     2
 -2.1721766869651216E+00 a       528     0    22     1     3
  8.7385829779973634E-01 a       529     0    22     1     4
  8.5165340775384575E+00 a       530     0    22     1     5
 -2.4595958161554994E+00 a       531     0    22     1     6
 -6.1483068805152143E+00 a       532     0    22     1     7
  5.1481078325655156E+00 a       533     0    22     1     8
 -7.4172778053234643E+00 a       534     0    22     1     9
  5.1403546086106111E+00 a       535     0    22     1    10
 -6.1145284471479568E+00 a       536     0    22     1    11
  1.2880887988367404E+00 a       537     0    22     1    12
  6.2486023749739783E-01 a       538     0    22     1    13
 -2.1550415688935884E+00 a       539     0    22     1    14
 -1.6829011151558902E+01 a       540     0    22     1    15
  7.1731958904064907E-01 a       541     0    22     1    16
  5.3778777861504121E+00 a       542     0    22     1    17
 -9.8664057223249646E+00 a       543     0    22     1    18
  1.3147379999244688E+00 a       544     0    22     1    19
 -8.2732793877132309E+00 a       545     0    22     1    20
 -1.6938346008325116E+00 a       546     0    22     1    21
 -1.2279572227018936E+00 a       547     0    22     1    22
  1.5919778226684892E+01 a       548     0    22     1    23
 -4.5766631579724173E+00 a       549     0    22     1    24
  1.8687929096089304E+00 a       550     0    22     1    25
 -1.8648445341936555E+00 a       551     0    23     1     1
  8.7610645768127327E-01 a       552     0    23     1     2
  1.4124348710028457E+01 a       553     0    23     1     3
 -1.9631922633304377E+01 a       554     0    23     1     4
 -2.1234877795313771E+00 a       555     0    23     1     5
 -8.4319608253681775E+00 a       556     0    23     1     6
 -7.8016108302503291E+00 a       557     0    23     1     7
  6.8740503182598784E+00 a       558     0    23     1     8
 -1.2505089133050097E+01 a       559     0    23     1     9
  4.9041008548902996E-02 a       560     0    23     1    10
 -1.8005982788657779E+01 a       561     0    23     1    11
  4.3461876490804050E+00 a       562     0    23     1    12
 -8.4579878530005672E+00 a       563     0    23     1    13
 -1.0423203145849385E+01 a       564     0    23     1    14
  8.0457526849444925E+00 a       565     0    23     1    15
 -2.3472622891507399E+01 a       566     0    23     1    16
  2.3217194243314285E+00 a       567     0    23     1    17
  1.4005193620823160E+00 a       568     0    23     1    18
  2.7293003138527638E-01 a       569     0    23     1    19
 -1.5880907616363668E+01 a       570     0    23     1    20
 -8.4048665882968194E+00 a       571     0    23     1    21
 -1.1927750561401282E+01 a       572     0    23     1    22
  9.6762933772660198E-01 a       573     0    23     1    23
 -1.0928396043218859E+01 a       574     0    23     1    24
  8.7576723582866975E+00 a       575     0    23     1    25
  4.9223265020032665E+00 a       576     0    24     1     1
 -3.6945911541000416E+00 a       577     0    24     1     2
 -3.9285244361379523E-01 a       578     0    24     1     3
  2.7845974827755557E+00 a       579     0    24     1     4
 -5.6895522007514572E+00 a       580     0    24     1     5
 -2.6172977095570413E+00 a       581     0    24     1     6
  5.4394495673585901E+00 a       582     0    24     1     7
 -3.5533789184864002E+00 a       583     0    24     1     8
  4.6496186388544771E+00 a       584     0    24     1     9
  1.1014018687784981E+01 a       585     0    24     1    10
 -4.4096709125988687E+00 a       586     0    24     1    11
  3.7581719968956491E+00 a       587     0    24     1    12
  2.9406466611510718E+00 a       588     0    24     1    13
  6.9051917098409934E+00 a       589     0    24     1    14
 -5.2460519711109015E+00 a       590     0    24     1    15
  8.1612306339056637E+00 a       591     0    24     1    16
  1.0821638269186744E+00 a       592     0    24     1    17
  9.8092950590381918E+00 a       593     0    24     1    18
  1.2234265475943042E+00 a       594     0    24     1    19
  9.4108929547904663E-01 a       595     0    24     1    20
  2.8432029459217949E+00 a       596     0    24     1    21
  5.6495781152114677E-01 a       597     0    24     1    22
 -6.5627934523527944E+00 a       598     0    24     1    23
  7.6181288619121732E+00 a       599     0    24     1    24
 -3.5167589647096715E+00 a       600     0    24     1    25
  7.6998193606052752E+00 a       601     0    25     1     1
 -3.3744480619363242E+00 a       602     0    25     1     2
  6.1618682987895559E+00 a       603     0    25     1     3
 -7.0714895268255500E+00 a       604     0    25     1     4
 -6.2321463342924777E-01 a       605     0    25     1     5
  1.9996376645452576E+00 a       606     0    25     1     6
  3.7150074750911424E+00 a       607     0    25     1     7
 -9.4602066284998210E-01 a       608     0    25     1     8
 -4.6607507499091909E+00 a       609     0    25     1     9
 -6.8709055259634342E+00 a       610     0    25     1    10
 -4.8204124332196036E-01 a       611     0    25     1    11
 -4.4671826283813472E+00 a       612     0    25     1    12
  5.8955119014209920E+00 a       613     0    25     1    13
 -6.0031228175247797E-01 a       614     0    25     1    14
  4.8284748592733866E+00 a       615     0    25     1    15
 -1.5049420597575439E+01 a       616     0    25     1    16
 -3.1997433181634496E+00 a       617     0    25     1    17
  2.9604078777770284E+00 a       618     0    25     1    18
 -8.7737665032282770E+00 a       619     0    25     1    19
 -1.0798751008770040E+00 a       620     0    25     1    20
 -4.1421168003368543E+00 a       621     0    25     1    21
 -1.7544865040287709E+00 a       622     0    25     1    22
  3.3811826248683396E-01 a       623     0    25     1    23
 -5.9782574125995378E+00 a       624     0    25     1    24
  3.1562759109949550E+00 a       625     0    25     1    25
 -5.2818632042429234E+00 a       626     0    26     1     1
  4.5634385536779458E+00 a       627     0    26     1     2
 -1.0701129630038947E+01 a       628     0    26     1     3
  8.6098887595478679E+00 a       629     0    26     1     4
  2.1298972034911690E+00 a       630     0    26     1     5
  4.9843335182884081E+00 a       631     0    26     1     6
  3.5415611335140782E+00 a       632     0    26     1     7
 -4.6578131958377789E+00 a       633     0    26     1     8
  8.7802136240779554E+00 a       634     0    26     1     9
  5.6965754025205468E+00 a       635     0    26     1    10
  6.9991038597328856E+00 a       636     0    26     1    11
  1.3577419772163990E+00 a       637     0    26     1    12
  1.1952199674286920E+01 a       638     0    26     1    13
  1.2415250236620214E+01 a       639     0    26     1    14
 -2.4418939283065305E-01 a       640     0    26     1    15
  1.5764479455098938E+01 a       641     0    26     1    16
 -5.2919320574374318E+00 a       642     0    26     1    17
 -5.5966361748169708E+00 a       643     0    26     1    18
  5.9065180456097339E+00 a       644     0    26     1    19
  4.3257878626302748E+00 a       645     0    26     1    20
 -2.3638261350818288E+00 a       646     0    26     1    21
  4.1171193054724258E+00 a       647     0    26     1    22
 -5.8694068686689782E+00 a       648     0    26     1    23
 -4.1099307384283259E+00 a       649     0    26     1    24
 -1.1543335143787845E+01 a       650     0    26     1    25
 -7.1158724839606802E-01 a       651     0    27     1     1
 -1.0025650996520477E+00 a       652     0    27     1     2
  2.1447144097586732E+00 a       653     0    27     1     3
  7.1055952928661037E-01 a       654     0    27     1     4
 -2.5289754602968735E-02 a       655     0    27     1     5
 -3.1545803345574314E-01 a       656     0    27     1     6
  7.9373912527232193E-01 a       657     0    27     1     7
 -1.1126677141225330E+00 a       658     0    27     1     8
  6.7061042330239129E-01 a       659     0    27     1     9
 -1.0858183218747068E-01 a       660     0    27     1    10
 -1.5251971070345551E+00 a       661     0    27     1    11
 -3.0966641731123206E+00 a       662     0    27     1    12
 -9.6540899462271295E+00 a       663     0    27     1    13
 -5.3128970910572519E+00 a       664     0    27     1    14
  6.5566703863206888E-01 a       665     0    27     1    15
 -2.5996626965768885E+00 a       666     0    27     1    16
 -5.7803826069466235E-01 a       667     0    27     1    17
 -6.0796078420800137E-01 a       668     0    27     1    18
 -1.7027409196171395E+00 a       669     0    27     1    19
  3.9265780480967055E-01 a       670     0    27     1    20
 -5.2539346550677313E-01 a       671     0    27     1    21
 -5.8374178475180782E-01 a       672     0    27     1    22
  6.1386306566959592E-01 a       673     0    27     1    23
  1.1303692871999909E+00 a       674     0    27     1    24
  1.0151506006363142E+00 a       675     0    27     1    25
 -7.7424875080391353E-01 b       676     1     1
  5.8215718460636856E-01 b       677     1     2
 -9.8805838065848792E-02 b       678     1     3
 -6.7700397231737541E-01 b       679     1     4
  5.4446407389349985E-02 b       680     1     5
  4.8703645251309763E-01 b       681     1     6
  3.3699903184019803E-01 b       682     1     7
  1.5152535563702048E+00 b       683     1     8
 -1.4401858617087113E-01 b       684     1     9
  1.4039806352644260E+00 b       685     1    10
 -6.5126042233253378E-01 b       686     1    11
 -9.6890988733483063E-01 b       687     1    12
 -2.6017884669178795E+00 b       688     1    13
  2.5839798599945616E+00 b       689     1    14
 -6.5700174391407551E-01 b       690     1    15
  5.4904761980344829E-01 b       691     1    16
  6.4095075213634800E-01 b       692     1    17
 -5.5524755516717328E-01 b       693     1    18
 -8.1926033962900047E-02 b       694     1    19
  2.2591473366996104E+00 b       695     1    20
 -1.1128287342995893E+00 b       696     1    21
 -1.3236953568896244E+00 b       697     1    22
 -1.3497929750900697E+00 b       698     1    23
 -7.9897460282884869E-01 b       699     1    24
  9.2868051587203224E-02 b       700     1    25
 -5.5081066860000349E-01 a       701     1     1     2     1
 -1.3657014315618563E+00 a       702     1     1     2     2
  6.7762105567185993E-01 a       703     1     1     2     3
 -7.2315318618418689E-01 a       704     1     1     2     4
 -1.7411853825652552E+00 a       705     1     1     2     5
  1.7849492944079008E+00 a       706     1     1     2     6
  1.1242848200594986E+00 a       707     1     1     2     7
  8.3017389221613413E-01 a       708     1     1     2     8
 -1.1610644703554858E+00 a       709     1     1     2     9
 -1.6589390332906787E-01 a       710     1     1     2    10
 -5.7237298909795820E-01 a       711     1     1     2    11
  3.2791649307924137E-01 a       712     1     1     2    12
  1.6863740475453259E-01 a       713     1     1     2    13
 -1.4190360758016702E+00 a       714     1     1     2    14
  5.3580668362599848E-01 a       715     1     1     2    15
  4.3492357878305976E-01 a       716     1     1     2    16
  1.6627688076762112E-01 a       717     1     1     2    17
 -4.7568209530794885E+00 a       718     1     1     2    18
  9.7802782494513951E-01 a       719     1     1     2    19
  5.8671634919552063E-01 a       720     1     1     2    20
 -9.0993204788994619E-01 a       721     1     1     2    21
 -1.2667784410152645E+00 a       722     1     1     2    22
  9.5577315214778968E-01 a       723     1     1     2    23
  1.8465432317083028E-01 a       724     1     1     2    24
  2.2366393968361586E-01 a       725     1     1     2    25
  3.4026769939117879E-01 a       726     1     2     2     1
  9.7978687915765217E-01 a       727     1     2     2     2
  5.3432990980048400E-01 a       728     1     2     2     3
 -1.6924430348740331E+00 a       729     1     2     2     4
  5.3527246228663583E-01 a       730     1     2     2     5
 -4.2861541903307288E+00 a       731     1     2     2     6
 -5.1711513355966257E-02 a       732     1     2     2     7
 -8.4449977538239795E-01 a       733     1     2     2     8
 -1.7796405069609871E+00 a       734     1     2     2     9
 -7.8350742667268558E-01 a       735     1     2     2    10
  2.7102142989121963E-01 a       736     1     2     2    11
  7.1267887300006894E-01 a       737     1     2     2    12
 -4.9386810392542202E-01 a       738     1     2     2    13
  9.3119111849671654E-01 a       739     1     2     2    14
 -1.4616453691172282E+00 a       740     1     2     2    15
  3.1337670563487968E-01 a       741     1     2     2    16
 -7.8646342557742399E-01 a       742     1     2     2    17
  5.1423600002948238E+00 a       743     1     2     2    18
 -2.5719915099093127E-01 a       744     1     2     2    19
 -2.4886320487982733E-01 a       745     1     2     2    20
 -1.2863216742233993E-01 a       746     1     2     2    21
 -6.5278851619090028E-01 a       747     1     2     2    22
 -1.7900094373477715E+00 a       748     1     2     2    23
  1.2164443263658324E-01 a       749     1     2     2    24
 -3.2739751057217041E-02 a       750     1     2     2    25
 -6.4843644527212391E-02 a       751     1     3     2     1
 -6.4289116445715389E-02 a       752     1     3     2     2
  9.8641184827723516E-01 a       753     1     3     2     3
  4.2065183972089498E-01 a       754     1     3     2     4
  1.1851344673808211E+00 a       755     1     3     2     5
 -1.5609076680328502E+00 a       756     1     3     2     6
 -2.9503993731348706E+00 a       757     1     3     2     7
  1.6631872059112829E+00 a       758     1     3     2     8
 -2.1072792241214202E+00 a       759     1     3     2     9
  1.5118554610175550E-01 a       760     1     3     2    10
 -3.1916975755554128E-01 a       761     1     3     2    11
 -5.0944671022947008E-01 a       762     1     3     2    12
 -3.2113003416975605E-01 a       763     1     3     2    13
 -1.5682360671363096E+00 a       764     1     3     2    14
 -1.8248302971707264E-01 a       765     1     3     2    15
 -8.1265635179063789E-01 a       766     1     3     2    16
  1.0262964512604209E+00 a       767     1     3     2    17
  1.3369989136632221E+00 a       768     1     3     2    18
  1.1794098411602107E+00 a       769     1     3     2    19
  8.0283052675882294E-01 a       770     1     3     2    20
  3.0429049394231300E-01 a       771     1     3     2    21
 -7.3973455155913082E-01 a       772     1     3     2    22
 -1.5031611798214109E-01 a       773     1     3     2    23
  9.1580592980373488E-04 a       774     1     3     2    24
  3.4533198684328892E-01 a       775     1     3     2    25
 -7.2640644033325985E-01 a       776     1     4     2     1
  1.0868626305106588E+00 a       777     1     4     2     2
 -1.0381587730023061E+00 a       778     1     4     2     3
  2.4104225906067803E-01 a       779     1     4     2     4
  3.5792715801102146E-02 a       780     1     4     2     5
  8.4773236978754207E-01 a       781     1     4     2     6
 -9.9912901954849254E-01 a       782     1     4     2     7
 -5.6146943002817928E-01 a       783     1     4     2     8
  8.4645760162354322E-01 a       784     1     4     2     9
 -1.1034220064927420E+00 a       785     1     4     2    10
 -7.9291836571080188E-02 a       786     1     4     2    11
 -1.5600831991414663E+00 a       787     1     4     2    12
 -2.0643772590394305E-01 a       788     1     4     2    13
  1.1157753429143920E+00 a       789     1     4     2    14
 -8.5553927268376095E-01 a       790     1     4     2    15
  9.2741730193460059E-01 a       791     1     4     2    16
 -4.6406887074269965E-01 a       792     1     4     2    17
  7.6555410626693572E+00 a       793     1     4     2    18
 -1.1834235794214705E+00 a       794     1     4     2    19
 -1.7866384744032286E+00 a       795     1     4     2    20
 -1.0120630889861530E+00 a       796     1     4     2    21
  1.7679182053978929E-01 a       797     1     4     2    22
 -1.4199365295145274E+00 a       798     1     4     2    23
 -1.1498941869224180E+00 a       799     1     4     2    24
  8.5595312352708314E-02 a       800     1     4     2    25
 -2.4181860362581226E-01 a       801     1     5     2     1
  1.4021638963944100E-01 a       802     1     5     2     2
  1.5858608888531975E+00 a       803     1     5     2     3
  2.0106296897017226E+00 a       804     1     5     2     4
  3.7347060911748581E-02 a       805     1     5     2     5
 -1.4312131379013566E+00 a       806     1     5     2     6
 -1.0750019539128208E+00 a       807     1     5     2     7
  2.0579869030170217E+00 a       808     1     5     2     8
  8.7569614869823675E-01 a       809     1     5     2     9
 -8.8655729900678215E-01 a       810     1     5     2    10
 -8.4238107354375202E-02 a       811     1     5     2    11
 -1.9750120651350620E+00 a       812     1     5     2    12
  9.9264104207976309E-02 a       813     1     5     2    13
  1.7735289209317544E+00 a       814     1     5     2    14
  1.2410756755137418E-01 a       815     1     5     2    15
 -9.9128762008609739E-01 a       816     1     5     2    16
  5.9191613438725199E-01 a       817     1     5     2    17
  1.9957420017616051E-01 a       818     1     5     2    18
  8.4227501247309033E-01 a       819     1     5     2    19
  1.1542208727102278E-01 a       820     1     5     2    20
  1.9340173627971480E+00 a       821     1     5     2    21
 -3.7449969011918149E-01 a       822     1     5     2    22
  5.1679436721247007E-01 a       823     1     5     2    23
  4.6193578933404741E-02 a       824     1     5     2    24
  2.8658926681133523E-01 a       825     1     5     2    25
  2.3148962585765642E+00 a       826     1     6     2     1
  1.4984629241164976E-01 a       827     1     6     2     2
  6.2398492304701025E-01 a       828     1     6     2     3
  8.8692011297739082E-01 a       829     1     6     2     4
 -3.3997345187033440E-01 a       830     1     6     2     5
  8.5744166894194795E-01 a       831     1     6     2     6
 -4.0355961135178466E+00 a       832     1     6     2     7
 -1.4692639568462892E-01 a       833     1     6     2     8
  4.1648923876493195E-02 a       834     1     6     2     9
 -1.5529303689397514E-01 a       835     1     6     2    10
  7.3209136395391783E-01 a       836     1     6     2    11
  1.7388314741833738E-01 a       837     1     6     2    12
  4.0073074193793168E-01 a       838     1     6     2    13
 -4.6511414331025763E-01 a       839     1     6     2    14
 -9.9024446523444443E-01 a       840     1     6     2    15
  1.5331633233829411E-01 a       841     1     6     2    16
 -9.0280089818144213E-02 a       842     1     6     2    17
  1.2554004882457357E+00 a       843     1     6     2    18
 -1.4005466245069187E+00 a       844     1     6     2    19
  1.2879573183701679E-02 a       845     1     6     2    20
  1.6409280990929198E-01 a       846     1     6     2    21
  1.1002708125431392E-01 a       847     1     6     2    22
 -4.3309897300581307E-01 a       848     1     6     2    23
  1.5346219089828664E-01 a       849     1     6     2    24
 -1.1986221254648264E+00 a       850     1     6     2    25
 -1.6579364899143161E+00 a       851     1     7     2     1
 -7.8873398793738381E-01 a       852     1     7     2     2
  4.8415304684828755E-02 a       853     1     7     2     3
  7.7323941626927450E-01 a       854     1     7     2     4
  1.5635134287220478E-01 a       855     1     7     2     5
  3.8242254462222430E-01 a       856     1     7     2     6
  1.2710026576718545E+00 a       857     1     7     2     7
  5.0959035411374809E-01 a       858     1     7     2     8
  1.8392918533550082E-01 a       859     1     7     2     9
  3.2683365842005346E-01 a       860     1     7     2    10
  6.5631560104731834E-01 a       861     1     7     2    11
 -1.0667254499765271E+00 a       862     1     7     2    12
  3.1296159591949635E-01 a       863     1     7     2    13
 -1.9145905907125735E+00 a       864     1     7     2    14
  1.1729175513059613E+00 a       865     1     7     2    15
  2.7883036183035814E-01 a       866     1     7     2    16
 -2.6359781097862113E-02 a       867     1     7     2    17
 -4.5272020256607384E-02 a       868     1     7     2    18
  1.5934890731444934E-01 a       869     1     7     2    19
 -8.0134728510952669E-01 a       870     1     7     2    20
  1.4454323012575745E+00 a       871     1     7     2    21
 -3.9063433338209930E-01 a       872     1     7     2    22
 -2.0109749023195253E-01 a       873     1     7     2    23
  2.8202283432831182E-01 a       874     1     7     2    24
 -7.1739623541423614E-01 a       875     1     7     2    25
  1.6265529974559414E+00 a       876     1     8     2     1
  1.1265164803355048E+00 a       877     1     8     2     2
  5.4169401355718616E+00 a       878     1     8     2     3
  2.1374353327857252E+00 a       879     1     8     2     4
 -1.1403578552544342E+00 a       880     1     8     2     5
  3.7471945155204986E+00 a       881     1     8     2     6
  3.0378761363026161E+00 a       882     1     8     2     7
  3.7440705339228542E-01 a       883     1     8     2     8
  6.2484153233776185E-01 a       884     1     8     2     9
 -3.3862519390664458E-01 a       885     1     8     2    10
  1.1350718960840511E+00 a       886     1     8     2    11
 -1.1834826653776824E+00 a       887     1     8     2    12
 -1.1177598948135488E+00 a       888     1     8     2    13
  1.1221332037467651E+00 a       889     1     8     2    14
 -5.3835563504352935E-01 a       890     1     8     2    15
 -2.5528479316472397E-01 a       891     1     8     2    16
 -1.4581420435130263E+00 a       892     1     8     2    17
  3.6894481140658391E+00 a       893     1     8     2    18
  4.7630922637687806E-01 a       894     1     8     2    19
 -1.8909314395485024E+00 a       895     1     8     2    20
  1.4337587787323827E+00 a       896     1     8     2    21
 -1.2530208312679039E+00 a       897     1     8     2    22
  1.8330393151865321E-01 a       898     1     8     2    23
 -2.7886430722108185E-01 a       899     1     8     2    24
  1.8374947953713747E-01 a       900     1     8     2    25
 -1.5162467765039231E-01 a       901     1     9     2     1
  4.4463122787437599E-03 a       902     1     9     2     2
  2.5350083396924270E-02 a       903     1     9     2     3
 -2.1619577373325111E-01 a       904     1     9     2     4
 -5.0823884726550372E-01 a       905     1     9     2     5
  8.7833403063116422E-01 a       906     1     9     2     6
  3.4338904645815188E-01 a       907     1     9     2     7
  5.9311535989999398E-01 a       908     1     9     2     8
 -1.5138283934832686E+00 a       909     1     9     2     9
 -9.7987018048569252E-01 a       910     1     9     2    10
 -2.6390633932872803E-01 a       911     1     9     2    11
  1.0095227350457547E+00 a       912     1     9     2    12
  4.7765483617055332E-01 a       913     1     9     2    13
 -7.4421226379435790E-01 a       914     1     9     2    14
 -1.4872778254985599E+00 a       915     1     9     2    15
  8.2341424801554097E-01 a       916     1     9     2    16
  2.2642591124055730E-01 a       917     1     9     2    17
  3.4785966306740095E+00 a       918     1     9     2    18
 -9.7640438312761524E-01 a       919     1     9     2    19
  7.4952053725218126E-01 a       920     1     9     2    20
 -9.4450537788000632E-01 a       921     1     9     2    21
 -2.3286261664801899E-01 a       922     1     9     2    22
 -2.0143127446849771E+00 a       923     1     9     2    23
  2.6179518629586268E-01 a       924     1     9     2    24
 -5.1384209240881373E-01 a       925     1     9     2    25
  1.2284556265922639E+00 a       926     1    10     2     1
 -6.4965712417726917E-01 a       927     1    10     2     2
  1.5345235391655865E-01 a       928     1    10     2     3
 -1.3331835939340131E+00 a       929     1    10     2     4
 -3.7555746266882511E-01 a       930     1    10     2     5
 -1.7371941800811812E+00 a       931     1    10     2     6
  8.4756537713384705E-01 a       932     1    10     2     7
 -1.1478807227428585E+00 a       933     1    10     2     8
  2.3334752691310174E+00 a       934     1    10     2     9
 -1.2329597714638394E+00 a       935     1    10     2    10
  4.4622881689531235E-01 a       936     1    10     2    11
 -1.9813457185202792E+00 a       937     1    10     2    12
  8.2944811501191684E-01 a       938     1    10     2    13
  3.8709600485505080E-01 a       939     1    10     2    14
 -5.7490580020551307E-01 a       940     1    10     2    15
  7.4595442085571673E-01 a       941     1    10     2    16
  1.9561419068820271E-01 a       942     1    10     2    17
  1.6585875831145518E+00 a       943     1    10     2    18
 -1.4101377953166370E+00 a       944     1    10     2    19
 -1.2841703653091450E+00 a       945     1    10     2    20
  2.3557454658118454E-01 a       946     1    10     2    21
  2.5786017152892365E-03 a       947     1    10     2    22
 -4.8624829890447367E+00 a       948     1    10     2    23
  7.9600446267243885E-01 a       949     1    10     2    24
  3.4413614153202421E-01 a       950     1    10     2    25
  1.5723621821413520E+00 a       951     1    11     2     1
  1.5682684477729383E-01 a       952     1    11     2     2
 -9.7475320852631731E-01 a       953     1    11     2     3
  1.7494430271891002E+00 a       954     1    11     2     4
  4.7707648684910292E-01 a       955     1    11     2     5
  2.5931694222691295E+00 a       956     1    11     2     6
  2.0961263870229976E+00 a       957     1    11     2     7
 -8.9455282656466661E-01 a       958     1    11     2     8
  1.5339988642107827E+00 a       959     1    11     2     9
  9.0827977681892091E-01 a       960     1    11     2    10
  1.3840447989773735E-01 a       961     1    11     2    11
 -2.0778959352563373E-01 a       962     1    11     2    12
 -5.2304198193901663E-01 a       963     1    11     2    13
  1.8284941593792123E+00 a       964     1    11     2    14
 -1.3056328497513925E+00 a       965     1    11     2    15
  4.9711746573349430E-01 a       966     1    11     2    16
 -1.0045181083891881E-01 a       967     1    11     2    17
 -1.3645670295482815E+00 a       968     1    11     2    18
 -1.3509856384366834E+00 a       969     1    11     2    19
 -2.0571717346226689E-01 a       970     1    11     2    20
 -1.2570064487573451E+00 a       971     1    11     2    21
  1.9733740950091019E-01 a       972     1    11     2    22
 -1.8217374083180644E+00 a       973     1    11     2    23
 -1.5683096772990379E+00 a       974     1    11     2    24
 -4.5665211003666362E-01 a       975     1    11     2    25
  2.3291454587187177E+00 a       976     1    12     2     1
  3.9539278945652283E+00 a       977     1    12     2     2
  4.0339766652084008E-01 a       978     1    12     2     3
  9.8232213849515282E-01 a       979     1    12     2     4
 -2.9345978558254404E-01 a       980     1    12     2     5
  1.2766344489443924E+00 a       981     1    12     2     6
 -1.5286704244279141E+00 a       982     1    12     2     7
  1.3579978347470854E+00 a       983     1    12     2     8
  1.2013797189562363E+00 a       984     1    12     2     9
  5.4246138752182838E-01 a       985     1    12     2    10
 -1.0950232264583743E-03 a       986     1    12     2    11
 -5.6200497857936060E-01 a       987     1    12     2    12
  4.9705074087091256E-01 a       988     1    12     2    13
  1.2805347055024505E+00 a       989     1    12     2    14
 -1.0097629627049667E+00 a       990     1    12     2    15
  4.3385376455851987E-01 a       991     1    12     2    16
  1.1860746656770832E-01 a       992     1    12     2    17
 -1.4028169290591366E+00 a       993     1    12     2    18
 -1.7595860772920502E+00 a       994     1    12     2    19
 -3.2045855003048218E-01 a       995     1    12     2    20
 -9.1332696020392590E-01 a       996     1    12     2    21
  5.4785562263573140E-01 a       997     1    12     2    22
 -2.6536796801371527E+00 a       998     1    12     2    23
 -5.5861054644635955E-01 a       999     1    12     2    24
 -7.0231271249366400E-01 a      1000     1    12     2    25
 -2.6679163025219021E+00 a      1001     1    13     2     1
  2.4162185886198024E+00 a      1002     1    13     2     2
 -4.3724607759116552E+00 a      1003     1    13     2     3
 -1.2303150889811125E+00 a      1004     1    13     2     4
  1.7811307584919442E+00 a      1005     1    13     2     5
 -9.1606850899268242E+00 a      1006     1    13     2     6
  9.0273970480004682E+00 a      1007     1    13     2     7
 -1.1034786167814568E+00 a      1008     1    13     2     8
  3.4653011402479983E+00 a      1009     1    13     2     9
  9.2501713590116330E-01 a      1010     1    13     2    10
  1.6640589700323065E+00 a      1011     1    13     2    11
  4.0785732639813457E+00 a      1012     1    13     2    12
 -2.9598855796233525E-01 a      1013     1    13     2    13
  3.1069893225811449E+00 a      1014     1    13     2    14
  1.1805730708028415E+00 a      1015     1    13     2    15
 -6.0811820919790059E-02 a      1016     1    13     2    16
 -2.5847598717011557E+00 a      1017     1    13     2    17
 -1.0279146228422777E+00 a      1018     1    13     2    18
 -4.7671187637641035E+00 a      1019     1    13     2    19
 -2.7587785418431245E+00 a      1020     1    13     2    20
  1.8159070959414430E+00 a      1021     1    13     2    21
  3.2290903441961483E+00 a      1022     1    13     2    22
 -1.0765770562134402E+00 a      1023     1    13     2    23
 -2.2959456145197166E+00 a      1024     1    13     2    24
 -5.4629992734183928E+00 a      1025     1    13     2    25
  3.4950452424905238E+00 a      1026     1    14     2     1
  4.4357445724810041E-01 a      1027     1    14     2     2
 -3.2595425096130959E-01 a      1028     1    14     2     3
  1.9728621392523760E+00 a      1029     1    14     2     4
  1.2885736941622605E+00 a      1030     1    14     2     5
 -2.4892671879354054E+00 a      1031     1    14     2     6
 -1.3666388634038412E+01 a      1032     1    14     2     7
 -5.9459878989141579E-01 a      1033     1    14     2     8
  2.2584054819316637E+00 a      1034     1    14     2     9
  1.7400247517811627E+00 a      1035     1    14     2    10
  1.9547677223729920E+00 a      1036     1    14     2    11
  1.6563383143271473E+00 a      1037     1    14     2    12
 -3.9477162344184535E-01 a      1038     1    14     2    13
 -7.0884824525177470E-01 a      1039     1    14     2    14
 -1.0055022752410681E+00 a      1040     1    14     2    15
 -2.1141865130507855E+00 a      1041     1    14     2    16
 -2.1368908890940883E+00 a      1042     1    14     2    17
 -3.8653072724197237E+00 a      1043     1    14     2    18
 -2.9103905038134958E+00 a      1044     1    14     2    19
 -8.0442755262378440E-01 a      1045     1    14     2    20
  4.1030952901045956E-02 a      1046     1    14     2    21
  6.5292190362513347E-01 a      1047     1    14     2    22
 -1.7224379927353672E+00 a      1048     1    14     2    23
 -1.0263477801800505E+00 a      1049     1    14     2    24
  4.8226337649473677E-01 a      1050     1    14     2    25
  7.2914364456465808E-01 a      1051     1    15     2     1
 -8.4703381389100635E-02 a      1052     1    15     2     2
 -1.0557573093800394E-01 a      1053     1    15     2     3
 -1.2230845323619253E+00 a      1054     1    15     2     4
 -2.7031726908688297E-01 a      1055     1    15     2     5
  4.4886021010160029E+00 a      1056     1    15     2     6
 -1.8182739396434409E+00 a      1057     1    15     2     7
 -8.3580120772991129E-01 a      1058     1    15     2     8
 -1.6649817899530426E+00 a      1059     1    15     2     9
  2.1956684305545462E-01 a      1060     1    15     2    10
  2.1520755105750949E-01 a      1061     1    15     2    11
  3.8496686804410500E+00 a      1062     1    15     2    12
 -2.4824480090930179E-01 a      1063     1    15     2    13
 -7.3790293876092905E-01 a      1064     1    15     2    14
  4.7294105184471974E-01 a      1065     1    15     2    15
  2.3062535543487166E+00 a      1066     1    15     2    16
 -1.5518790854339612E+00 a      1067     1    15     2    17
  1.3699701621403129E+00 a      1068     1    15     2    18
 -1.2579708147031960E+00 a      1069     1    15     2    19
 -9.2643980055993225E-01 a      1070     1    15     2    20
 -8.6305398713721104E-01 a      1071     1    15     2    21
 -1.0452043429668392E+00 a      1072     1    15     2    22
 -8.6596630112336548E-01 a      1073     1    15     2    23
  8.1680970289725097E-01 a      1074     1    15     2    24
  9.8690840879136665E-01 a      1075     1    15     2    25
  5.5419205231563939E-01 a      1076     1    16     2     1
 -1.0065075631935203E+00 a      1077     1    16     2     2
 -8.4911382310154060E-01 a      1078     1    16     2     3
  9.4443431392411525E-01 a      1079     1    16     2     4
  1.2203618662205959E+00 a      1080     1    16     2     5
  6.3808144929719024E-01 a      1081     1    16     2     6
  2.2973198535462873E+00 a      1082     1    16     2     7
  3.4023191918057233E-01 a      1083     1    16     2     8
 -1.9897901928097235E+00 a      1084     1    16     2     9
 -1.9698561452970892E-01 a      1085     1    16     2    10
 -5.6286055507207867E-02 a      1086     1    16     2    11
  1.9595313052527228E+00 a      1087     1    16     2    12
 -7.9741445631994790E-01 a      1088     1    16     2    13
  1.0207687037990809E+00 a      1089     1    16     2    14
 -5.2397654625824061E-02 a      1090     1    16     2    15
  1.9370373247106958E+00 a      1091     1    16     2    16
 -3.3733517029141130E-01 a      1092     1    16     2    17
 -4.9268689381551684E-01 a      1093     1    16     2    18
  6.4177317335055406E-01 a      1094     1    16     2    19
  6.0561568558861312E-01 a      1095     1    16     2    20
  3.9787182133573372E-02 a      1096     1    16     2    21
 -4.1771778533655995E-01 a      1097     1    16     2    22
 -7.7128971400696111E-01 a      1098     1    16     2    23
  2.6875119477799958E-01 a      1099     1    16     2    24
  1.1168553247823336E+00 a      1100     1    16     2    25
  3.2402643098278644E-01 a      1101     1    17     2     1
 -1.8990255790258821E+00 a      1102     1    17     2     2
 -7.4137444460276170E-01 a      1103     1    17     2     3
  1.1766759192165481E+00 a      1104     1    17     2     4
  1.0766630469884135E+00 a      1105     1    17     2     5
 -3.5190483989411092E+00 a      1106     1    17     2     6
  3.1915184954088005E+00 a      1107     1    17     2     7
 -4.2752433640371429E-01 a      1108     1    17     2     8
  1.9361855957908239E-01 a      1109     1    17     2     9
 -1.4205543593719059E+00 a      1110     1    17     2    10
  9.0229020352868938E-01 a      1111     1    17     2    11
 -1.1848897232467914E+00 a      1112     1    17     2    12
  3.7445837984977876E-01 a      1113     1    17     2    13
  2.3039410651835981E+00 a      1114     1    17     2    14
 -5.0823614220713687E-01 a      1115     1    17     2    15
 -1.6325070764314169E+00 a      1116     1    17     2    16
  1.7373553773826840E+00 a      1117     1    17     2    17
 -2.2093221625429198E+00 a      1118     1    17     2    18
  4.8548429115077130E-01 a      1119     1    17     2    19
 -7.8967506043796032E-01 a      1120     1    17     2    20
  5.1979303672414012E-01 a      1121     1    17     2    21
 -2.1405746062631462E-01 a      1122     1    17     2    22
  1.7634634404949063E+00 a      1123     1    17     2    23
  2.0416195697399018E+00 a      1124     1    17     2    24
 -1.3582645576024850E+00 a      1125     1    17     2    25
 -1.8917800634978543E-01 a      1126     1    18     2     1
  4.4076416661696521E-01 a      1127     1    18     2     2
 -5.8148412374165592E-01 a      1128     1    18     2     3
 -1.3516604428554555E+00 a      1129     1    18     2     4
 -4.7280576937052933E-02 a      1130     1    18     2     5
 -8.1518402648455157E-01 a      1131     1    18     2     6
  3.5958428364628248E-01 a      1132     1    18     2     7
 -1.5050977563774790E+00 a      1133     1    18     2     8
 -8.9450255742751106E-01 a      1134     1    18     2     9
 -3.3962293187389092E-01 a      1135     1    18     2    10
  1.0656197741042159E-01 a      1136     1    18     2    11
 -1.2874111962136581E+00 a      1137     1    18     2    12
  5.1660326309016358E-01 a      1138     1    18     2    13
 -1.6156368754972235E+00 a      1139     1    18     2    14
 -6.3554413107056618E-02 a      1140     1    18     2    15
  1.0582659545740432E+00 a      1141     1    18     2    16
 -4.8475399903618982E-01 a      1142     1    18     2    17
  3.2997685723197803E+00 a      1143     1    18     2    18
 -1.3360441572873525E+00 a      1144     1    18     2    19
  1.6425670211532635E-02 a      1145     1    18     2    20
  6.3966854788822503E-01 a      1146     1    18     2    21
  5.3233965066469913E-01 a      1147     1    18     2    22
 -1.7753422514756865E+00 a      1148     1    18     2    23
 -1.0523344547691773E+00 a      1149     1    18     2    24
  1.4982603485126009E+00 a      1150     1    18     2    25
 -4.8167389560956364E-01 a      1151     1    19     2     1
  1.6632143368934167E+00 a      1152     1    19     2     2
 -5.1452972962528110E-01 a      1153     1    19     2     3
  7.4309643994829339E-02 a      1154     1    19     2     4
  1.6950795849562932E+00 a      1155     1    19     2     5
  4.3922714290110687E-01 a      1156     1    19     2     6
  2.3980917985941397E+00 a      1157     1    19     2     7
  1.3923272685417598E+00 a      1158     1    19     2     8
  9.7448171032013808E-01 a      1159     1    19     2     9
 -2.1849169894252611E+00 a      1160     1    19     2    10
 -5.8030426452807160E-01 a      1161     1    19     2    11
 -2.3083096907820053E+00 a      1162     1    19     2    12
  2.7893671592825775E-01 a      1163     1    19     2    13
 -2.5727451168795192E+00 a      1164     1    19     2    14
 -4.6250234604983226E-01 a      1165     1    19     2    15
 -1.3937545996949974E-01 a      1166     1    19     2    16
  5.2733861034079232E-01 a      1167     1    19     2    17
  3.2972829553900871E+00 a      1168     1    19     2    18
  2.5015675811562432E-01 a      1169     1    19     2    19
 -2.7774463989027582E+00 a      1170     1    19     2    20
  3.2685517533645803E-01 a      1171     1    19     2    21
  3.6536188257863833E-01 a      1172     1    19     2    22
  6.3029865764992488E-01 a      1173     1    19     2    23
  4.1189604248907069E-01 a      1174     1    19     2    24
 -2.1636451831679864E+00 a      1175     1    19     2    25
  9.0831123591792129E-01 a      1176     1    20     2     1
 -1.7826833912179503E+00 a      1177     1    20     2     2
 -4.8152652209482003E+00 a      1178     1    20     2     3
  6.0785299280910532E-01 a      1179     1    20     2     4
  1.7866305359516133E+00 a      1180     1    20     2     5
  6.6302660060612988E+00 a      1181     1    20     2     6
  9.1971930041604988E-01 a      1182     1    20     2     7
  2.8426493802988526E+00 a      1183     1    20     2     8
  3.4698183688838896E-01 a      1184     1    20     2     9
 -3.3668392736586275E+00 a      1185     1    20     2    10
 -3.4487343364320289E-01 a      1186     1    20     2    11
  2.7272352652529306E+00 a      1187     1    20     2    12
  1.0106265367159342E+00 a      1188     1    20     2    13
 -8.8069046627856888E+00 a      1189     1    20     2    14
 -2.2087141883360051E-01 a      1190     1    20     2    15
  3.9848866187316205E+00 a      1191     1    20     2    16
  7.4435296097101622E-01 a      1192     1    20     2    17
  4.5574856998276472E+00 a      1193     1    20     2    18
 -7.4445136646405774E-01 a      1194     1    20     2    19
  2.1550060798366175E-01 a      1195     1    20     2    20
 -2.4679023943890597E+00 a      1196     1    20     2    21
  3.7976512778010574E+00 a      1197     1    20     2    22
  5.3163284042183943E+00 a      1198     1    20     2    23
  1.3160733526378170E+00 a      1199     1    20     2    24
 -7.8045246014867624E+00 a      1200     1    20     2    25
  5.6396300510470931E-01 a      1201     1    21     2     1
  5.7911733121637454E-01 a      1202     1    21     2     2
  2.0047121473451806E+00 a      1203     1    21     2     3
  2.3756588165918613E+00 a      1204     1    21     2     4
  1.1412170126570034E+00 a      1205     1    21     2     5
 -2.2238834421585918E+00 a      1206     1    21     2     6
 -2.4212505813447280E+00 a      1207     1    21     2     7
  1.8379983171310057E+00 a      1208     1    21     2     8
  3.5347182569406499E-02 a      1209     1    21     2     9
  4.1671492236104435E-01 a      1210     1    21     2    10
  1.1553155429696993E-01 a      1211     1    21     2    11
 -1.3470113903165959E+00 a      1212     1    21     2    12
 -5.3148896803245016E-01 a      1213     1    21     2    13
 -2.1730951463146142E+00 a      1214     1    21     2    14
 -1.3004067640921138E-01 a      1215     1    21     2    15
 -1.1260179776889323E+00 a      1216     1    21     2    16
  8.3318916281883282E-01 a      1217     1    21     2    17
  8.7695844444895987E-01 a      1218     1    21     2    18
  2.0468574325324771E+00 a      1219     1    21     2    19
 -1.7772190864359581E+00 a      1220     1    21     2    20
  1.6066670065659236E+00 a      1221     1    21     2    21
  2.9591114077827160E-02 a      1222     1    21     2    22
 -6.1017472300802245E-01 a      1223     1    21     2    23
 -1.3598907343240065E+00 a      1224     1    21     2    24
 -9.5549154788295443E-01 a      1225     1    21     2    25
  2.7084849887482711E+00 a      1226     1    22     2     1
  1.2673970764303961E+00 a      1227     1    22     2     2
 -6.8698694722014164E-01 a      1228     1    22     2     3
  2.1280247820378403E-01 a      1229     1    22     2     4
  9.3831850049155296E-01 a      1230     1    22     2     5
 -6.3583046124589893E-01 a      1231     1    22     2     6
  1.0066319581399421E+00 a      1232     1    22     2     7
  3.1052821114445561E-01 a      1233     1    22     2     8
  7.1157606967139142E-01 a      1234     1    22     2     9
 -2.9452144408636910E-01 a      1235     1    22     2    10
 -1.8828268724981867E-01 a      1236     1    22     2    11
 -4.2278384764914240E-01 a      1237     1    22     2    12
  1.3113652459672931E+00 a      1238     1    22     2    13
  2.6536928937207631E+00 a      1239     1    22     2    14
 -1.7862006391393875E-01 a      1240     1    22     2    15
 -3.4331755159634714E-01 a      1241     1    22     2    16
  1.6278864953712173E+00 a      1242     1    22     2    17
 -5.8866119133331585E-01 a      1243     1    22     2    18
 -1.1254980520594233E+00 a      1244     1    22     2    19
 -9.4893451547388552E-01 a      1245     1    22     2    20
  1.2734139697289113E+00 a      1246     1    22     2    21
  8.7894941375022151E-01 a      1247     1    22     2    22
  1.0608150893466075E+00 a      1248     1    22     2    23
 -9.6949514712454965E-01 a      1249     1    22     2    24
  2.9793041797105579E-02 a      1250     1    22     2    25
  3.2759989879076284E-01 a      1251     1    23     2     1
 -3.6433159602746584E-01 a      1252     1    23     2     2
  2.7265300183136070E+00 a      1253     1    23     2     3
  1.7081784244628797E+00 a      1254     1    23     2     4
  7.7809495385341232E-01 a      1255     1    23     2     5
  3.8538944969219862E+00 a      1256     1    23     2     6
 -7.8113544610550056E-01 a      1257     1    23     2     7
  4.4496725242037211E-01 a      1258     1    23     2     8
 -5.8024914985856779E-01 a      1259     1    23     2     9
 -9.4872162692953815E-02 a      1260     1    23     2    10
  5.2042866093995599E-01 a      1261     1    23     2    11
 -1.4790552450256189E+00 a      1262     1    23     2    12
 -1.3888706188260997E+00 a      1263     1    23     2    13
 -4.6054020537245792E+00 a      1264     1    23     2    14
  2.3712065900640125E-01 a      1265     1    23     2    15
 -1.4413299074888162E+00 a      1266     1    23     2    16
  1.6684093869996641E-01 a      1267     1    23     2    17
  4.8196322183237772E+00 a      1268     1    23     2    18
  1.0564315219718861E+00 a      1269     1    23     2    19
 -2.3236880485847573E+00 a      1270     1    23     2    20
  1.5513024618019520E+00 a      1271     1    23     2    21
  5.2882498478949092E-01 a      1272     1    23     2    22
 -7.0388668167647606E-01 a      1273     1    23     2    23
 -6.2754374900315291E-01 a      1274     1    23     2    24
  2.6527616553907115E-02 a      1275     1    23     2    25
  4.4218031700324162E-01 a      1276     1    24     2     1
 -1.2519864169278805E+00 a      1277     1    24     2     2
  1.9775231519731298E-01 a      1278     1    24     2     3
 -6.1034656233830831E-01 a      1279     1    24     2     4
  2.3991358905101526E-01 a      1280     1    24     2     5
  3.8087602817349953E-01 a      1281     1    24     2     6
 -7.7937999516075362E-01 a      1282     1    24     2     7
  5.0673459741208038E-01 a      1283     1    24     2     8
 -9.7829514967671893E-01 a      1284     1    24     2     9
 -2.4867106578718730E+00 a      1285     1    24     2    10
 -1.7325251639707842E-01 a      1286     1    24     2    11
 -8.6764495952268639E-01 a      1287     1    24     2    12
  1.1180888588901317E+00 a      1288     1    24     2    13
 -3.4632230915767530E+00 a      1289     1    24     2    14
 -1.4193281841875496E+00 a      1290     1    24     2    15
  7.4703236984893451E-01 a      1291     1    24     2    16
  1.4217418333856680E-01 a      1292     1    24     2    17
 -2.6727462764603662E+00 a      1293     1    24     2    18
 -1.2962183492780479E+00 a      1294     1    24     2    19
  6.0085232896469398E-01 a      1295     1    24     2    20
  3.0588743077498065E-01 a      1296     1    24     2    21
  3.2668526473541148E-01 a      1297     1    24     2    22
 -7.4164114182839158E-01 a      1298     1    24     2    23
  9.6125001772923879E-01 a      1299     1    24     2    24
  9.4679613123343942E-01 a      1300     1    24     2    25
  1.0364615412249225E+00 a      1301     1    25     2     1
  1.4733737079310832E-01 a      1302     1    25     2     2
  8.6690216797872777E-01 a      1303     1    25     2     3
  1.4738272862990742E+00 a      1304     1    25     2     4
  7.6451315686755002E-03 a      1305     1    25     2     5
 -1.0185199202437938E+00 a      1306     1    25     2     6
 -2.3855829487422436E-01 a      1307     1    25     2     7
 -7.7534129368133120E-01 a      1308     1    25     2     8
 -6.5478090948600876E-01 a      1309     1    25     2     9
 -1.3541004031288070E-01 a      1310     1    25     2    10
  1.0861652725845584E-02 a      1311     1    25     2    11
  1.9010740186969544E-01 a      1312     1    25     2    12
  5.0086058486819618E-01 a      1313     1    25     2    13
 -5.9353906223647690E-01 a      1314     1    25     2    14
 -4.5179984622844499E-01 a      1315     1    25     2    15
 -5.4546029351508030E-01 a      1316     1    25     2    16
  2.8878368814800892E-01 a      1317     1    25     2    17
 -2.5802052514412268E+00 a      1318     1    25     2    18
  2.4665996825542036E-01 a      1319     1    25     2    19
  1.2466650158087147E+00 a      1320     1    25     2    20
  1.0811430614990576E+00 a      1321     1    25     2    21
 -8.0810673813390033E-01 a      1322     1    25     2    22
  1.3787865773719660E-01 a      1323     1    25     2    23
  8.3954979442103939E-01 a      1324     1    25     2    24
 -6.8746789589746327E-01 a      1325     1    25     2    25
 -3.3093851246913388E+00 b      1326     2     1
  1.1195308694637609E+01 b      1327     2     2
 -2.2096914965922902E+00 b      1328     2     3
 -1.5439133992037422E+00 b      1329     2     4
 -5.3996668189421182E-01 b      1330     2     5
  1.3349918101194327E-01 b      1331     2     6
  9.5794984213715946E+00 b      1332     2     7
  1.4005578333243069E+00 b      1333     2     8
 -2.1418296968446473E+00 b      1334     2     9
  1.1520287945595877E+00 b      1335     2    10
 -1.9621919753232966E-01 b      1336     2    11
  4.5059091413972119E-01 b      1337     2    12
  2.1969965380429596E-01 b      1338     2    13
  5.1526131108119841E+00 b      1339     2    14
  1.8181057164227485E+00 b      1340     2    15
 -1.8269124187075718E+00 b      1341     2    16
  2.9603602196464751E-01 b      1342     2    17
  3.7216873025948272E+00 b      1343     2    18
 -1.4489134096280127E+00 b      1344     2    19
 -4.8922360572807797E+00 b      1345     2    20
  3.4059776153233718E+00 b      1346     2    21
  1.6347583102927514E+00 b      1347     2    22
 -3.2508858179644680E+00 b      1348     2    23
 -4.9067883559114973E+00 b      1349     2    24
  2.1203372936880682E+00 b      1350     2    25
  1.4172717524494987E+00 a      1351     2     1     3     1
 -2.7249155925032720E+00 a      1352     2     2     3     1
 -1.0123615240499959E+00 a      1353     2     3     3     1
 -1.1760631755260100E+00 a      1354     2     4     3     1
  1.4209851427954014E+00 a      1355     2     5     3     1
  1.1673278392921148E+01 a      1356     2     6     3     1
  4.4199459554587985E+00 a      1357     2     7     3     1
  1.5614288384602721E+00 a      1358     2     8     3     1
  1.4649527199412085E+00 a      1359     2     9     3     1
 -1.4465882332747697E+00 a      1360     2    10     3     1
 -7.0479415716282299E+00 a      1361     2    11     3     1
 -8.4383449354699014E-01 a      1362     2    12     3     1
  1.8326526965277317E+00 a      1363     2    13     3     1
  8.0899546281813672E-01 a      1364     2    14     3     1
 -8.7349500160955240E-01 a      1365     2    15     3     1
  1.2098134821504190E+00 a      1366     2    16     3     1
  1.2805778422771668E+00 a      1367     2    17     3     1
  1.6682007716786604E-01 a      1368     2    18     3     1
 -1.9652839053833899E+00 a      1369     2    19     3     1
 -9.9173052069145828E-01 a      1370     2    20     3     1
 -1.0099458320313930E+00 a      1371     2    21     3     1
  1.8049699194655913E+00 a      1372     2    22     3     1
 -5.3151883402205069E-01 a      1373     2    23     3     1
 -4.2525612996861106E+00 a      1374     2    24     3     1
  8.7710950976620272E-01 a      1375     2    25     3     1
  8.8305844623631007E+00 b      1376     3     1
