  1.9351226269965267E+01 a         1     0     1     1     1
 -1.2722920041663127E+01 a         2     0     1     1     2
  1.8813838546785398E+01 a         3     0     1     1     3
 -9.9072529306668233E+00 a         4     0     1     1     4
 -5.5556023731848088E+00 a         5     0     1     1     5
 -2.1743088125285023E+01 a         6     0     1     1     6
 -4.3957032868175592E+00 a         7     0     1     1     7
 -8.2232767559365261E+00 a         8     0     1     1     8
 -1.2795187410356007E+01 a         9     0     1     1     9
  2.0531488314474609E+00 a        10     0     1     1    10
  6.3085494555538100E+00 a        11     0     1     1    11
  1.7747439798699947E+01 a        12     0     1     1    12
  2.1199776341611990E+01 a        13     0     1     1    13
 -1.0401856120624991E+01 a        14     0     1     1    14
  9.9971799748773424E+00 a        15     0     1     1    15
 -2.2981289741856550E+01 a        16     0     1     1    16
  7.0151625370482193E+00 a        17     0     1     1    17
 -8.6196831813458108E-01 a        18     0     1     1    18
 -9.3326500524616787E+00 a        19     0     1     1    19
 -8.1509788482705705E+00 a        20     0     1     1    20
  7.3005587330714041E+00 a        21     0     1     1    21
 -4.1742761866309017E+01 a        22     0     1     1    22
  6.3119055653433236E+00 a        23     0     1     1    23
 -1.6614913440033543E+01 a        24     0     1     1    24
 -3.2884896166602369E+00 a        25     0     1     1    25
 -7.6177727329088425E+00 a        26     0     2     1     1
  1.1920467758124394E+01 a        27     0     2     1     2
 -3.3598504533881588E+01 a        28     0     2     1     3
 -8.1926601528230734E+00 a        29     0     2     1     4
  1.2256603662736959E+01 a        30     0     2     1     5
 -1.6321931116002037E+01 a        31     0     2     1     6
  1.7421642141491571E+01 a        32     0     2     1     7
 -1.0860184589306209E+01 a        33     0     2     1     8
  5.8915184166980739E+00 a        34     0     2     1     9
 -3.6902359288737836E+00 a        35     0     2     1    10
  1.0293089316663519E+01 a        36     0     2     1    11
  5.1948065930649427E+00 a        37     0     2     1    12
 -2.3980547137324820E+01 a        38     0     2     1    13
  4.8537847427560248E+00 a        39     0     2     1    14
 -4.0824468281972512E+00 a        40     0     2     1    15
  1.4337960569673069E-01 a        41     0     2     1    16
  5.1705212559047196E+00 a        42     0     2     1    17
 -8.3507047581814646E+00 a        43     0     2     1    18
  1.5268593084886666E+01 a        44     0     2     1    19
 -4.7845057788364738E+00 a        45     0     2     1    20
 -3.9081003736433416E+01 a        46     0     2     1    21
  1.2178782623555220E+01 a        47     0     2     1    22
 -4.6348557545214515E+00 a        48     0     2     1    23
  1.8782092073161540E+01 a        49     0     2     1    24
 -3.0324643349874933E+01 a        50     0     2     1    25
 -2.5263481169175048E+01 a        51     0     3     1     1
  1.5296199184011702E+01 a        52     0     3     1     2
 -8.3048108822854001E+00 a        53     0     3     1     3
  3.1895181615920581E+01 a        54     0     3     1     4
  4.9531683783374216E+00 a        55     0     3     1     5
  4.8099890815350491E+01 a        56     0     3     1     6
  3.2760616651428109E+00 a        57     0     3     1     7
  8.1560836750324803E+00 a        58     0     3     1     8
  2.2563239480693102E+01 a        59     0     3     1     9
 -8.3176870189901353E-01 a        60     0     3     1    10
  7.8695395544951348E+00 a        61     0     3     1    11
 -3.0987028245459388E+01 a        62     0     3     1    12
 -1.5237161056695047E+01 a        63     0     3     1    13
  1.7624501127050696E+01 a        64     0     3     1    14
 -2.0307057488913035E+01 a        65     0     3     1    15
  4.5335033626968816E+01 a        66     0     3     1    16
 -1.5097148905700879E+01 a        67     0     3     1    17
  2.6123127803852282E+00 a        68     0     3     1    18
 -2.7954510712387419E+00 a        69     0     3     1    19
  1.2941818848111847E+01 a        70     0     3     1    20
  8.4637256361573758E+00 a        71     0     3     1    21
  6.3632675864873356E+01 a        72     0     3     1    22
  2.7557914510539274E+00 a        73     0     3     1    23
  1.8438430082929759E+01 a        74     0     3     1    24
  1.0257113523616352E+01 a        75     0     3     1    25
  2.5022627547313276E+00 a        76     0     4     1     1
 -1.3276610504035800E+01 a        77     0     4     1     2
  3.2360119838511054E+01 a        78     0     4     1     3
  3.1168321411508422E+00 a        79     0     4     1     4
 -8.0323454911993615E+00 a        80     0     4     1     5
  3.9240295226661878E+01 a        81     0     4     1     6
 -1.8563529662539182E+01 a        82     0     4     1     7
  4.1781648649122360E+01 a        83     0     4     1     8
 -2.2013996851388324E+01 a        84     0     4     1     9
 -4.1837298817764657E+00 a        85     0     4     1    10
 -2.7776644027095081E+01 a        86     0     4     1    11
 -8.3796878411346913E+00 a        87     0     4     1    12
  2.6139457288061671E+01 a        88     0     4     1    13
 -1.2804828404414094E+01 a        89     0     4     1    14
  1.2008078097697277E+01 a        90     0     4     1    15
 -1.7460605605691142E+00 a        91     0     4     1    16
 -7.2426531081670769E+00 a        92     0     4     1    17
  1.3199340111356701E+01 a        93     0     4     1    18
  2.6050718593349992E-01 a        94     0     4     1    19
  1.6042723100039865E+01 a        95     0     4     1    20
  5.5117475322605408E+01 a        96     0     4     1    21
 -1.4791382144240202E+01 a        97     0     4     1    22
 -4.3097694400219781E+00 a        98     0     4     1    23
 -1.5070335844671108E+01 a        99     0     4     1    24
  3.4841993715856034E+01 a       100     0     4     1    25
  2.1559653287095610E+01 a       101     0     5     1     1
 -2.6777557879674352E+00 a       102     0     5     1     2
 -1.4886626725262174E+01 a       103     0     5     1     3
 -4.1126396653930691E+01 a       104     0     5     1     4
 -6.6880551623767595E+00 a       105     0     5     1     5
 -5.0700204657179867E+01 a       106     0     5     1     6
  2.1959065823059909E+00 a       107     0     5     1     7
 -1.0242554938384036E+01 a       108     0     5     1     8
 -1.7181550624267960E+01 a       109     0     5     1     9
  8.7422563838184058E+00 a       110     0     5     1    10
 -1.0909203758126438E+01 a       111     0     5     1    11
  2.8884878597808456E+01 a       112     0     5     1    12
 -1.9953310216750808E+00 a       113     0     5     1    13
 -5.3504190557315221E+00 a       114     0     5     1    14
  8.0893312581258456E+00 a       115     0     5     1    15
 -3.8539249318354614E+01 a       116     0     5     1    16
  8.2595122586040048E+00 a       117     0     5     1    17
 -5.3126605605162718E+00 a       118     0     5     1    18
  1.3937903182269233E+01 a       119     0     5     1    19
 -7.8744385626374127E+00 a       120     0     5     1    20
 -1.3327245019151110E+01 a       121     0     5     1    21
 -3.1780304098754037E+01 a       122     0     5     1    22
 -1.7231460393134643E+01 a       123     0     5     1    23
 -1.6524076785771207E+01 a       124     0     5     1    24
 -1.3506734678558743E+01 a       125     0     5     1    25
  4.2914669825285978E+00 a       126     0     6     1     1
 -6.4520365062819076E+00 a       127     0     6     1     2
  7.4322323351807498E+00 a       128     0     6     1     3
  3.2719832899115735E+00 a       129     0     6     1     4
 -8.5628487417632559E+00 a       130     0     6     1     5
 -3.4097827674870672E+01 a       131     0     6     1     6
 -3.4922403777659183E+00 a       132     0     6     1     7
 -5.8647369234785351E+01 a       133     0     6     1     8
  2.5627290954935507E+01 a       134     0     6     1     9
  1.9130716092677961E+01 a       135     0     6     1    10
 -1.8890452497360698E+01 a       136     0     6     1    11
  2.4468434724165999E+00 a       137     0     6     1    12
 -4.3618278574202627E+00 a       138     0     6     1    13
  5.9409368286216253E+00 a       139     0     6     1    14
 -4.6778875414595813E+00 a       140     0     6     1    15
  1.6673594866813410E+01 a       141     0     6     1    16
  1.5065995301124076E+01 a       142     0     6     1    17
 -3.8464836324806666E+00 a       143     0     6     1    18
 -1.9953812499662583E+01 a       144     0     6     1    19
 -1.8145013320694169E+01 a       145     0     6     1    20
 -3.2543595830200168E+01 a       146     0     6     1    21
  2.0826244826803215E+01 a       147     0     6     1    22
 -2.8316535461561236E+00 a       148     0     6     1    23
 -1.0821025145084262E+00 a       149     0     6     1    24
  1.3027915125565043E+01 a       150     0     6     1    25
 -1.3465340556844792E+01 a       151     0     7     1     1
 -2.2143400282011489E+00 a       152     0     7     1     2
  2.2787959563611857E+01 a       153     0     7     1     3
  3.3759548162300355E+01 a       154     0     7     1     4
  1.3647407757638252E+00 a       155     0     7     1     5
  3.5435581887935143E+01 a       156     0     7     1     6
 -3.7131888417435781E+00 a       157     0     7     1     7
  1.5793377709930521E+01 a       158     0     7     1     8
  1.5072629151310489E+01 a       159     0     7     1     9
 -1.1591150180674866E+01 a       160     0     7     1    10
 -1.3372363075140564E+01 a       161     0     7     1    11
 -1.4572412490606034E+01 a       162     0     7     1    12
  1.1144968529407764E+00 a       163     0     7     1    13
 -5.6809224977093011E+00 a       164     0     7     1    14
 -7.5856917611393158E+00 a       165     0     7     1    15
  2.6318423835164111E+01 a       166     0     7     1    16
 -4.6905120601692607E+00 a       167     0     7     1    17
 -3.4539695732778344E+00 a       168     0     7     1    18
 -1.0775083149526154E+01 a       169     0     7     1    19
 -2.5109916723574668E+00 a       170     0     7     1    20
  7.5534626861468572E+00 a       171     0     7     1    21
 -1.0225365576442980E+00 a       172     0     7     1    22
  8.1861044428716863E+00 a       173     0     7     1    23
  1.8865040769649713E+01 a       174     0     7     1    24
  6.1399183450946477E+00 a       175     0     7     1    25
  2.6121517799061813E+00 a       176     0     8     1     1
  6.6056287960227777E+00 a       177     0     8     1     2
 -2.7046507983188985E+01 a       178     0     8     1     3
 -1.7149065086955492E+01 a       179     0     8     1     4
 -1.6389452043725171E+01 a       180     0     8     1     5
  6.3079560469739144E+00 a       181     0     8     1     6
 -1.1193480131594274E+01 a       182     0     8     1     7
  1.9132717091550166E+01 a       183     0     8     1     8
  5.7318249803536013E+01 a       184     0     8     1     9
 -1.3478003098546013E+01 a       185     0     8     1    10
  3.1780623099116571E+01 a       186     0     8     1    11
  1.5552240214129153E+01 a       187     0     8     1    12
  5.2206269422687104E+00 a       188     0     8     1    13
 -8.2872750278076470E+00 a       189     0     8     1    14
  4.7354600134092459E+00 a       190     0     8     1    15
 -6.7557661023884004E+00 a       191     0     8     1    16
 -4.8225199207684444E+00 a       192     0     8     1    17
  3.2917166884477140E+01 a       193     0     8     1    18
 -1.3085980875916064E+01 a       194     0     8     1    19
  1.0113712181232895E+01 a       195     0     8     1    20
  4.8674037422497367E+00 a       196     0     8     1    21
  5.8842361325738368E-01 a       197     0     8     1    22
 -1.9730883494236465E+01 a       198     0     8     1    23
 -2.2991819205197899E+01 a       199     0     8     1    24
 -1.7100969837723419E+01 a       200     0     8     1    25
  4.6856605344922713E+00 a       201     0     9     1     1
  1.5623458100494853E-01 a       202     0     9     1     2
 -1.3106928822935144E+01 a       203     0     9     1     3
 -1.6847833373670994E+01 a       204     0     9     1     4
  1.6123561044421555E+00 a       205     0     9     1     5
 -8.6145091428076732E+00 a       206     0     9     1     6
  7.4427606417061902E+00 a       207     0     9     1     7
 -6.5238680809259453E+00 a       208     0     9     1     8
 -2.9298805651279847E+00 a       209     0     9     1     9
  1.1942533022625230E+00 a       210     0     9     1    10
  1.2668002898654838E+00 a       211     0     9     1    11
  2.1660338293051096E+00 a       212     0     9     1    12
 -2.1460302474252457E+00 a       213     0     9     1    13
  2.3921396560127430E+00 a       214     0     9     1    14
  1.3882358971856416E+01 a       215     0     9     1    15
 -1.1220933076343405E+01 a       216     0     9     1    16
  2.7889645470666236E+00 a       217     0     9     1    17
  1.8810074992519428E+00 a       218     0     9     1    18
  4.4745098550528937E+00 a       219     0     9     1    19
  1.9198894468884378E+00 a       220     0     9     1    20
  1.5511637076889369E+00 a       221     0     9     1    21
  8.6863046069364824E-01 a       222     0     9     1    22
  1.0678850865344418E+00 a       223     0     9     1    23
 -5.0953449248534888E+00 a       224     0     9     1    24
 -1.6790750319980102E+01 a       225     0     9     1    25
 -8.4598964287173306E+00 a       226     0    10     1     1
  1.4431079439196951E+01 a       227     0    10     1     2
 -8.8402113701784177E+00 a       228     0    10     1     3
  7.0067941860245124E+00 a       229     0    10     1     4
  3.1306641956509964E+01 a       230     0    10     1     5
  1.0627227284776067E+01 a       231     0    10     1     6
  2.6112023645321429E+01 a       232     0    10     1     7
  1.4745053158429783E+01 a       233     0    10     1     8
 -4.3710572324240125E+01 a       234     0    10     1     9
 -1.1256945861466374E+01 a       235     0    10     1    10
  3.2392492961019124E+00 a       236     0    10     1    11
 -9.1129343446610278E+00 a       237     0    10     1    12
 -1.0048845685990555E+01 a       238     0    10     1    13
  5.9932982315690815E+00 a       239     0    10     1    14
  4.3538824882889173E+00 a       240     0    10     1    15
 -1.3530292927518634E+01 a       241     0    10     1    16
 -4.6752128961378485E+00 a       242     0    10     1    17
 -1.8671763070841660E+01 a       243     0    10     1    18
  2.1564242133344511E+01 a       244     0    10     1    19
  5.5469116405390277E+00 a       245     0    10     1    20
 -3.2003312766256258E+00 a       246     0    10     1    21
 -1.2556477730085467E+01 a       247     0    10     1    22
  3.7060820462244173E+01 a       248     0    10     1    23
  1.3485923807533515E+01 a       249     0    10     1    24
 -1.7713591318270076E+01 a       250     0    10     1    25
  1.2653893721185878E+00 a       251     0    11     1     1
 -4.4051827339519107E+00 a       252     0    11     1     2
  9.6791169365747916E+00 a       253     0    11     1     3
  6.5129594428454478E+00 a       254     0    11     1     4
 -3.0600811062529507E+00 a       255     0    11     1     5
  2.5950888940805199E+00 a       256     0    11     1     6
 -4.7817772213645924E+00 a       257     0    11     1     7
  2.8996865768402755E+00 a       258     0    11     1     8
  1.3529812528766834E+00 a       259     0    11     1     9
  1.8536945760068468E+00 a       260     0    11     1    10
  1.0599897905455553E+00 a       261     0    11     1    11
 -2.4814256994575148E+00 a       262     0    11     1    12
  2.8552545740731472E+00 a       263     0    11     1    13
 -2.5160491334819870E+00 a       264     0    11     1    14
 -9.7613279232803567E+00 a       265     0    11     1    15
  3.8919741114341684E+00 a       266     0    11     1    16
 -3.9532249032654600E-02 a       267     0    11     1    17
 -1.1419607313707532E+00 a       268     0    11     1    18
 -2.4363615240295711E+00 a       269     0    11     1    19
 -2.3919087669339287E+00 a       270     0    11     1    20
 -1.9223824190511631E+00 a       271     0    11     1    21
  2.9233028925574356E-01 a       272     0    11     1    22
  2.6724362703832254E+00 a       273     0    11     1    23
 -2.3715641619530770E+00 a       274     0    11     1    24
  3.5304393411383805E+00 a       275     0    11     1    25
  7.2354392783179939E+00 a       276     0    12     1     1
 -1.6562807082170050E+01 a       277     0    12     1     2
  1.6687116406050340E+01 a       278     0    12     1     3
  2.1953937976059583E+00 a       279     0    12     1     4
 -1.6581532069953784E+01 a       280     0    12     1     5
 -4.7419104110586012E+00 a       281     0    12     1     6
 -1.4845415371078847E+01 a       282     0    12     1     7
 -6.1212007098052341E+00 a       283     0    12     1     8
  4.5938705413736187E+00 a       284     0    12     1     9
  1.2207773202707452E+01 a       285     0    12     1    10
  3.9137130336803350E+00 a       286     0    12     1    11
 -1.5831586662784860E+00 a       287     0    12     1    12
  8.2401046647392366E+00 a       288     0    12     1    13
  6.9547519384255949E+00 a       289     0    12     1    14
 -6.1379616130264401E+00 a       290     0    12     1    15
  8.1792080168192207E+00 a       291     0    12     1    16
 -4.9931778927344803E+00 a       292     0    12     1    17
  5.6718663190034704E+00 a       293     0    12     1    18
 -4.7303843184672241E+00 a       294     0    12     1    19
 -2.5077628778593217E+00 a       295     0    12     1    20
  1.0173438301720847E+01 a       296     0    12     1    21
  1.1489558094492390E+01 a       297     0    12     1    22
 -2.8368629709218148E+01 a       298     0    12     1    23
  4.0588597733984564E+00 a       299     0    12     1    24
  2.2003046983049021E+01 a       300     0    12     1    25
  9.5611079619547124E-01 a       301     0    13     1     1
  8.9789405711423453E-01 a       302     0    13     1     2
 -3.9968968776251663E+00 a       303     0    13     1     3
 -5.8599132620300631E+00 a       304     0    13     1     4
  1.2394018777108412E-01 a       305     0    13     1     5
 -1.8931230678292410E+00 a       306     0    13     1     6
  3.0392367714237141E+00 a       307     0    13     1     7
 -1.0152137142357562E+00 a       308     0    13     1     8
 -1.8691839748206864E+00 a       309     0    13     1     9
 -7.8375888706547103E-01 a       310     0    13     1    10
  2.5368976406833883E+00 a       311     0    13     1    11
  2.8970409299419302E+00 a       312     0    13     1    12
 -3.5662601728628562E-01 a       313     0    13     1    13
  1.0417120228499091E-01 a       314     0    13     1    14
  5.7353781443158942E+00 a       315     0    13     1    15
 -2.1203383177997126E+00 a       316     0    13     1    16
 -1.1948342870153568E+00 a       317     0    13     1    17
  5.7669523804527645E-01 a       318     0    13     1    18
  1.3357715803210721E+00 a       319     0    13     1    19
  1.5710895495150641E+00 a       320     0    13     1    20
  1.0796300412590025E+00 a       321     0    13     1    21
  1.3317060088875203E+00 a       322     0    13     1    22
 -1.4474310880724639E+00 a       323     0    13     1    23
  3.0200480163391696E+00 a       324     0    13     1    24
 -2.5698605775022303E+00 a       325     0    13     1    25
 -8.7929200897075201E+00 a       326     0    14     1     1
  7.9554583482494570E+00 a       327     0    14     1     2
  3.3216276701429921E+00 a       328     0    14     1     3
  3.3735455229141653E+00 a       329     0    14     1     4
  1.0706672978708937E+01 a       330     0    14     1     5
  3.9071720772858840E+00 a       331     0    14     1     6
  5.9206341403101481E+00 a       332     0    14     1     7
  2.1430580964589394E+00 a       333     0    14     1     8
 -1.3194208169594736E+01 a       334     0    14     1     9
 -2.6510823660115630E+00 a       335     0    14     1    10
  1.5409151981402827E+01 a       336     0    14     1    11
 -2.8169158233751230E+00 a       337     0    14     1    12
 -7.1452824851093242E+00 a       338     0    14     1    13
 -7.7769418645201871E-01 a       339     0    14     1    14
 -2.5017167941665126E+00 a       340     0    14     1    15
 -5.6211772709776664E+00 a       341     0    14     1    16
  1.0921148288548495E+00 a       342     0    14     1    17
 -6.7380605863089214E+00 a       343     0    14     1    18
  1.1699017249482369E+00 a       344     0    14     1    19
 -1.6015091988015462E+00 a       345     0    14     1    20
 -6.5137280682865963E+00 a       346     0    14     1    21
 -7.8733824723056314E+00 a       347     0    14     1    22
  2.0019298152944202E+01 a       348     0    14     1    23
 -1.5710384579889539E-01 a       349     0    14     1    24
 -6.4710327697601580E+00 a       350     0    14     1    25
  2.6998519750004185E-01 a       351     0    15     1     1
 -2.4014426917184045E-01 a       352     0    15     1     2
  7.7457637985941064E-01 a       353     0    15     1     3
  2.5617083314003608E+00 a       354     0    15     1     4
 -6.3260405842873935E-01 a       355     0    15     1     5
 -7.1396182789133777E-01 a       356     0    15     1     6
 -2.9086773298661925E+00 a       357     0    15     1     7
  1.3388843920086477E+00 a       358     0    15     1     8
 -1.2978006834623599E+00 a       359     0    15     1     9
  1.7988210729105851E+00 a       360     0    15     1    10
  8.3949124136709449E-02 a       361     0    15     1    11
 -1.7608774741527400E+00 a       362     0    15     1    12
  4.6170697688012186E-01 a       363     0    15     1    13
  9.1638363092918029E-01 a       364     0    15     1    14
 -1.1443771904588629E+00 a       365     0    15     1    15
  4.7104479720831184E-02 a       366     0    15     1    16
  2.0721991310240995E+00 a       367     0    15     1    17
  3.6440792538363787E-01 a       368     0    15     1    18
  1.3641718667237010E-01 a       369     0    15     1    19
 -5.7694861621828919E-01 a       370     0    15     1    20
 -8.7634896157206732E-01 a       371     0    15     1    21
 -1.1913526079494468E+00 a       372     0    15     1    22
  1.6236237878718425E+00 a       373     0    15     1    23
 -2.5531486875918707E+00 a       374     0    15     1    24
 -6.8475311369112307E-02 a       375     0    15     1    25
 -7.9918242445622489E-01 a       376     0    16     1     1
 -2.0277305178683456E+00 a       377     0    16     1     2
  1.8856718153012855E+00 a       378     0    16     1     3
  4.2131165611930701E+00 a       379     0    16     1     4
  1.5713252026233118E+00 a       380     0    16     1     5
 -1.8977698439721240E+00 a       381     0    16     1     6
  1.5183475997788527E+00 a       382     0    16     1     7
 -1.3267077983116096E+00 a       383     0    16     1     8
 -4.7693152390107452E+00 a       384     0    16     1     9
  1.7467916785409818E+00 a       385     0    16     1    10
 -1.5809725280448900E+01 a       386     0    16     1    11
  1.8260264701257764E-01 a       387     0    16     1    12
  3.0651157117436122E-02 a       388     0    16     1    13
  2.5225827169398194E+00 a       389     0    16     1    14
 -4.3319806325576566E+00 a       390     0    16     1    15
 -1.4289257873072833E-01 a       391     0    16     1    16
 -4.0593750946585905E+00 a       392     0    16     1    17
 -1.3791758768005387E+00 a       393     0    16     1    18
  2.5513155633058053E+00 a       394     0    16     1    19
 -1.1745596935004083E+00 a       395     0    16     1    20
  5.5969594354769345E+00 a       396     0    16     1    21
 -4.5155753551177114E-01 a       397     0    16     1    22
 -5.8355553592277842E-01 a       398     0    16     1    23
  6.2219329153767964E+00 a       399     0    16     1    24
  8.3610794966113549E+00 a       400     0    16     1    25
  3.4133982045776472E+00 a       401     0    17     1     1
  1.3226361325917597E+00 a       402     0    17     1     2
 -1.6994461217642709E+00 a       403     0    17     1     3
 -2.8689860455487106E+00 a       404     0    17     1     4
 -1.0712814376702685E-01 a       405     0    17     1     5
 -4.2052480877038689E-01 a       406     0    17     1     6
 -3.6788796950307083E+00 a       407     0    17     1     7
  2.5499554738477395E+00 a       408     0    17     1     8
 -9.6934545795546345E+00 a       409     0    17     1     9
  4.2897382576814893E+00 a       410     0    17     1    10
  5.7141751161319254E+00 a       411     0    17     1    11
 -6.7237100085769289E-02 a       412     0    17     1    12
 -3.5825214690258685E-02 a       413     0    17     1    13
  6.4442865408864805E+00 a       414     0    17     1    14
 -6.8962474907220201E+00 a       415     0    17     1    15
 -8.5108849148976928E-01 a       416     0    17     1    16
  9.4765104613944846E+00 a       417     0    17     1    17
 -4.9461831742116038E+00 a       418     0    17     1    18
  3.5994818522540095E-01 a       419     0    17     1    19
 -3.0319591307438962E+00 a       420     0    17     1    20
 -4.7156615655813807E+00 a       421     0    17     1    21
 -8.8981092344322299E+00 a       422     0    17     1    22
 -2.9420905619951689E+00 a       423     0    17     1    23
 -8.2412663584060635E+00 a       424     0    17     1    24
  1.7199534545146378E+00 a       425     0    17     1    25
 -7.9740658730565506E-01 a       426     0    18     1     1
  7.6399910385392053E-02 a       427     0    18     1     2
 -1.7596854167268725E+00 a       428     0    18     1     3
  1.5082962516181544E+00 a       429     0    18     1     4
  2.6261254646655607E+00 a       430     0    18     1     5
 -2.0698694611759834E+00 a       431     0    18     1     6
  3.1352390267625112E+00 a       432     0    18     1     7
 -6.2137736558521164E+00 a       433     0    18     1     8
  2.9286847784780674E+00 a       434     0    18     1     9
 -3.5613236852424253E+00 a       435     0    18     1    10
  3.9756723280874077E+01 a       436     0    18     1    11
 -2.1918240512604190E+00 a       437     0    18     1    12
 -3.4426638651848838E+00 a       438     0    18     1    13
  2.8737124628944892E+00 a       439     0    18     1    14
 -1.6707581491515270E+01 a       440     0    18     1    15
  2.3896812436779782E-01 a       441     0    18     1    16
 -4.3959776325565780E+00 a       442     0    18     1    17
  3.1409122452220601E+00 a       443     0    18     1    18
 -3.8613639035257266E+00 a       444     0    18     1    19
  4.0537581411460808E+00 a       445     0    18     1    20
 -7.0835181539165382E-01 a       446     0    18     1    21
  1.0901206053948588E+01 a       447     0    18     1    22
 -8.3299961416521064E+00 a       448     0    18     1    23
  4.1045460494937286E-01 a       449     0    18     1    24
  1.4203441784844760E+01 a       450     0    18     1    25
 -1.0271818572264735E+01 a       451     0    19     1     1
 -1.9518923222958160E+00 a       452     0    19     1     2
 -9.9200548724344504E+00 a       453     0    19     1     3
  8.8595661779095423E+00 a       454     0    19     1     4
 -1.3793764286363881E+01 a       455     0    19     1     5
 -1.2323151290978796E+01 a       456     0    19     1     6
 -1.7882957177030363E+01 a       457     0    19     1     7
  9.6040219821786899E+00 a       458     0    19     1     8
  1.9678768738747362E+01 a       459     0    19     1     9
 -1.2734152267742787E+00 a       460     0    19     1    10
  4.3811002286517855E+01 a       461     0    19     1    11
 -1.2813563065994757E+01 a       462     0    19     1    12
 -1.8307025787133735E+00 a       463     0    19     1    13
 -6.1836890255521393E+00 a       464     0    19     1    14
  8.1761731093970155E-02 a       465     0    19     1    15
 -2.5004391036257436E+00 a       466     0    19     1    16
 -2.6602865341411356E+01 a       467     0    19     1    17
  1.2126475522557252E+01 a       468     0    19     1    18
 -8.9210045888020311E+00 a       469     0    19     1    19
 -5.4171654093960200E+00 a       470     0    19     1    20
 -1.0933491850209679E+01 a       471     0    19     1    21
 -6.1808386795766399E+00 a       472     0    19     1    22
 -9.1505015055077965E-01 a       473     0    19     1    23
  2.3727409979921983E+01 a       474     0    19     1    24
 -8.6056841687726919E+00 a       475     0    19     1    25
  1.5197931211830268E+01 a       476     0    20     1     1
 -9.5343176084153003E-01 a       477     0    20     1     2
  9.0272880847104844E+00 a       478     0    20     1     3
 -6.3607161644070382E+00 a       479     0    20     1     4
 -4.9803859969286457E-01 a       480     0    20     1     5
  2.3030295237713858E+00 a       481     0    20     1     6
  1.6598115970149898E+01 a       482     0    20     1     7
 -1.5818413926583853E+01 a       483     0    20     1     8
 -1.1360048048299641E+01 a       484     0    20     1     9
  5.5040473994292265E+00 a       485     0    20     1    10
  1.2213876448799283E+01 a       486     0    20     1    11
  9.7607459180452949E+00 a       487     0    20     1    12
  3.5332322322770708E+00 a       488     0    20     1    13
  2.7731387494306365E+00 a       489     0    20     1    14
  1.2480002814707509E+01 a       490     0    20     1    15
 -8.2963865212321988E+00 a       491     0    20     1    16
  6.5474600489721455E+00 a       492     0    20     1    17
 -6.3097979748491060E+00 a       493     0    20     1    18
  9.8766030479561340E-01 a       494     0    20     1    19
  1.3401776361692677E+00 a       495     0    20     1    20
  1.2170899733569961E+01 a       496     0    20     1    21
  2.1927589731052843E+00 a       497     0    20     1    22
 -1.2710618751625095E+01 a       498     0    20     1    23
 -1.0258961836440033E+01 a       499     0    20     1    24
  9.9171259376922976E+00 a       500     0    20     1    25
 -6.3423324672317438E-01 a       501     0    21     1     1
  5.3665688391720590E-01 a       502     0    21     1     2
  2.2129409446656589E-01 a       503     0    21     1     3
  3.6191806254337093E+00 a       504     0    21     1     4
  1.6711274288255478E+00 a       505     0    21     1     5
  5.9471404477962964E-01 a       506     0    21     1     6
  1.0213879932840004E+00 a       507     0    21     1     7
 -1.9588006866531975E+00 a       508     0    21     1     8
  5.0094103880640581E+00 a       509     0    21     1     9
 -4.3815885154911642E+00 a       510     0    21     1    10
 -7.0663749188528309E+00 a       511     0    21     1    11
  2.6266021335466411E-01 a       512     0    21     1    12
 -6.9826689806219855E-01 a       513     0    21     1    13
 -8.5658410516116312E-01 a       514     0    21     1    14
 -9.1781408028360207E+00 a       515     0    21     1    15
 -2.4601697035603659E-01 a       516     0    21     1    16
 -3.9964609767878363E+00 a       517     0    21     1    17
  1.5889425689042203E+00 a       518     0    21     1    18
 -2.3316959995951536E+00 a       519     0    21     1    19
  1.3282040881965249E+00 a       520     0    21     1    20
  2.5817845260197543E+00 a       521     0    21     1    21
  2.9284532770713665E+00 a       522     0    21     1    22
 -9.9076452856098018E-01 a       523     0    21     1    23
  1.4595000072442527E-01 a       524     0    21     1    24
  5.9246145231761123E+00 a       525     0    21     1    25
 -3.7365499480530090E-01 a       526     0    22     1     1
  2.2285907197547221E+00 a       527     0    22     1     2
 -4.9236995083442805E+00 a       528     0    22     1     3
 -1.5384655660641340E+00 a       529     0    22     1     4
  5.4742359753013465E+00 a       530     0    22     1     5
  1.0932720036069318E+01 a       531     0    22     1     6
 -6.2555182939001286E-01 a       532     0    22     1     7
  3.0244575533921760E+00 a       533     0    22     1     8
 -3.7354024264462842E+00 a       534     0    22     1     9
 -2.4568238293754354E+00 a       535     0    22     1    10
 -2.8467498482589328E+01 a       536     0    22     1    11
 -9.9653444815844470E+00 a       537     0    22     1    12
 -1.9154841995895959E+00 a       538     0    22     1    13
  1.0413856374635063E+01 a       539     0    22     1    14
  2.0557910741654073E+00 a       540     0    22     1    15
  7.6036153169136504E+00 a       541     0    22     1    16
  7.1159744574434667E+00 a       542     0    22     1    17
 -4.2492021445443822E+00 a       543     0    22     1    18
  9.0527278776020648E+00 a       544     0    22     1    19
  2.7539665080007638E+00 a       545     0    22     1    20
  2.8689226474488050E-01 a       546     0    22     1    21
  6.0523560951883422E+00 a       547     0    22     1    22
 -1.3709219250219821E+01 a       548     0    22     1    23
 -3.4425704153705801E+00 a       549     0    22     1    24
  4.6445467289629647E+00 a       550     0    22     1    25
  4.8463704227150721E+00 a       551     0    23     1     1
 -2.3182233860058172E+00 a       552     0    23     1     2
 -3.7837134474491956E+00 a       553     0    23     1     3
 -1.1483300401247878E+00 a       554     0    23     1     4
  3.8754328240465932E+00 a       555     0    23     1     5
 -5.7604806351063083E+00 a       556     0    23     1     6
 -3.5352203276488439E+00 a       557     0    23     1     7
 -1.5039118638223734E+00 a       558     0    23     1     8
 -1.5468683286985884E+01 a       559     0    23     1     9
  9.3166629422762934E+00 a       560     0    23     1    10
  1.1699427467605306E+01 a       561     0    23     1    11
 -1.4372419721784200E+00 a       562     0    23     1    12
  1.2308019857725458E+01 a       563     0    23     1    13
  5.7112262911786731E+00 a       564     0    23     1    14
 -1.4023657323633987E+00 a       565     0    23     1    15
  8.6164587778150885E+00 a       566     0    23     1    16
 -7.0197719940964269E+00 a       567     0    23     1    17
  8.7945674401016536E+00 a       568     0    23     1    18
  9.8369680153571348E+00 a       569     0    23     1    19
  5.5421065990877532E+00 a       570     0    23     1    20
 -6.5524124748173431E+00 a       571     0    23     1    21
  9.9912831917297513E+00 a       572     0    23     1    22
 -1.3654932078989152E+01 a       573     0    23     1    23
 -5.5418742138158033E+00 a       574     0    23     1    24
  2.5156382374695326E+01 a       575     0    23     1    25
  1.7417309553864524E+00 a       576     0    24     1     1
 -1.5158289538774991E-01 a       577     0    24     1     2
  3.4939803315800835E+00 a       578     0    24     1     3
 -6.0462848196130645E+00 a       579     0    24     1     4
 -1.5752249603518154E+01 a       580     0    24     1     5
 -3.4057572436044055E+00 a       581     0    24     1     6
 -1.8233871744122696E+00 a       582     0    24     1     7
  1.3088812335740453E+01 a       583     0    24     1     8
 -3.3919639857600753E-01 a       584     0    24     1     9
 -9.3747358436546442E+00 a       585     0    24     1    10
  8.5790590487275935E+00 a       586     0    24     1    11
 -9.1702184011302741E+00 a       587     0    24     1    12
  9.3019577605569237E-01 a       588     0    24     1    13
 -1.6681423497561187E+01 a       589     0    24     1    14
  2.7677564748965732E+01 a       590     0    24     1    15
 -3.1318431242800415E-01 a       591     0    24     1    16
  2.2090155403262454E+01 a       592     0    24     1    17
 -1.1390276735844173E+01 a       593     0    24     1    18
 -6.9057752845332301E+00 a       594     0    24     1    19
  3.3152002570064310E-01 a       595     0    24     1    20
 -2.4296754287339026E+00 a       596     0    24     1    21
  1.2261975941912988E+01 a       597     0    24     1    22
  3.3609980876496188E+01 a       598     0    24     1    23
  5.4226831359394554E+00 a       599     0    24     1    24
 -1.6558495431242985E+01 a       600     0    24     1    25
  1.3261401358511913E+01 a       601     0    25     1     1
  6.5100664597535154E+00 a       602     0    25     1     2
 -1.0441943073045639E+01 a       603     0    25     1     3
  1.3314014179813151E+01 a       604     0    25     1     4
  8.4469798812091703E+00 a       605     0    25     1     5
  2.1042320632119251E+00 a       606     0    25     1     6
  3.4647875769069834E+00 a       607     0    25     1     7
 -1.9332368198323696E+01 a       608     0    25     1     8
 -6.5195445483376524E-01 a       609     0    25     1     9
  1.0803655981237370E+01 a       610     0    25     1    10
 -2.8705592972813111E+01 a       611     0    25     1    11
  4.0893779608232022E+00 a       612     0    25     1    12
 -1.0094950591866461E+01 a       613     0    25     1    13
  6.1004007456821441E+00 a       614     0    25     1    14
  1.4283854306579141E+01 a       615     0    25     1    15
 -7.0733375093923696E+00 a       616     0    25     1    16
 -2.7664423474550418E+01 a       617     0    25     1    17
 -5.0885948019348213E+00 a       618     0    25     1    18
  6.3775204229653788E+00 a       619     0    25     1    19
 -4.5938466647156142E+00 a       620     0    25     1    20
  9.6658913834454978E+00 a       621     0    25     1    21
 -3.3968621072547900E+00 a       622     0    25     1    22
 -3.7239267279698915E+01 a       623     0    25     1    23
  4.6410409192607807E+00 a       624     0    25     1    24
 -5.5703374733110724E+00 a       625     0    25     1    25
 -9.4525364714595046E+00 a       626     0    26     1     1
 -1.6514246850849499E+00 a       627     0    26     1     2
  1.5321233237864707E+01 a       628     0    26     1     3
 -1.4457955700318381E+00 a       629     0    26     1     4
  3.2727712995282952E+00 a       630     0    26     1     5
 -1.8614768888477933E+01 a       631     0    26     1     6
 -2.8327853081141869E+00 a       632     0    26     1     7
 -1.0548470064370150E+01 a       633     0    26     1     8
  3.8072723065189589E+00 a       634     0    26     1     9
  1.2078962796914787E+00 a       635     0    26     1    10
  3.9126184027269389E+01 a       636     0    26     1    11
  8.4319401260239317E+00 a       637     0    26     1    12
 -6.9323767569782220E+00 a       638     0    26     1    13
 -7.8057814227305222E+00 a       639     0    26     1    14
 -5.3829944269879215E+00 a       640     0    26     1    15
 -1.4639277398165111E+01 a       641     0    26     1    16
  4.2779142744545471E+00 a       642     0    26     1    17
  5.9475581083904396E+00 a       643     0    26     1    18
 -1.3310673510452578E+01 a       644     0    26     1    19
 -6.0590900494405435E+00 a       645     0    26     1    20
  5.1892489147893732E+00 a       646     0    26     1    21
 -1.7776415383359476E+00 a       647     0    26     1    22
  2.7795475087382854E+01 a       648     0    26     1    23
 -7.1919049513949025E+00 a       649     0    26     1    24
 -1.7261051421224543E+00 a       650     0    26     1    25
  1.4641145887265141E+01 a       651     0    27     1     1
 -6.1747256487496500E+00 a       652     0    27     1     2
  4.9936211712687267E-01 a       653     0    27     1     3
 -1.5809465794272207E+01 a       654     0    27     1     4
  8.1994052781367763E+00 a       655     0    27     1     5
  1.4143427047365844E+01 a       656     0    27     1     6
  1.2435692978577704E+01 a       657     0    27     1     7
 -8.5498693561232653E+00 a       658     0    27     1     8
 -3.7103551713565579E+01 a       659     0    27     1     9
  2.8808574274092256E+00 a       660     0    27     1    10
 -6.9174497997629601E+01 a       661     0    27     1    11
  2.4874297710164718E+01 a       662     0    27     1    12
  1.9535555456636459E+01 a       663     0    27     1    13
  2.0525844631681442E+00 a       664     0    27     1    14
  8.7622195176777993E+00 a       665     0    27     1    15
  2.7704129184736095E+00 a       666     0    27     1    16
  1.6365773647260550E+01 a       667     0    27     1    17
 -1.8408182541365139E+01 a       668     0    27     1    18
  1.3941601597374818E+01 a       669     0    27     1    19
  1.0285225030134065E+01 a       670     0    27     1    20
 -6.2045150376052949E-01 a       671     0    27     1    21
 -1.8144848237415776E+01 a       672     0    27     1    22
 -1.8902482554689886E+01 a       673     0    27     1    23
 -9.9047058470414040E+00 a       674     0    27     1    24
 -2.2707616221174455E+01 a       675     0    27     1    25
 -2.5152160858423670E+01 a       676     0    28     1     1
 -4.8125461466918757E+00 a       677     0    28     1     2
 -2.5897554821463813E+00 a       678     0    28     1     3
  2.3833671494189397E+00 a       679     0    28     1     4
 -1.6295506104357167E+00 a       680     0    28     1     5
 -1.4763731548910666E+00 a       681     0    28     1     6
 -1.3344661726511525E+01 a       682     0    28     1     7
  3.0824732139638773E+01 a       683     0    28     1     8
  2.0957421276141986E+01 a       684     0    28     1     9
 -8.5591955394111814E+00 a       685     0    28     1    10
  2.6682190186114983E+01 a       686     0    28     1    11
 -1.1104668368071202E+01 a       687     0    28     1    12
 -5.5151645048146070E-01 a       688     0    28     1    13
 -3.3125708774802929E+00 a       689     0    28     1    14
 -2.0782215084786777E+01 a       690     0    28     1    15
  1.6943186013073614E+01 a       691     0    28     1    16
  1.3278070286574501E+01 a       692     0    28     1    17
  1.7470413911576898E+01 a       693     0    28     1    18
 -1.2919812554018391E+00 a       694     0    28     1    19
 -6.2089850047158972E+00 a       695     0    28     1    20
 -6.6800119437602481E+00 a       696     0    28     1    21
 -1.7964086305115414E+00 a       697     0    28     1    22
  3.0168991164898749E+01 a       698     0    28     1    23
  3.2983477887327717E+00 a       699     0    28     1    24
 -5.3108794698944051E+00 a       700     0    28     1    25
 -5.4664955882527906E+00 a       701     0    29     1     1
  5.6428331446458255E+00 a       702     0    29     1     2
 -4.8707193472138099E+00 a       703     0    29     1     3
  3.4921646288044372E-01 a       704     0    29     1     4
  1.1938297617107438E+00 a       705     0    29     1     5
  2.9411229261278717E+00 a       706     0    29     1     6
  1.7156410011032286E+00 a       707     0    29     1     7
 -2.8784469425330337E+00 a       708     0    29     1     8
  7.4387198326873474E+00 a       709     0    29     1     9
 -1.4870481377205240E+00 a       710     0    29     1    10
 -8.5499495084818360E+00 a       711     0    29     1    11
  5.0547890498205428E-01 a       712     0    29     1    12
 -6.1078332781131559E+00 a       713     0    29     1    13
  2.8434616775515891E+00 a       714     0    29     1    14
  2.8754612055562143E+00 a       715     0    29     1    15
  9.5055221297858128E-01 a       716     0    29     1    16
  3.1913862410932303E-01 a       717     0    29     1    17
 -1.1788802623631394E+00 a       718     0    29     1    18
 -2.6608104786423881E+00 a       719     0    29     1    19
  6.1333502854615451E-01 a       720     0    29     1    20
  2.5931922745536693E+00 a       721     0    29     1    21
 -5.8341680083975769E+00 a       722     0    29     1    22
 -1.2592484171303233E+00 a       723     0    29     1    23
  5.0078392002474184E+00 a       724     0    29     1    24
 -4.2598287184349672E+00 a       725     0    29     1    25
  5.2411504085913432E+00 a       726     0    30     1     1
  3.7042666803706075E+00 a       727     0    30     1     2
 -6.3215270114475910E+00 a       728     0    30     1     3
  5.1782521004780913E+00 a       729     0    30     1     4
 -2.1553368908537446E-01 a       730     0    30     1     5
  4.5945025872091332E+00 a       731     0    30     1     6
  3.6959687267024952E+00 a       732     0    30     1     7
  4.7444668468617577E+00 a       733     0    30     1     8
  1.1605443567832094E+00 a       734     0    30     1     9
 -6.7160539640579009E-01 a       735     0    30     1    10
 -3.1814661735706524E+00 a       736     0    30     1    11
 -1.4608580435574401E+00 a       737     0    30     1    12
  3.2376653837117981E+00 a       738     0    30     1    13
  1.5122920022872210E+00 a       739     0    30     1    14
 -5.4412861448863419E+00 a       740     0    30     1    15
  3.0309545244696681E+00 a       741     0    30     1    16
 -5.0942640830058821E+00 a       742     0    30     1    17
 -1.0517827594124469E+00 a       743     0    30     1    18
  3.2302437722227775E+00 a       744     0    30     1    19
  4.1111924713360724E+00 a       745     0    30     1    20
 -4.8151471343476873E+00 a       746     0    30     1    21
  9.4489415713713276E-01 a       747     0    30     1    22
 -9.8272042834632565E+00 a       748     0    30     1    23
  2.9760593340883972E+00 a       749     0    30     1    24
  9.0399217369924241E+00 a       750     0    30     1    25
 -3.8733341796982088E-04 b       751     1     1
  8.5148987827531875E-01 b       752     1     2
 -4.9006193040496782E-01 b       753     1     3
 -7.7140274944785814E-01 b       754     1     4
  1.1094770236609344E-01 b       755     1     5
  8.1583633435244762E-01 b       756     1     6
 -3.0662842579276683E-01 b       757     1     7
  1.4365467394280440E-01 b       758     1     8
 -1.4414476555626803E+00 b       759     1     9
  4.0407175167056192E-02 b       760     1    10
  2.8547080715926678E+00 b       761     1    11
 -6.0114402954128891E-02 b       762     1    12
 -4.1271119367086034E-01 b       763     1    13
 -2.7474327207871829E-01 b       764     1    14
 -2.0665649894293159E+00 b       765     1    15
  3.8730595979512167E-01 b       766     1    16
 -1.3481968241639188E+00 b       767     1    17
 -1.5385867606489578E-01 b       768     1    18
  3.6608992999283813E-01 b       769     1    19
  6.3534388421028376E-01 b       770     1    20
  5.6169700537777245E-01 b       771     1    21
 -1.1639405520391923E+00 b       772     1    22
 -1.5770744070201219E+00 b       773     1    23
 -5.8788938344288090E-02 b       774     1    24
 -1.4153552498766506E+00 b       775     1    25
 -2.0238890349744820E+00 a       776     1     1     2     1
  4.9849615711302980E-01 a       777     1     1     2     2
 -4.2860597709865506E-01 a       778     1     1     2     3
 -1.5351260224505994E+00 a       779     1     1     2     4
 -1.2051406385645309E+00 a       780     1     1     2     5
 -1.1598706544953282E+01 a       781     1     1     2     6
  6.7935041101362148E-01 a       782     1     1     2     7
  1.1127641929174066E+00 a       783     1     1     2     8
 -1.3498597078845456E-01 a       784     1     1     2     9
 -5.4132828059486326E-01 a       785     1     1     2    10
  3.7781020394765776E+00 a       786     1     1     2    11
 -5.8965102502586264E-01 a       787     1     1     2    12
 -3.2228918667585602E+00 a       788     1     1     2    13
 -2.0407583710699790E+00 a       789     1     1     2    14
 -9.5021613914992358E+00 a       790     1     1     2    15
  1.5333699277978343E+00 a       791     1     1     2    16
  2.4265616572112618E+00 a       792     1     1     2    17
  4.1249064948202424E-01 a       793     1     1     2    18
 -5.4090152926646062E-01 a       794     1     1     2    19
  3.3255924290561127E+00 a       795     1     1     2    20
 -2.5919398092251228E-01 a       796     1     1     2    21
  3.1751075666297437E+00 a       797     1     1     2    22
 -1.2611168921795117E+00 a       798     1     1     2    23
  4.9815399065235999E+00 a       799     1     1     2    24
  7.8869471301844551E-01 a       800     1     1     2    25
  1.9142842070700929E+00 a       801     1     2     2     1
  9.7219047367380795E-01 a       802     1     2     2     2
 -1.7377319226370374E+00 a       803     1     2     2     3
 -2.3148239581751023E-02 a       804     1     2     2     4
 -1.5385336911856804E+00 a       805     1     2     2     5
 -4.0344246658814624E+00 a       806     1     2     2     6
  3.5148875603442714E-01 a       807     1     2     2     7
  1.9327538263042157E-01 a       808     1     2     2     8
 -3.1477120956705127E+00 a       809     1     2     2     9
 -6.8808478385565430E-01 a       810     1     2     2    10
 -1.5764534403465387E+00 a       811     1     2     2    11
  1.9534794679900851E+00 a       812     1     2     2    12
  3.3326686089742572E+00 a       813     1     2     2    13
  2.8745172748289993E-01 a       814     1     2     2    14
 -4.5150188122381989E+00 a       815     1     2     2    15
  8.9713280221627306E-02 a       816     1     2     2    16
  1.8495175322864761E+00 a       817     1     2     2    17
 -3.0318273425101061E-01 a       818     1     2     2    18
  2.1608920615987910E+00 a       819     1     2     2    19
 -7.5624758192095937E-02 a       820     1     2     2    20
  1.9325291607236783E+00 a       821     1     2     2    21
  5.6143278133787087E+00 a       822     1     2     2    22
 -1.7867403292008834E+00 a       823     1     2     2    23
  4.8318798066246718E+00 a       824     1     2     2    24
 -7.7839891425432373E-01 a       825     1     2     2    25
  3.4749468254274611E+00 a       826     1     3     2     1
  7.2706381776657381E-01 a       827     1     3     2     2
 -1.2203095024764818E+00 a       828     1     3     2     3
 -6.7435370174272335E-01 a       829     1     3     2     4
 -2.1246105491596046E+00 a       830     1     3     2     5
 -1.0464318174355013E+01 a       831     1     3     2     6
 -1.0422244443750625E-01 a       832     1     3     2     7
  4.6145586907005692E-01 a       833     1     3     2     8
 -3.5853563215715090E+00 a       834     1     3     2     9
  8.1753783587380202E-01 a       835     1     3     2    10
  4.8969261937189873E-01 a       836     1     3     2    11
  9.0847853358945496E-01 a       837     1     3     2    12
  3.9118833116595303E-01 a       838     1     3     2    13
  1.9001980935948362E+00 a       839     1     3     2    14
  1.9462678776612977E-01 a       840     1     3     2    15
  1.4835917596356150E+00 a       841     1     3     2    16
  1.8328216289085819E+00 a       842     1     3     2    17
 -1.1571711423772844E+00 a       843     1     3     2    18
 -3.3032468446897987E+00 a       844     1     3     2    19
  7.0525266231874351E-01 a       845     1     3     2    20
  8.5498188447307111E-01 a       846     1     3     2    21
 -3.6729136198769892E+00 a       847     1     3     2    22
 -6.4176893748410313E-01 a       848     1     3     2    23
 -3.0315854100129802E+00 a       849     1     3     2    24
  1.0151400461087268E+00 a       850     1     3     2    25
  5.6066995878950898E+00 a       851     1     4     2     1
  8.4185797987049560E-02 a       852     1     4     2     2
 -3.2345157012802956E+00 a       853     1     4     2     3
 -6.1958828966677237E-01 a       854     1     4     2     4
  1.0962613521457918E+00 a       855     1     4     2     5
  3.2582448286636083E+00 a       856     1     4     2     6
 -7.9325702780178725E-02 a       857     1     4     2     7
 -5.8060445552961359E-01 a       858     1     4     2     8
 -1.5955440401190959E+00 a       859     1     4     2     9
 -4.8080517712158777E+00 a       860     1     4     2    10
  1.6838024694745819E+00 a       861     1     4     2    11
  1.2192704179436002E+00 a       862     1     4     2    12
 -1.9718958562364857E+00 a       863     1     4     2    13
 -2.2556013218829798E-01 a       864     1     4     2    14
  5.8543430487467258E+00 a       865     1     4     2    15
 -3.7763853206697808E+00 a       866     1     4     2    16
  5.7654387270177923E+00 a       867     1     4     2    17
 -2.3201228432475838E+00 a       868     1     4     2    18
  6.0008776174680908E-02 a       869     1     4     2    19
 -2.0600946739399788E+00 a       870     1     4     2    20
 -1.0258814960329344E-02 a       871     1     4     2    21
  1.4099370920004877E+00 a       872     1     4     2    22
 -1.6585293027281317E-01 a       873     1     4     2    23
  3.4460573526359610E+00 a       874     1     4     2    24
 -1.4502824186887395E-01 a       875     1     4     2    25
 -1.5824093973950268E+00 a       876     1     5     2     1
 -1.5413468958196946E-01 a       877     1     5     2     2
  4.1363267018219458E+00 a       878     1     5     2     3
 -2.6414285046387911E+00 a       879     1     5     2     4
 -2.3000244946845245E+00 a       880     1     5     2     5
  2.4839447283421121E+00 a       881     1     5     2     6
 -1.0957311561623357E+00 a       882     1     5     2     7
  8.7489157644110660E-01 a       883     1     5     2     8
 -7.2473389357701596E-04 a       884     1     5     2     9
  1.0994900918718870E-01 a       885     1     5     2    10
  2.9892699607381451E-01 a       886     1     5     2    11
 -2.8874148692495663E+00 a       887     1     5     2    12
 -4.0905622554468124E+00 a       888     1     5     2    13
  5.6703501796360918E+00 a       889     1     5     2    14
 -2.8860697541345006E+00 a       890     1     5     2    15
  5.0628797718640117E-01 a       891     1     5     2    16
 -1.1241253180660449E+00 a       892     1     5     2    17
  1.3378862838961363E+00 a       893     1     5     2    18
 -2.4471435021577204E+00 a       894     1     5     2    19
 -2.6962111743970907E-01 a       895     1     5     2    20
  1.6451644253130268E-01 a       896     1     5     2    21
 -8.5834980286990104E-01 a       897     1     5     2    22
  6.4249193201361354E-01 a       898     1     5     2    23
 -2.5639035543019859E+00 a       899     1     5     2    24
  8.7960075462720244E-01 a       900     1     5     2    25
  3.8327748395301104E+00 a       901     1     6     2     1
  3.3407977268237982E-01 a       902     1     6     2     2
 -3.4789003027002328E+00 a       903     1     6     2     3
  9.5103178187489340E-02 a       904     1     6     2     4
 -8.2041936917204483E-01 a       905     1     6     2     5
 -2.7391647270917692E+00 a       906     1     6     2     6
 -1.1069614515547357E+00 a       907     1     6     2     7
  1.5143118149779797E+00 a       908     1     6     2     8
 -5.8528277142955050E+00 a       909     1     6     2     9
 -2.1052525200290213E+00 a       910     1     6     2    10
  8.3866928290149023E-01 a       911     1     6     2    11
  1.2106372326162655E+00 a       912     1     6     2    12
 -7.0161850404521042E-01 a       913     1     6     2    13
  1.2266305308528063E+00 a       914     1     6     2    14
 -6.6363771564388960E+00 a       915     1     6     2    15
 -5.4227629431017610E-01 a       916     1     6     2    16
  5.3887139341431913E+00 a       917     1     6     2    17
 -1.0486753327315261E+00 a       918     1     6     2    18
  2.2988310873402795E-01 a       919     1     6     2    19
 -3.1006033421294741E+00 a       920     1     6     2    20
  6.5681580975185772E-01 a       921     1     6     2    21
 -5.4836999542361360E+00 a       922     1     6     2    22
  1.2126128889826777E+00 a       923     1     6     2    23
  1.3860667695110203E+00 a       924     1     6     2    24
 -6.4081004403202535E-01 a       925     1     6     2    25
  6.2870850559006786E-01 a       926     1     7     2     1
 -5.4405957054347344E-02 a       927     1     7     2     2
 -8.9117754172151498E-01 a       928     1     7     2     3
  1.2669654836607833E+00 a       929     1     7     2     4
  1.0419463811592868E+00 a       930     1     7     2     5
 -5.6223290841864182E-01 a       931     1     7     2     6
 -8.9725516310017950E-01 a       932     1     7     2     7
 -1.2700143019900889E-02 a       933     1     7     2     8
 -3.8206954120117373E+00 a       934     1     7     2     9
 -1.2958595835655025E+00 a       935     1     7     2    10
  1.8223523019255496E+00 a       936     1     7     2    11
 -1.3339836997142813E+00 a       937     1     7     2    12
  7.6248546246589388E-01 a       938     1     7     2    13
 -1.1789977358477232E+01 a       939     1     7     2    14
  6.5788988503617745E+00 a       940     1     7     2    15
 -1.4578527284243896E+00 a       941     1     7     2    16
  6.9269189403298101E+00 a       942     1     7     2    17
  6.6137621444197470E-01 a       943     1     7     2    18
  5.6800215369654454E+00 a       944     1     7     2    19
 -5.0835893864503667E+00 a       945     1     7     2    20
  1.1909886975013452E-01 a       946     1     7     2    21
 -2.5721647226535120E+00 a       947     1     7     2    22
 -1.5059463659176171E+00 a       948     1     7     2    23
  2.2903530615522065E+00 a       949     1     7     2    24
 -6.5196211140263249E-01 a       950     1     7     2    25
  1.0987169210636394E+00 a       951     1     8     2     1
 -1.6622171447225953E-01 a       952     1     8     2     2
  4.3155681511729949E+00 a       953     1     8     2     3
 -4.8532567672648125E-01 a       954     1     8     2     4
  2.7769887942318222E-01 a       955     1     8     2     5
  2.1817667882796781E+00 a       956     1     8     2     6
 -5.0975340946327052E-01 a       957     1     8     2     7
  6.9422049007370745E-01 a       958     1     8     2     8
  1.0494081921789391E+00 a       959     1     8     2     9
  7.6210116842439857E-01 a       960     1     8     2    10
 -5.3836833470508760E-01 a       961     1     8     2    11
 -1.8074892195073060E+00 a       962     1     8     2    12
  2.7165925938598029E-01 a       963     1     8     2    13
 -7.6394422727554820E+00 a       964     1     8     2    14
  2.6981338823866414E+00 a       965     1     8     2    15
 -2.2444292897256894E+00 a       966     1     8     2    16
 -1.1053160391436037E+00 a       967     1     8     2    17
  2.0788841960231790E+00 a       968     1     8     2    18
 -1.8300597091367170E+00 a       969     1     8     2    19
 -3.5219682202757943E+00 a       970     1     8     2    20
  5.1418581691227649E-01 a       971     1     8     2    21
 -5.8474724796302873E+00 a       972     1     8     2    22
 -4.0528941728850088E-01 a       973     1     8     2    23
 -1.6519271955991601E+00 a       974     1     8     2    24
 -2.8915345700730569E-02 a       975     1     8     2    25
 -4.1063273173479065E+00 a       976     1     9     2     1
  1.0461243246685894E+00 a       977     1     9     2     2
 -5.5534054447921699E+00 a       978     1     9     2     3
  1.1877225571601162E+00 a       979     1     9     2     4
 -1.9335309395481839E+00 a       980     1     9     2     5
 -1.2559350725491260E+01 a       981     1     9     2     6
  1.3855274365822499E+00 a       982     1     9     2     7
  1.6075303938535310E-01 a       983     1     9     2     8
  2.3621796508267003E+00 a       984     1     9     2     9
  2.8071737648212197E-01 a       985     1     9     2    10
  2.3642281252522985E+00 a       986     1     9     2    11
  9.1515610753228991E+00 a       987     1     9     2    12
 -1.7887399218700115E+00 a       988     1     9     2    13
  1.1641436325863845E+00 a       989     1     9     2    14
  4.2291993471772305E+00 a       990     1     9     2    15
 -1.0736589075177547E+00 a       991     1     9     2    16
  5.9852092140171944E+00 a       992     1     9     2    17
  1.0985656794243406E+00 a       993     1     9     2    18
 -6.5680731515503732E+00 a       994     1     9     2    19
  8.8040421033022191E+00 a       995     1     9     2    20
  1.7291023863884862E+00 a       996     1     9     2    21
  1.3463281537978570E+01 a       997     1     9     2    22
  9.5786138821259706E-02 a       998     1     9     2    23
 -9.0799699632643502E+00 a       999     1     9     2    24
 -1.2539223158244457E+00 a      1000     1     9     2    25
 -3.8773856319348848E-01 a      1001     1    10     2     1
 -2.1634119401434376E-01 a      1002     1    10     2     2
 -7.8544552684414748E-01 a      1003     1    10     2     3
 -3.8498379572052316E-01 a      1004     1    10     2     4
 -7.8944238734931094E-01 a      1005     1    10     2     5
 -1.0481935253201406E-01 a      1006     1    10     2     6
 -9.9799536379200793E-01 a      1007     1    10     2     7
  1.1333165853317546E+00 a      1008     1    10     2     8
 -5.4651572422902657E+00 a      1009     1    10     2     9
 -6.7953494657132263E-01 a      1010     1    10     2    10
  1.3281087191592023E+00 a      1011     1    10     2    11
  1.1422549242144675E+00 a      1012     1    10     2    12
  1.5982622811200402E+00 a      1013     1    10     2    13
 -5.8604967469015881E+00 a      1014     1    10     2    14
  2.4130795799129445E+00 a      1015     1    10     2    15
 -5.2742366960711939E-01 a      1016     1    10     2    16
  3.8499519975446295E+00 a      1017     1    10     2    17
  1.2494099626895305E+00 a      1018     1    10     2    18
  1.5198696740404145E+00 a      1019     1    10     2    19
 -8.7879304615994513E-01 a      1020     1    10     2    20
  7.3530657668120059E-01 a      1021     1    10     2    21
 -4.2517859642187839E+00 a      1022     1    10     2    22
  6.2812066798279986E-01 a      1023     1    10     2    23
  1.5203436319306556E+00 a      1024     1    10     2    24
 -5.1707090743076012E-01 a      1025     1    10     2    25
 -6.9907101151592546E+00 a      1026     1    11     2     1
 -7.6088621810544688E-01 a      1027     1    11     2     2
 -4.1114250417145213E+00 a      1028     1    11     2     3
  4.1585563326532480E+00 a      1029     1    11     2     4
 -7.2584964154616716E-01 a      1030     1    11     2     5
 -1.2316248863180171E+01 a      1031     1    11     2     6
 -1.1439931251960948E+01 a      1032     1    11     2     7
 -1.1228115686742315E+00 a      1033     1    11     2     8
 -3.6272376417292929E+00 a      1034     1    11     2     9
 -4.8437545650536340E-01 a      1035     1    11     2    10
  1.8520921684103100E+00 a      1036     1    11     2    11
  1.3815578979224391E+01 a      1037     1    11     2    12
 -9.9246856906105574E+00 a      1038     1    11     2    13
 -3.9948033931195908E+00 a      1039     1    11     2    14
  2.4854496247239883E+01 a      1040     1    11     2    15
  4.5260244872252535E+00 a      1041     1    11     2    16
  1.9579863502453524E+01 a      1042     1    11     2    17
 -6.0610023858483586E-01 a      1043     1    11     2    18
 -1.1908093012760162E+01 a      1044     1    11     2    19
  8.5304763468649742E+00 a      1045     1    11     2    20
  1.2186575780005573E+00 a      1046     1    11     2    21
  1.7614960110516478E+01 a      1047     1    11     2    22
  4.4472578115696191E+00 a      1048     1    11     2    23
  4.3385668711763525E+00 a      1049     1    11     2    24
  2.4302145410390521E+00 a      1050     1    11     2    25
  1.3238260755892334E-01 a      1051     1    12     2     1
  9.1256138615686974E-02 a      1052     1    12     2     2
  1.3887435448932972E+00 a      1053     1    12     2     3
 -5.8416490281362687E-01 a      1054     1    12     2     4
  6.9295029359312421E-01 a      1055     1    12     2     5
  4.8203374954746963E+00 a      1056     1    12     2     6
 -2.3221973046349370E-01 a      1057     1    12     2     7
  2.7751718312366075E-01 a      1058     1    12     2     8
  2.0401968379607092E+00 a      1059     1    12     2     9
 -1.2541405650180082E+00 a      1060     1    12     2    10
 -4.2198936941637468E+00 a      1061     1    12     2    11
 -7.0851277273356406E-01 a      1062     1    12     2    12
  1.8572466146584288E+00 a      1063     1    12     2    13
 -1.1059297809476742E+00 a      1064     1    12     2    14
 -3.1203957960670721E+00 a      1065     1    12     2    15
 -3.7852079865775146E-01 a      1066     1    12     2    16
  1.1589039843982514E+00 a      1067     1    12     2    17
 -8.2294303083078346E-01 a      1068     1    12     2    18
 -2.0632234973145431E+00 a      1069     1    12     2    19
  6.7857943628289452E-01 a      1070     1    12     2    20
 -7.0594341270519090E-01 a      1071     1    12     2    21
 -3.9297629472437259E+00 a      1072     1    12     2    22
 -1.7694059165333811E+00 a      1073     1    12     2    23
  7.0298884864295488E+00 a      1074     1    12     2    24
 -6.6051921507415956E-01 a      1075     1    12     2    25
 -1.5273432566122477E-02 a      1076     1    13     2     1
 -7.1008466548449900E-01 a      1077     1    13     2     2
 -3.6080758634651517E+00 a      1078     1    13     2     3
 -5.3321448984081721E-01 a      1079     1    13     2     4
  3.1996110582743403E-01 a      1080     1    13     2     5
  3.9772935115895103E+00 a      1081     1    13     2     6
  4.3995106684915825E-01 a      1082     1    13     2     7
 -1.2508516154576024E+00 a      1083     1    13     2     8
  1.1980153839435377E+00 a      1084     1    13     2     9
 -2.3915555517225126E-01 a      1085     1    13     2    10
 -2.5442962344548823E+00 a      1086     1    13     2    11
 -8.8638160893286300E-01 a      1087     1    13     2    12
  1.1532425017334902E+00 a      1088     1    13     2    13
  5.0545683811702857E-01 a      1089     1    13     2    14
  1.3130266741541952E+00 a      1090     1    13     2    15
 -2.8290681758821035E+00 a      1091     1    13     2    16
 -3.3867292594271778E+00 a      1092     1    13     2    17
  6.5189832666061276E-01 a      1093     1    13     2    18
 -2.1324449411816797E+00 a      1094     1    13     2    19
 -1.1500594164939815E-01 a      1095     1    13     2    20
 -1.0469387349347975E-01 a      1096     1    13     2    21
  2.6612380958801412E+00 a      1097     1    13     2    22
 -1.1041680439774980E-01 a      1098     1    13     2    23
 -1.9377120464079629E+00 a      1099     1    13     2    24
 -9.6087824823366896E-01 a      1100     1    13     2    25
 -2.6409940368214851E-01 a      1101     1    14     2     1
  2.1108154973531920E-01 a      1102     1    14     2     2
  1.9039695019538498E+00 a      1103     1    14     2     3
  2.5984444475244212E-01 a      1104     1    14     2     4
 -1.0897245691002682E+00 a      1105     1    14     2     5
 -6.4560168463833074E+00 a      1106     1    14     2     6
  1.1882218684364529E+00 a      1107     1    14     2     7
 -6.1694406491452836E-01 a      1108     1    14     2     8
 -2.6394133210089171E-01 a      1109     1    14     2     9
 -7.6243089941599129E-01 a      1110     1    14     2    10
  4.2733483231407119E+00 a      1111     1    14     2    11
  2.1295338915746509E+00 a      1112     1    14     2    12
  4.0959198714813239E-01 a      1113     1    14     2    13
 -7.5481624085647203E-01 a      1114     1    14     2    14
 -2.3855838594874809E-01 a      1115     1    14     2    15
 -1.4503123213590888E-01 a      1116     1    14     2    16
 -1.3220385995093666E+00 a      1117     1    14     2    17
 -1.9719486013932513E-01 a      1118     1    14     2    18
 -3.6723354131375319E-01 a      1119     1    14     2    19
 -2.3894933332996575E+00 a      1120     1    14     2    20
 -6.7806164009663117E-01 a      1121     1    14     2    21
  1.5416182506199483E+00 a      1122     1    14     2    22
 -1.2082968077827008E+00 a      1123     1    14     2    23
 -1.0280106207513335E+00 a      1124     1    14     2    24
  5.8084603096787324E-01 a      1125     1    14     2    25
  1.6037898266066690E+00 a      1126     1    15     2     1
 -1.6882430718470378E+00 a      1127     1    15     2     2
  1.6500894794215878E+01 a      1128     1    15     2     3
 -9.0486657099748857E-01 a      1129     1    15     2     4
 -2.2258774831230963E+00 a      1130     1    15     2     5
  5.4142751278905346E+00 a      1131     1    15     2     6
  1.8377491429947321E+00 a      1132     1    15     2     7
  9.1650796207927085E-02 a      1133     1    15     2     8
  7.4703333265647764E-01 a      1134     1    15     2     9
 -2.3193700203665251E+00 a      1135     1    15     2    10
  4.2343623189325434E+00 a      1136     1    15     2    11
  2.2687993258082453E+00 a      1137     1    15     2    12
 -1.7688055482437703E+00 a      1138     1    15     2    13
 -2.6710876108118875E+01 a      1139     1    15     2    14
  1.0262398349118051E+00 a      1140     1    15     2    15
 -2.7381733196754654E+00 a      1141     1    15     2    16
  2.4950348048823443E+01 a      1142     1    15     2    17
 -7.3747683192936786E-01 a      1143     1    15     2    18
  8.8099170420420290E+00 a      1144     1    15     2    19
  2.9758067717047081E+00 a      1145     1    15     2    20
  1.9387876891467291E+00 a      1146     1    15     2    21
 -7.8258377303815410E+00 a      1147     1    15     2    22
  2.8203625706948587E+00 a      1148     1    15     2    23
 -1.6073722678225875E+00 a      1149     1    15     2    24
  6.3351697687189368E-01 a      1150     1    15     2    25
 -1.5904214875982556E+00 a      1151     1    16     2     1
 -6.6990444297651686E-01 a      1152     1    16     2     2
  2.8639273912642196E+00 a      1153     1    16     2     3
  6.2451017182970880E-01 a      1154     1    16     2     4
 -2.4139263359220191E+00 a      1155     1    16     2     5
  1.0075705656576199E+01 a      1156     1    16     2     6
  1.8412479201151200E+00 a      1157     1    16     2     7
 -2.0310931149724601E-01 a      1158     1    16     2     8
  3.1436372668115045E+00 a      1159     1    16     2     9
 -6.2395332317667633E-02 a      1160     1    16     2    10
 -3.6990259052875105E+00 a      1161     1    16     2    11
  1.2059742484353992E+00 a      1162     1    16     2    12
  6.5761474623017491E-01 a      1163     1    16     2    13
  4.7808721801662930E+00 a      1164     1    16     2    14
 -1.5804914368194252E+00 a      1165     1    16     2    15
 -7.9256492224910380E-01 a      1166     1    16     2    16
 -7.1705481366662145E+00 a      1167     1    16     2    17
  2.6583652796041596E-01 a      1168     1    16     2    18
 -8.0801144586584850E-01 a      1169     1    16     2    19
 -9.3737779574301683E-01 a      1170     1    16     2    20
 -8.5557377814950419E-01 a      1171     1    16     2    21
 -3.5169445275410869E+00 a      1172     1    16     2    22
 -1.6059669870484919E-01 a      1173     1    16     2    23
 -8.7772034771322307E+00 a      1174     1    16     2    24
 -4.0441606048016421E-01 a      1175     1    16     2    25
  6.1509556549967668E+00 a      1176     1    17     2     1
  2.8976095050281572E+00 a      1177     1    17     2     2
 -5.3201773754646142E-01 a      1178     1    17     2     3
 -5.1040324388874483E+00 a      1179     1    17     2     4
 -2.3549692225246357E+00 a      1180     1    17     2     5
  5.8521872082170816E+00 a      1181     1    17     2     6
 -3.2833763467256145E+00 a      1182     1    17     2     7
 -2.1527059046778182E-01 a      1183     1    17     2     8
 -6.7625505387186224E-01 a      1184     1    17     2     9
 -1.2004581699575345E+00 a      1185     1    17     2    10
 -2.3449560991142864E+00 a      1186     1    17     2    11
 -4.6074029950896911E+00 a      1187     1    17     2    12
  2.6501722376803456E+00 a      1188     1    17     2    13
  6.9670764754981072E+00 a      1189     1    17     2    14
 -1.1504693654357276E+00 a      1190     1    17     2    15
 -8.4811919888941090E-01 a      1191     1    17     2    16
 -1.6689745618457574E+00 a      1192     1    17     2    17
 -2.1203837872844944E+00 a      1193     1    17     2    18
  1.3642345415927124E+00 a      1194     1    17     2    19
 -8.6837335209528632E-01 a      1195     1    17     2    20
 -2.9454381930865656E+00 a      1196     1    17     2    21
  6.2012086718439585E+00 a      1197     1    17     2    22
  5.6096005266865667E-01 a      1198     1    17     2    23
 -1.3640336391004510E+01 a      1199     1    17     2    24
  3.4182726861808450E+00 a      1200     1    17     2    25
  6.8963647896101117E+00 a      1201     1    18     2     1
  1.3455473600322472E+00 a      1202     1    18     2     2
  2.1006636194467490E+00 a      1203     1    18     2     3
  9.3816841357002234E-01 a      1204     1    18     2     4
 -1.3901236223760130E-01 a      1205     1    18     2     5
 -3.4608033372059284E+00 a      1206     1    18     2     6
 -3.0559852628849389E+00 a      1207     1    18     2     7
  5.9124065530930103E-01 a      1208     1    18     2     8
 -3.6687102125442763E+00 a      1209     1    18     2     9
 -1.8875647745657294E+00 a      1210     1    18     2    10
 -4.2887197315430097E+00 a      1211     1    18     2    11
 -2.5941669116078661E+00 a      1212     1    18     2    12
 -8.9226214360161693E-01 a      1213     1    18     2    13
  2.8855656695513554E+00 a      1214     1    18     2    14
  2.1160083375444190E+00 a      1215     1    18     2    15
  4.7127845901988702E-01 a      1216     1    18     2    16
  6.0019932303547936E+00 a      1217     1    18     2    17
 -1.1559614228779211E+00 a      1218     1    18     2    18
  8.6712192238805075E-01 a      1219     1    18     2    19
 -1.5592691330991399E+00 a      1220     1    18     2    20
  5.5179510517330754E-01 a      1221     1    18     2    21
  2.6838558068735940E+00 a      1222     1    18     2    22
  1.4752733086634978E-01 a      1223     1    18     2    23
  5.5336300298479679E-01 a      1224     1    18     2    24
  4.8540291939061658E-01 a      1225     1    18     2    25
  4.3676679042445649E-01 a      1226     1    19     2     1
  1.0144385083058585E+00 a      1227     1    19     2     2
 -5.0649157121431418E+00 a      1228     1    19     2     3
  1.6129764244792784E+00 a      1229     1    19     2     4
  1.0735376937480852E+00 a      1230     1    19     2     5
 -1.2447080602390955E+01 a      1231     1    19     2     6
 -6.0954855542608988E-01 a      1232     1    19     2     7
  2.1802375019667697E-02 a      1233     1    19     2     8
 -2.8437108090001186E+00 a      1234     1    19     2     9
 -7.9950803839087592E-01 a      1235     1    19     2    10
  6.3373201274364614E+00 a      1236     1    19     2    11
  2.7126540388865026E+00 a      1237     1    19     2    12
 -2.0637089324185931E+00 a      1238     1    19     2    13
  2.7942349664568078E+00 a      1239     1    19     2    14
 -1.0351637653934601E-01 a      1240     1    19     2    15
  1.9387244601171536E+00 a      1241     1    19     2    16
  8.5938207612950208E+00 a      1242     1    19     2    17
 -2.1013974567317812E+00 a      1243     1    19     2    18
 -2.8213228100595615E+00 a      1244     1    19     2    19
 -2.9824622703485132E-01 a      1245     1    19     2    20
  4.6464319005728805E-01 a      1246     1    19     2    21
 -4.0800965744136519E+00 a      1247     1    19     2    22
  1.0550127497910171E+00 a      1248     1    19     2    23
  6.3109879852248529E-01 a      1249     1    19     2    24
 -1.2557770264465185E+00 a      1250     1    19     2    25
  1.2475844450134947E+00 a      1251     1    20     2     1
  3.2571101873544961E-01 a      1252     1    20     2     2
 -3.6115925539262443E+00 a      1253     1    20     2     3
 -1.1802375073842282E+00 a      1254     1    20     2     4
  1.7720376953139776E+00 a      1255     1    20     2     5
  1.6659111254005062E+01 a      1256     1    20     2     6
  3.4528515089360421E+00 a      1257     1    20     2     7
 -5.9322818883577444E-01 a      1258     1    20     2     8
  8.8012204995204257E+00 a      1259     1    20     2     9
  5.2242760447703551E+00 a      1260     1    20     2    10
 -7.0194499185345538E-01 a      1261     1    20     2    11
 -1.0370207111150024E-02 a      1262     1    20     2    12
  7.1015734312766465E+00 a      1263     1    20     2    13
  6.6534716694606253E+00 a      1264     1    20     2    14
  1.9966386274428300E+00 a      1265     1    20     2    15
  3.1471798128434210E+00 a      1266     1    20     2    16
  3.4463001217610718E+00 a      1267     1    20     2    17
 -1.5822847011396421E+00 a      1268     1    20     2    18
  3.4393854451008754E+00 a      1269     1    20     2    19
  6.9266215570283967E+00 a      1270     1    20     2    20
  6.5602631096808162E-01 a      1271     1    20     2    21
  1.8487962713826618E+00 a      1272     1    20     2    22
 -2.1456070376156173E+00 a      1273     1    20     2    23
  1.1332492904081194E-01 a      1274     1    20     2    24
 -8.2417261775099071E-01 a      1275     1    20     2    25
  1.5736873194600167E+00 a      1276     1    21     2     1
  6.3797282900786789E-02 a      1277     1    21     2     2
  4.8283474098048380E+00 a      1278     1    21     2     3
 -1.3949698217173694E+00 a      1279     1    21     2     4
 -2.0207716411427525E+00 a      1280     1    21     2     5
 -4.9071842261475815E+00 a      1281     1    21     2     6
  6.5978981810887427E-01 a      1282     1    21     2     7
  5.6838578292961295E-01 a      1283     1    21     2     8
 -3.0026010698931693E-01 a      1284     1    21     2     9
  9.0098240923441708E-01 a      1285     1    21     2    10
  3.4544128689088081E+00 a      1286     1    21     2    11
  1.7187070155403372E+00 a      1287     1    21     2    12
  2.2009288681559611E+00 a      1288     1    21     2    13
  1.0450001904561546E+00 a      1289     1    21     2    14
  1.0092712873455403E+00 a      1290     1    21     2    15
  1.2318218019867428E+00 a      1291     1    21     2    16
  4.8776916308033957E+00 a      1292     1    21     2    17
  7.7298936495125281E-01 a      1293     1    21     2    18
  3.0587736021470535E+00 a      1294     1    21     2    19
 -4.1027132692243811E+00 a      1295     1    21     2    20
  9.9473794514979341E-01 a      1296     1    21     2    21
  8.7652486150083697E-02 a      1297     1    21     2    22
 -1.2118246657147909E+00 a      1298     1    21     2    23
 -9.2057993794833226E-01 a      1299     1    21     2    24
  8.7842652869739940E-02 a      1300     1    21     2    25
  8.4948896758043109E+00 a      1301     1    22     2     1
  3.6413935458572533E-01 a      1302     1    22     2     2
  4.4387948255747034E+00 a      1303     1    22     2     3
 -3.6425913908899016E-01 a      1304     1    22     2     4
 -1.5668321975999193E+00 a      1305     1    22     2     5
 -5.2134742988632778E+00 a      1306     1    22     2     6
  1.9660291185082486E+00 a      1307     1    22     2     7
  2.7291024535519393E-01 a      1308     1    22     2     8
 -4.9617207816485589E+00 a      1309     1    22     2     9
 -2.2979611754132616E+00 a      1310     1    22     2    10
 -1.0345932396544819E+00 a      1311     1    22     2    11
 -1.9131392460280812E+00 a      1312     1    22     2    12
 -2.5134526602247576E+00 a      1313     1    22     2    13
 -1.1530146752505896E-01 a      1314     1    22     2    14
  6.5765621194076394E+00 a      1315     1    22     2    15
 -3.6701204355811639E+00 a      1316     1    22     2    16
  1.6598058303363203E+01 a      1317     1    22     2    17
  1.1078722006014835E-01 a      1318     1    22     2    18
 -6.4985551703612217E+00 a      1319     1    22     2    19
 -1.5289802610595180E+00 a      1320     1    22     2    20
 -4.3225301292646429E-01 a      1321     1    22     2    21
  2.1487321153445071E+00 a      1322     1    22     2    22
 -2.9929663334202594E-01 a      1323     1    22     2    23
  7.3495987556121047E+00 a      1324     1    22     2    24
  1.5104368387783684E+00 a      1325     1    22     2    25
  8.0214495680741182E-01 a      1326     1    23     2     1
 -9.5467603670667311E-01 a      1327     1    23     2     2
 -3.3914403304773630E+00 a      1328     1    23     2     3
  1.7679129099934849E+00 a      1329     1    23     2     4
 -2.3373355322847744E+00 a      1330     1    23     2     5
 -1.8075033112019661E+00 a      1331     1    23     2     6
  2.6003107335370359E+00 a      1332     1    23     2     7
 -6.7995140830396747E-02 a      1333     1    23     2     8
  1.7450884048273205E+00 a      1334     1    23     2     9
  1.1964881969545353E+00 a      1335     1    23     2    10
 -4.7939941782120208E+00 a      1336     1    23     2    11
 -3.3634656367591442E+00 a      1337     1    23     2    12
 -3.1025731462799517E+00 a      1338     1    23     2    13
  9.6221861541089062E+00 a      1339     1    23     2    14
 -7.9737252922908963E+00 a      1340     1    23     2    15
  1.5438591550149330E+00 a      1341     1    23     2    16
 -8.0077901689944397E+00 a      1342     1    23     2    17
  8.1698260854530538E-02 a      1343     1    23     2    18
 -1.2041849979757415E+00 a      1344     1    23     2    19
 -6.6553582469461983E-02 a      1345     1    23     2    20
  4.6706255325494489E-01 a      1346     1    23     2    21
 -6.3069131912043934E+00 a      1347     1    23     2    22
 -2.4137072982690899E+00 a      1348     1    23     2    23
  4.1286780421401028E+00 a      1349     1    23     2    24
 -1.4312008655210171E+00 a      1350     1    23     2    25
  3.2468979919871015E+00 a      1351     1    24     2     1
  6.2946094349875337E-01 a      1352     1    24     2     2
 -2.0321105336397851E+00 a      1353     1    24     2     3
 -4.2015042006907938E-01 a      1354     1    24     2     4
 -2.6710261613727888E+00 a      1355     1    24     2     5
 -2.6161335653101454E+00 a      1356     1    24     2     6
  7.1656474471781362E-01 a      1357     1    24     2     7
 -8.5303064757925567E-02 a      1358     1    24     2     8
 -2.8920716554823871E+00 a      1359     1    24     2     9
  1.1464554047539854E+00 a      1360     1    24     2    10
 -4.7560728937813312E-01 a      1361     1    24     2    11
  1.9964355727376393E+00 a      1362     1    24     2    12
  1.4420005522716066E+00 a      1363     1    24     2    13
  5.5104418459587148E+00 a      1364     1    24     2    14
  1.5555301964826078E+00 a      1365     1    24     2    15
  1.7962655278827724E+00 a      1366     1    24     2    16
 -1.0513972850827979E+01 a      1367     1    24     2    17
 -3.3349684767990473E-01 a      1368     1    24     2    18
 -2.3911882493602934E+00 a      1369     1    24     2    19
  5.1434653716418044E-01 a      1370     1    24     2    20
 -3.8404831644895783E-02 a      1371     1    24     2    21
  8.1438409934353406E-01 a      1372     1    24     2    22
  9.7719665178046244E-01 a      1373     1    24     2    23
 -8.7554466692229180E+00 a      1374     1    24     2    24
  2.2500586736090278E+00 a      1375     1    24     2    25
 -3.2890518636696191E+00 a      1376     1    25     2     1
 -9.6536748527301139E-02 a      1377     1    25     2     2
 -1.7935592498248992E-01 a      1378     1    25     2     3
 -3.5564375806227866E-01 a      1379     1    25     2     4
 -1.3022691602212884E+00 a      1380     1    25     2     5
  6.9258286329961454E+00 a      1381     1    25     2     6
  1.6125630231476926E+00 a      1382     1    25     2     7
  3.1192626960907488E-01 a      1383     1    25     2     8
  2.7299364079691948E+00 a      1384     1    25     2     9
  3.9834211839667950E+00 a      1385     1    25     2    10
  4.7497152802235743E+00 a      1386     1    25     2    11
  9.4684863807519832E+00 a      1387     1    25     2    12
  4.8616518336521262E+00 a      1388     1    25     2    13
 -3.0643430945612664E+00 a      1389     1    25     2    14
 -3.6356289330331686E+00 a      1390     1    25     2    15
  8.5075024720751955E+00 a      1391     1    25     2    16
 -5.9719439839538007E+00 a      1392     1    25     2    17
  1.6457152037297057E-01 a      1393     1    25     2    18
  1.8157429077574239E+00 a      1394     1    25     2    19
 -2.6090876347248906E+00 a      1395     1    25     2    20
  8.0822745083290248E-01 a      1396     1    25     2    21
 -5.9016152508494484E+00 a      1397     1    25     2    22
  2.5629048045688513E-01 a      1398     1    25     2    23
 -1.0429767377489828E+01 a      1399     1    25     2    24
  6.0765384141033829E-01 a      1400     1    25     2    25
  1.7877739729789663E+01 b      1401     2     1
  1.0133089448224530E+00 b      1402     2     2
  1.1432070502423610E+01 b      1403     2     3
 -7.8289291722886594E+00 b      1404     2     4
 -6.2520546488630000E+00 b      1405     2     5
  2.5201819479684087E+00 b      1406     2     6
  1.3826776164779652E+01 b      1407     2     7
 -1.7498193860788797E-01 b      1408     2     8
  3.0913267783154139E+00 b      1409     2     9
 -3.0237344054040332E+00 b      1410     2    10
 -2.4877016322258951E+00 b      1411     2    11
 -2.4084962078232723E+00 b      1412     2    12
  5.6768823796593635E+00 b      1413     2    13
 -2.4229671909148472E+01 b      1414     2    14
 -1.1085459871961200E+01 b      1415     2    15
 -8.3963100339089092E+00 b      1416     2    16
  9.4250183449591116E+00 b      1417     2    17
  3.1790669311387626E-01 b      1418     2    18
  4.6784991053462486E+00 b      1419     2    19
 -4.6976207897700908E+00 b      1420     2    20
 -2.0680545500994167E+00 b      1421     2    21
 -1.3192660838184057E+01 b      1422     2    22
 -5.2504641428887133E-01 b      1423     2    23
 -1.8618104103471936E+01 b      1424     2    24
  1.7137611847855441E+00 b      1425     2    25
  5.1062807530697407E-01 a      1426     2     1     3     1
  9.0501562459615830E+00 a      1427     2     2     3     1
  6.2588928340089360E+00 a      1428     2     3     3     1
 -3.2285553093113686E+00 a      1429     2     4     3     1
 -1.2317169706710074E+00 a      1430     2     5     3     1
 -1.5763286404017576E-01 a      1431     2     6     3     1
 -1.0298289531295368E+00 a      1432     2     7     3     1
 -1.1520750024243727E+01 a      1433     2     8     3     1
  4.3088889380689138E-01 a      1434     2     9     3     1
 -3.1126279246594719E+00 a      1435     2    10     3     1
 -3.4443552903633163E+00 a      1436     2    11     3     1
  1.8747043841402729E+00 a      1437     2    12     3     1
  8.8205890060885253E+00 a      1438     2    13     3     1
  1.5487586657184020E+01 a      1439     2    14     3     1
 -2.6460402391948540E-01 a      1440     2    15     3     1
 -4.8277157535376075E-01 a      1441     2    16     3     1
  6.7048906146373466E-01 a      1442     2    17     3     1
 -9.2936886137183947E+00 a      1443     2    18     3     1
 -1.7394264978148462E+00 a      1444     2    19     3     1
  2.8739491228783653E-01 a      1445     2    20     3     1
  6.6114004759995115E+00 a      1446     2    21     3     1
 -1.5976768323115195E-01 a      1447     2    22     3     1
 -3.3854076638869750E+00 a      1448     2    23     3     1
  1.0041586817696635E+01 a      1449     2    24     3     1
 -5.5966458706834290E+00 a      1450     2    25     3     1
  8.8992797494894475E-03 b      1451     3     1
