################################################################################
# Neural network connection values (weights and biases).
################################################################################
# Col  Name       Description
################################################################################
# 1    connection Neural network connection value.
# 2    t          Connection type (a = weight, b = bias).
# 3    index      Index enumerating weights.
# 4    l_s        Starting point layer (end point layer for biases).
# 5    n_s        Starting point neuron in starting layer (end point neuron for biases).
# 6    l_e        End point layer.
# 7    n_e        End point neuron in end layer.
################################################################################
#                      1 2         3     4     5     6     7
#             connection t     index   l_s   n_s   l_e   n_e
############################################################
  1.1253592163966536E-01 a         1     0     1     1     1
  3.0404190237274059E-01 a         2     0     1     1     2
 -4.5147904672857030E-02 a         3     0     1     1     3
  1.3597677469865316E-01 a         4     0     1     1     4
 -1.9431026920255606E-01 a         5     0     1     1     5
  2.5689290025570044E-01 a         6     0     1     1     6
 -1.7647208947115811E-01 a         7     0     1     1     7
 -1.1420426968601047E-01 a         8     0     1     1     8
 -3.9338329942140204E-02 a         9     0     1     1     9
 -1.1736391080380762E-01 a        10     0     1     1    10
 -3.8506696348120213E-02 a        11     0     1     1    11
  4.0020942757593027E-02 a        12     0     1     1    12
 -2.7820663035232840E-01 a        13     0     1     1    13
  1.0144681098642763E-02 a        14     0     1     1    14
  6.1797660149629459E-02 a        15     0     1     1    15
  1.3985536107998683E-01 a        16     0     2     1     1
 -1.8897055589869297E-01 a        17     0     2     1     2
  1.6466980070943155E-01 a        18     0     2     1     3
 -1.2319010563323134E-01 a        19     0     2     1     4
  8.3401483439245028E-02 a        20     0     2     1     5
 -2.4146445025780924E-01 a        21     0     2     1     6
  6.0238698911651081E-04 a        22     0     2     1     7
  1.6159369067271664E-01 a        23     0     2     1     8
  5.5862136182698155E-02 a        24     0     2     1     9
 -1.2242856776485186E-01 a        25     0     2     1    10
 -4.8186277774590523E-02 a        26     0     2     1    11
  4.3346577186280356E-02 a        27     0     2     1    12
  2.0271557381963431E-01 a        28     0     2     1    13
  1.0507158109814588E-01 a        29     0     2     1    14
 -7.9167243747902891E-02 a        30     0     2     1    15
  2.8443548016455855E-01 a        31     0     3     1     1
 -2.2057205989024758E-01 a        32     0     3     1     2
  3.8861642507687130E-02 a        33     0     3     1     3
 -2.4539193935983725E-01 a        34     0     3     1     4
  1.4687828547951889E-01 a        35     0     3     1     5
  1.8500923801631686E-01 a        36     0     3     1     6
 -2.6901260228997531E-01 a        37     0     3     1     7
 -1.5028886635139133E-01 a        38     0     3     1     8
  3.7071134495160904E-02 a        39     0     3     1     9
  2.0071736637521592E-01 a        40     0     3     1    10
 -5.2419988419607655E-02 a        41     0     3     1    11
  5.7273075076723766E-02 a        42     0     3     1    12
  1.6451581188940129E-01 a        43     0     3     1    13
 -5.9062665048237109E-02 a        44     0     3     1    14
 -1.7647256703411443E-01 a        45     0     3     1    15
  2.7566080065793386E-01 a        46     0     4     1     1
 -6.0144111817233645E-03 a        47     0     4     1     2
 -1.1435628721376682E-01 a        48     0     4     1     3
 -1.4118959125257562E-02 a        49     0     4     1     4
  1.6568264951463216E-01 a        50     0     4     1     5
 -1.8251202835468575E-01 a        51     0     4     1     6
 -5.3671784055364276E-02 a        52     0     4     1     7
 -7.1802106218291001E-02 a        53     0     4     1     8
  6.2567831386970238E-02 a        54     0     4     1     9
  2.4615390142357524E-01 a        55     0     4     1    10
 -2.5143665087623240E-01 a        56     0     4     1    11
 -1.4726375393937458E-01 a        57     0     4     1    12
  1.0563540005777317E-01 a        58     0     4     1    13
  1.0804728420817601E-01 a        59     0     4     1    14
  2.9497264966304500E-02 a        60     0     4     1    15
  6.8510565449051583E-02 a        61     0     5     1     1
 -1.4968411590793207E-01 a        62     0     5     1     2
  4.2158129490097659E-02 a        63     0     5     1     3
  2.0434102812987709E-01 a        64     0     5     1     4
  2.7385602398181091E-01 a        65     0     5     1     5
 -1.6999723126304600E-01 a        66     0     5     1     6
  1.6770898931513353E-01 a        67     0     5     1     7
  1.0787057319542671E-01 a        68     0     5     1     8
  2.1455895752217008E-01 a        69     0     5     1     9
  4.6707307180132586E-02 a        70     0     5     1    10
 -1.0208322171413355E-01 a        71     0     5     1    11
 -1.4800589226703545E-01 a        72     0     5     1    12
 -2.4743053152041766E-01 a        73     0     5     1    13
 -2.3404113000135182E-01 a        74     0     5     1    14
 -1.7818187076424688E-01 a        75     0     5     1    15
 -5.5857511203237668E-02 a        76     0     6     1     1
  1.0236364998682058E-02 a        77     0     6     1     2
 -2.9971049897048307E-01 a        78     0     6     1     3
 -2.3776056328884656E-02 a        79     0     6     1     4
  1.3472647635639570E-01 a        80     0     6     1     5
  2.0056775550989936E-01 a        81     0     6     1     6
  2.5430850106276182E-01 a        82     0     6     1     7
 -1.2291877068683094E-01 a        83     0     6     1     8
 -6.6355733900642033E-02 a        84     0     6     1     9
 -2.1069915830813643E-01 a        85     0     6     1    10
  1.6690234670588786E-01 a        86     0     6     1    11
 -4.2739092326936803E-02 a        87     0     6     1    12
  8.1870281584695961E-02 a        88     0     6     1    13
  3.0083948899101109E-01 a        89     0     6     1    14
 -2.0154552216423727E-01 a        90     0     6     1    15
  2.7859861344044072E-03 a        91     0     7     1     1
 -1.5811007394553822E-02 a        92     0     7     1     2
 -2.6074181396882207E-01 a        93     0     7     1     3
 -1.3122370948558001E-01 a        94     0     7     1     4
  3.0900292919252842E-01 a        95     0     7     1     5
  2.8870993748967849E-01 a        96     0     7     1     6
 -1.6780030544421487E-01 a        97     0     7     1     7
 -1.5731170735541634E-02 a        98     0     7     1     8
 -3.0010916931958892E-01 a        99     0     7     1     9
 -1.3474322847240322E-01 a       100     0     7     1    10
 -1.1987945187281990E-01 a       101     0     7     1    11
 -1.3479684310223680E-01 a       102     0     7     1    12
 -8.0716265464135281E-02 a       103     0     7     1    13
  1.2211506200727783E-01 a       104     0     7     1    14
 -1.8138118858536692E-01 a       105     0     7     1    15
 -1.7707386992854071E-01 a       106     0     8     1     1
  1.9134808569201603E-01 a       107     0     8     1     2
  1.1417884662422660E-01 a       108     0     8     1     3
 -1.0773342990981638E-01 a       109     0     8     1     4
 -2.3004243842443967E-01 a       110     0     8     1     5
  2.6674064288019922E-01 a       111     0     8     1     6
 -1.7163746540798999E-01 a       112     0     8     1     7
 -1.4970784339689794E-01 a       113     0     8     1     8
 -1.3987645771924570E-01 a       114     0     8     1     9
  2.5850351262203414E-01 a       115     0     8     1    10
  5.9306983566212265E-02 a       116     0     8     1    11
  2.3231229605800210E-01 a       117     0     8     1    12
  1.0475642502000154E-02 a       118     0     8     1    13
  2.3032660675146321E-02 a       119     0     8     1    14
 -1.9266939705244773E-01 a       120     0     8     1    15
  1.0147342249904119E-01 a       121     0     9     1     1
 -2.2293529911890014E-01 a       122     0     9     1     2
  1.3986991538544988E-01 a       123     0     9     1     3
 -1.7127330370210112E-01 a       124     0     9     1     4
 -5.4408645774713747E-03 a       125     0     9     1     5
  1.9964940767588210E-01 a       126     0     9     1     6
 -1.9712143636977633E-01 a       127     0     9     1     7
  2.1412699348731057E-01 a       128     0     9     1     8
 -1.9688267468654169E-01 a       129     0     9     1     9
  1.0474201872406391E-01 a       130     0     9     1    10
 -1.2989319369049268E-01 a       131     0     9     1    11
 -1.4887260298683258E-01 a       132     0     9     1    12
  1.3064455120128904E-01 a       133     0     9     1    13
 -2.2748878849847709E-01 a       134     0     9     1    14
 -1.3482725690209510E-01 a       135     0     9     1    15
 -4.7875991016312416E-03 a       136     0    10     1     1
 -2.7554083282962111E-01 a       137     0    10     1     2
 -1.5805182487602590E-01 a       138     0    10     1     3
  2.4805211193530133E-01 a       139     0    10     1     4
 -1.1131895717275064E-01 a       140     0    10     1     5
  2.1825285800477140E-01 a       141     0    10     1     6
 -1.4192982173310803E-01 a       142     0    10     1     7
 -1.4393159483414372E-01 a       143     0    10     1     8
 -1.4616135762766283E-01 a       144     0    10     1     9
 -5.9745289875581503E-02 a       145     0    10     1    10
 -2.3765139365713642E-01 a       146     0    10     1    11
  2.9387780819629415E-02 a       147     0    10     1    12
  2.1294020925535903E-01 a       148     0    10     1    13
  2.0127096649518683E-01 a       149     0    10     1    14
  7.1530154900399226E-02 a       150     0    10     1    15
  4.8761198052338854E-02 a       151     0    11     1     1
 -2.4021514470808969E-01 a       152     0    11     1     2
 -2.0020009999051361E-01 a       153     0    11     1     3
  3.1317396120717483E-01 a       154     0    11     1     4
  1.4244047701952778E-01 a       155     0    11     1     5
  1.3884346255636376E-01 a       156     0    11     1     6
  2.4708094617364945E-01 a       157     0    11     1     7
 -1.4307529666712315E-01 a       158     0    11     1     8
  2.3883822551997588E-01 a       159     0    11     1     9
 -7.9079641886230470E-02 a       160     0    11     1    10
  2.8148553690784981E-02 a       161     0    11     1    11
 -1.2094378070009187E-01 a       162     0    11     1    12
 -1.7701987945106465E-01 a       163     0    11     1    13
 -1.8474815572930517E-01 a       164     0    11     1    14
 -1.8417488071314517E-01 a       165     0    11     1    15
  2.6671099266852506E-02 a       166     0    12     1     1
  2.9898435112160521E-01 a       167     0    12     1     2
  7.7870485083483459E-02 a       168     0    12     1     3
 -1.6736295720003980E-01 a       169     0    12     1     4
  2.4184961381717060E-01 a       170     0    12     1     5
 -1.6504040276971560E-01 a       171     0    12     1     6
  1.1360677797552546E-01 a       172     0    12     1     7
  1.4080211623071063E-03 a       173     0    12     1     8
  1.2461738544503585E-01 a       174     0    12     1     9
  1.8320905158889519E-01 a       175     0    12     1    10
  6.7922369490462570E-02 a       176     0    12     1    11
  1.1668542548015717E-02 a       177     0    12     1    12
  4.1804569390321379E-02 a       178     0    12     1    13
  6.7171788253362549E-02 a       179     0    12     1    14
  8.6653301711795763E-03 a       180     0    12     1    15
  1.2417634042586476E-02 a       181     0    13     1     1
  2.6751587427527029E-01 a       182     0    13     1     2
  6.4122114385311485E-02 a       183     0    13     1     3
  2.6575649428751409E-02 a       184     0    13     1     4
 -2.1710130782441012E-01 a       185     0    13     1     5
 -2.1893816161198262E-01 a       186     0    13     1     6
 -2.6129587458995146E-01 a       187     0    13     1     7
 -1.9190891658433717E-01 a       188     0    13     1     8
  3.1228983539561400E-01 a       189     0    13     1     9
 -6.7053602878889049E-02 a       190     0    13     1    10
  1.0296905690693828E-01 a       191     0    13     1    11
  8.1950061316180045E-02 a       192     0    13     1    12
 -7.5136823765253824E-02 a       193     0    13     1    13
  4.4225595746550331E-03 a       194     0    13     1    14
 -2.2997173660584244E-01 a       195     0    13     1    15
 -2.0686193465984670E-02 a       196     0    14     1     1
  2.6058604308250333E-01 a       197     0    14     1     2
 -1.1557472971268669E-01 a       198     0    14     1     3
  2.6763345423800855E-01 a       199     0    14     1     4
 -1.7458937227325710E-01 a       200     0    14     1     5
  6.7105117283010537E-02 a       201     0    14     1     6
  2.2354749551698933E-01 a       202     0    14     1     7
  2.6502227957429875E-01 a       203     0    14     1     8
 -5.7301677415784340E-02 a       204     0    14     1     9
  1.8815526847637803E-03 a       205     0    14     1    10
  3.0289647855918145E-01 a       206     0    14     1    11
  1.0421923005542066E-01 a       207     0    14     1    12
  7.5873638343547892E-02 a       208     0    14     1    13
  1.7590476800730387E-01 a       209     0    14     1    14
 -2.4596344016442168E-01 a       210     0    14     1    15
 -2.2761509274276809E-02 a       211     0    15     1     1
 -2.2509024445381184E-01 a       212     0    15     1     2
  1.0937820071929964E-01 a       213     0    15     1     3
  2.2507598059850120E-01 a       214     0    15     1     4
  2.4400374291293109E-01 a       215     0    15     1     5
 -2.0073742033684486E-01 a       216     0    15     1     6
 -1.2799699703360623E-01 a       217     0    15     1     7
 -2.2707589120359645E-01 a       218     0    15     1     8
 -2.4602327894721959E-01 a       219     0    15     1     9
  2.3117585533045685E-03 a       220     0    15     1    10
 -1.7603591740571461E-01 a       221     0    15     1    11
 -2.6111640873430259E-01 a       222     0    15     1    12
  8.7000790606651626E-02 a       223     0    15     1    13
 -1.9101443205855190E-01 a       224     0    15     1    14
  7.7974518093923223E-02 a       225     0    15     1    15
 -1.9537157832638127E-01 a       226     0    16     1     1
  1.6892709768880723E-01 a       227     0    16     1     2
  1.8185006725173983E-01 a       228     0    16     1     3
 -1.8772466159682447E-01 a       229     0    16     1     4
 -1.9103534255412011E-01 a       230     0    16     1     5
 -1.8709551527015317E-01 a       231     0    16     1     6
  2.5633879423656636E-01 a       232     0    16     1     7
 -3.7100478525024919E-02 a       233     0    16     1     8
 -2.8965733763708618E-01 a       234     0    16     1     9
 -2.9624064958747848E-01 a       235     0    16     1    10
  1.6317021774718224E-01 a       236     0    16     1    11
 -1.1516386334447740E-01 a       237     0    16     1    12
  2.7564797386027573E-01 a       238     0    16     1    13
 -1.9083694116628599E-01 a       239     0    16     1    14
 -3.1377433846749475E-01 a       240     0    16     1    15
 -5.5258271299261127E-02 a       241     0    17     1     1
  1.7366553228841779E-02 a       242     0    17     1     2
 -1.4017738306647456E-01 a       243     0    17     1     3
  1.4855681805907447E-01 a       244     0    17     1     4
  3.0127673628831719E-01 a       245     0    17     1     5
  1.9001985366921226E-01 a       246     0    17     1     6
  2.6047143973498155E-01 a       247     0    17     1     7
  1.1566000562601557E-01 a       248     0    17     1     8
 -2.8240394119728995E-01 a       249     0    17     1     9
  3.1541129708515997E-01 a       250     0    17     1    10
 -7.6771797250101692E-02 a       251     0    17     1    11
  2.0749964124380738E-01 a       252     0    17     1    12
  2.3211956617979743E-02 a       253     0    17     1    13
 -1.6414691953643690E-01 a       254     0    17     1    14
 -1.9535214095837541E-01 a       255     0    17     1    15
 -4.1436204898132885E-02 a       256     0    18     1     1
  1.2359721251101285E-01 a       257     0    18     1     2
  2.5171177713459175E-01 a       258     0    18     1     3
  2.0364587242925944E-01 a       259     0    18     1     4
 -2.5808453595863312E-01 a       260     0    18     1     5
  2.6977451173124095E-01 a       261     0    18     1     6
 -1.9040988223833027E-01 a       262     0    18     1     7
  5.7153482998568463E-02 a       263     0    18     1     8
  1.7318691636468689E-01 a       264     0    18     1     9
 -2.6511965722885267E-01 a       265     0    18     1    10
  8.2043677218798419E-02 a       266     0    18     1    11
 -1.2419550120743007E-01 a       267     0    18     1    12
  1.8796612695548376E-01 a       268     0    18     1    13
  2.8128558466886033E-01 a       269     0    18     1    14
 -3.0908261310484405E-02 a       270     0    18     1    15
 -2.7155228322802916E-01 a       271     0    19     1     1
 -9.5018639143633052E-02 a       272     0    19     1     2
 -1.0754527057640262E-01 a       273     0    19     1     3
  1.9452785878472570E-01 a       274     0    19     1     4
 -1.1558632381509384E-01 a       275     0    19     1     5
  2.5095495609727470E-01 a       276     0    19     1     6
  2.2602749355763027E-01 a       277     0    19     1     7
 -2.9349458799220335E-01 a       278     0    19     1     8
  1.6546224257616110E-01 a       279     0    19     1     9
  1.4237934530244096E-02 a       280     0    19     1    10
  2.6561421210027536E-01 a       281     0    19     1    11
  1.3073250060792960E-01 a       282     0    19     1    12
 -4.8417399377812427E-02 a       283     0    19     1    13
  2.2680905107099806E-02 a       284     0    19     1    14
  2.0739288801151935E-02 a       285     0    19     1    15
  5.7049478662718409E-02 a       286     0    20     1     1
  2.2265532680671513E-01 a       287     0    20     1     2
 -2.0913958619098635E-01 a       288     0    20     1     3
  4.0132012618831585E-02 a       289     0    20     1     4
  9.6408798429804043E-02 a       290     0    20     1     5
 -4.8295984197030987E-03 a       291     0    20     1     6
 -5.4268729877705299E-02 a       292     0    20     1     7
 -1.5353647523402067E-01 a       293     0    20     1     8
  8.1312694677271605E-02 a       294     0    20     1     9
  2.2416857233214171E-01 a       295     0    20     1    10
  1.8342519764428644E-01 a       296     0    20     1    11
  1.6008441023786776E-01 a       297     0    20     1    12
  4.9815159543669704E-02 a       298     0    20     1    13
 -1.3702681801566660E-01 a       299     0    20     1    14
  9.5137057516907361E-02 a       300     0    20     1    15
  1.7061065594434718E-01 a       301     0    21     1     1
  1.0627465060094289E-01 a       302     0    21     1     2
 -3.2810072626963477E-02 a       303     0    21     1     3
 -3.4405176729442521E-01 a       304     0    21     1     4
 -2.0692996390776638E-01 a       305     0    21     1     5
  1.5481172386833159E-01 a       306     0    21     1     6
  7.6921421040819102E-02 a       307     0    21     1     7
  5.8422228635508958E-02 a       308     0    21     1     8
  1.1201105756070003E-01 a       309     0    21     1     9
  2.3245647487738175E-01 a       310     0    21     1    10
  4.6286990975439181E-02 a       311     0    21     1    11
 -1.8188990951334572E-01 a       312     0    21     1    12
  2.2617549080533317E-01 a       313     0    21     1    13
  9.7611924107781217E-03 a       314     0    21     1    14
  1.9937385611751510E-01 a       315     0    21     1    15
  1.6398120631487323E-01 a       316     0    22     1     1
  2.0896622891188429E-01 a       317     0    22     1     2
 -2.2739106210361634E-01 a       318     0    22     1     3
 -1.6061952484505204E-01 a       319     0    22     1     4
  5.7226940419737644E-02 a       320     0    22     1     5
 -1.6676002719924801E-01 a       321     0    22     1     6
 -4.8825062279988729E-02 a       322     0    22     1     7
  1.4952784039937533E-01 a       323     0    22     1     8
 -1.0611327930930457E-01 a       324     0    22     1     9
 -2.3699360563888905E-01 a       325     0    22     1    10
  3.0967021464153455E-01 a       326     0    22     1    11
 -2.5704676213132893E-01 a       327     0    22     1    12
  2.1306441330462067E-01 a       328     0    22     1    13
  1.6392782230294257E-02 a       329     0    22     1    14
 -1.1551257413641615E-01 a       330     0    22     1    15
 -9.9272017796953438E-02 a       331     0    23     1     1
  3.6217912429093058E-02 a       332     0    23     1     2
 -5.0667127173356467E-02 a       333     0    23     1     3
 -2.3391332038261305E-02 a       334     0    23     1     4
  2.0271237436491948E-01 a       335     0    23     1     5
 -2.3171537781997742E-01 a       336     0    23     1     6
  2.3554791512930138E-02 a       337     0    23     1     7
  2.6220132472402136E-01 a       338     0    23     1     8
 -2.9751326014282331E-01 a       339     0    23     1     9
  2.4381728220363968E-02 a       340     0    23     1    10
 -8.6134407337137481E-02 a       341     0    23     1    11
  2.8551394804111618E-01 a       342     0    23     1    12
 -1.3146950295060483E-01 a       343     0    23     1    13
  1.3668146102219234E-01 a       344     0    23     1    14
 -1.8220989938844554E-02 a       345     0    23     1    15
 -1.1229274790455493E-01 a       346     0    24     1     1
  2.3050773536611954E-01 a       347     0    24     1     2
  9.0474416170950464E-02 a       348     0    24     1     3
 -2.0889704272673590E-01 a       349     0    24     1     4
  1.6720781650834968E-01 a       350     0    24     1     5
  1.9626964475185932E-01 a       351     0    24     1     6
 -8.8079370629526213E-02 a       352     0    24     1     7
  9.2619444372627882E-02 a       353     0    24     1     8
 -1.0162361455053700E-02 a       354     0    24     1     9
 -1.0780267298098072E-02 a       355     0    24     1    10
 -8.3761002222814560E-02 a       356     0    24     1    11
  2.1453013233692880E-01 a       357     0    24     1    12
  1.2113835303865951E-01 a       358     0    24     1    13
  8.1393349002771537E-02 a       359     0    24     1    14
 -3.2734260348541988E-02 a       360     0    24     1    15
  2.6778957405361031E-01 a       361     0    25     1     1
 -2.1116509422150553E-01 a       362     0    25     1     2
 -1.6403945043535356E-01 a       363     0    25     1     3
  3.1976065103455348E-01 a       364     0    25     1     4
 -1.3014524893742926E-01 a       365     0    25     1     5
  6.9130032860971607E-02 a       366     0    25     1     6
  4.9733975904873017E-02 a       367     0    25     1     7
 -1.2802985745319004E-01 a       368     0    25     1     8
  1.3170896286661901E-01 a       369     0    25     1     9
  1.8937216282148162E-01 a       370     0    25     1    10
  2.3631295136715993E-01 a       371     0    25     1    11
 -1.6003431478537222E-01 a       372     0    25     1    12
 -1.4665637243048449E-01 a       373     0    25     1    13
 -4.5607282126237894E-02 a       374     0    25     1    14
  1.0263488829558268E-01 a       375     0    25     1    15
 -2.5480526603318771E-01 a       376     0    26     1     1
  2.8295920582239498E-02 a       377     0    26     1     2
 -1.6521511669164251E-02 a       378     0    26     1     3
  2.1534571140269829E-01 a       379     0    26     1     4
  1.4500997390560083E-01 a       380     0    26     1     5
 -1.2084665992494829E-01 a       381     0    26     1     6
 -1.5708693856451245E-01 a       382     0    26     1     7
  1.4029388866385598E-01 a       383     0    26     1     8
 -2.3559253421153226E-01 a       384     0    26     1     9
  8.3454902073587934E-04 a       385     0    26     1    10
 -9.7013635793986044E-02 a       386     0    26     1    11
  1.7581403863793779E-01 a       387     0    26     1    12
  2.2510352356774202E-01 a       388     0    26     1    13
  2.0584966855250489E-01 a       389     0    26     1    14
 -1.5273338922809768E-01 a       390     0    26     1    15
  9.1386781666877179E-02 a       391     0    27     1     1
 -4.2222327704987114E-02 a       392     0    27     1     2
 -2.2496858563863714E-01 a       393     0    27     1     3
 -3.0484648960270166E-01 a       394     0    27     1     4
 -1.9907509697938183E-01 a       395     0    27     1     5
 -9.4547822983275007E-02 a       396     0    27     1     6
  2.0833583538066441E-01 a       397     0    27     1     7
 -4.6395133182183468E-02 a       398     0    27     1     8
 -1.8766935185287453E-01 a       399     0    27     1     9
 -1.9317954987113534E-01 a       400     0    27     1    10
 -2.3765100830830996E-01 a       401     0    27     1    11
  1.6065788691378491E-01 a       402     0    27     1    12
 -1.1633534346217526E-01 a       403     0    27     1    13
 -2.1809899070796440E-01 a       404     0    27     1    14
  1.3922128424426875E-03 a       405     0    27     1    15
 -3.8038814775746492E-02 a       406     0    28     1     1
  1.7199871779208073E-01 a       407     0    28     1     2
  1.9648003436855679E-01 a       408     0    28     1     3
 -1.6308392218021323E-01 a       409     0    28     1     4
  1.5215591263201630E-01 a       410     0    28     1     5
  1.6130014335538481E-01 a       411     0    28     1     6
 -3.7754654737060210E-02 a       412     0    28     1     7
  1.9517580599764653E-01 a       413     0    28     1     8
  1.3343764257739071E-01 a       414     0    28     1     9
  2.9656458945719266E-01 a       415     0    28     1    10
 -8.8487878517207273E-03 a       416     0    28     1    11
 -1.1111860068717731E-01 a       417     0    28     1    12
 -2.0051653294065200E-01 a       418     0    28     1    13
  3.2508800322161091E-01 a       419     0    28     1    14
 -2.7707532082517883E-01 a       420     0    28     1    15
  2.6739461278122434E-01 a       421     0    29     1     1
 -2.0132813014391965E-01 a       422     0    29     1     2
  2.4737098623833362E-01 a       423     0    29     1     3
  3.6037151806466411E-02 a       424     0    29     1     4
  1.6616841729252660E-01 a       425     0    29     1     5
 -2.1549580342308614E-01 a       426     0    29     1     6
 -2.4820734467777772E-01 a       427     0    29     1     7
 -6.2617124519583539E-02 a       428     0    29     1     8
  3.0407495066830055E-02 a       429     0    29     1     9
  6.2750299276296009E-02 a       430     0    29     1    10
  1.7170363172103778E-01 a       431     0    29     1    11
  7.1115337089045924E-02 a       432     0    29     1    12
  4.8706701380811901E-02 a       433     0    29     1    13
  1.7331259380380801E-01 a       434     0    29     1    14
 -8.9235441993128092E-02 a       435     0    29     1    15
 -2.2810080229545987E-01 a       436     0    30     1     1
 -2.2579198145360205E-01 a       437     0    30     1     2
  2.6692194731571205E-02 a       438     0    30     1     3
 -1.2211547357365576E-01 a       439     0    30     1     4
 -1.8030437359485577E-01 a       440     0    30     1     5
 -1.4039716180579512E-01 a       441     0    30     1     6
  2.2457387736645557E-01 a       442     0    30     1     7
 -1.3976578213631891E-01 a       443     0    30     1     8
 -2.1848919259404376E-01 a       444     0    30     1     9
  4.1155833478923882E-02 a       445     0    30     1    10
  2.1236834258785384E-01 a       446     0    30     1    11
  5.5249419615716118E-02 a       447     0    30     1    12
 -2.2233753664883052E-01 a       448     0    30     1    13
  6.8093774147625366E-02 a       449     0    30     1    14
  4.8619874830161343E-02 a       450     0    30     1    15
 -1.0485536262817549E-01 a       451     0    31     1     1
 -1.1592244739092752E-01 a       452     0    31     1     2
 -2.5900618367912570E-01 a       453     0    31     1     3
  2.8867209258931728E-02 a       454     0    31     1     4
 -2.6223696634170623E-01 a       455     0    31     1     5
  1.7601513065400787E-01 a       456     0    31     1     6
  1.4873111887619384E-01 a       457     0    31     1     7
  8.5970733583264305E-02 a       458     0    31     1     8
  2.1184825236580590E-01 a       459     0    31     1     9
  2.5657435863434375E-01 a       460     0    31     1    10
 -1.0750062391486345E-01 a       461     0    31     1    11
  7.5753375400113510E-02 a       462     0    31     1    12
 -1.0554648329463238E-01 a       463     0    31     1    13
  2.4234047273508366E-01 a       464     0    31     1    14
  2.9589911644271390E-02 a       465     0    31     1    15
 -1.8569963922429833E-01 a       466     0    32     1     1
 -3.4100360848464073E-02 a       467     0    32     1     2
 -2.5379272524311058E-01 a       468     0    32     1     3
 -2.0706304082407997E-01 a       469     0    32     1     4
  2.2059767773694958E-01 a       470     0    32     1     5
 -1.4941283629331586E-01 a       471     0    32     1     6
 -2.2471715313646146E-01 a       472     0    32     1     7
 -1.2829855953469529E-01 a       473     0    32     1     8
  9.0779511408996288E-02 a       474     0    32     1     9
 -2.9174826705842838E-01 a       475     0    32     1    10
  1.2425105022956105E-01 a       476     0    32     1    11
  2.2611310755671005E-01 a       477     0    32     1    12
  2.1181706095628169E-01 a       478     0    32     1    13
  3.9587341563648874E-03 a       479     0    32     1    14
 -5.7132320015366014E-02 a       480     0    32     1    15
 -2.0967638918394346E-01 a       481     0    33     1     1
  4.4901465655798903E-02 a       482     0    33     1     2
  1.7968010426454922E-01 a       483     0    33     1     3
  2.3611563663734622E-01 a       484     0    33     1     4
  9.1873455002944998E-02 a       485     0    33     1     5
 -1.3122450936389851E-01 a       486     0    33     1     6
 -1.1247076335680158E-01 a       487     0    33     1     7
  7.7548228536103075E-02 a       488     0    33     1     8
  1.6515943293564744E-01 a       489     0    33     1     9
  1.1005989012392378E-01 a       490     0    33     1    10
  1.0643083901256223E-01 a       491     0    33     1    11
  1.3939924223426578E-01 a       492     0    33     1    12
  2.2260129091885742E-02 a       493     0    33     1    13
  1.8140364649779886E-01 a       494     0    33     1    14
  2.8259535474989778E-01 a       495     0    33     1    15
 -1.3472380144465912E-01 a       496     0    34     1     1
  2.5603837757608661E-01 a       497     0    34     1     2
 -1.2601170598027872E-01 a       498     0    34     1     3
  2.6459388813570056E-01 a       499     0    34     1     4
 -8.0955855508113309E-02 a       500     0    34     1     5
  2.7879311701387827E-01 a       501     0    34     1     6
  2.3169249694457511E-01 a       502     0    34     1     7
 -1.2636713969423147E-02 a       503     0    34     1     8
  1.4376200485722271E-01 a       504     0    34     1     9
 -6.9306236928774925E-02 a       505     0    34     1    10
  3.0113189858881934E-01 a       506     0    34     1    11
 -2.0973572171241520E-01 a       507     0    34     1    12
 -2.6111615923933845E-01 a       508     0    34     1    13
 -1.2222494581858485E-01 a       509     0    34     1    14
 -9.7929748810029069E-02 a       510     0    34     1    15
 -2.8100036377770887E-01 a       511     0    35     1     1
  1.9862724737165730E-01 a       512     0    35     1     2
 -1.6857006600824623E-02 a       513     0    35     1     3
  8.9966153434115695E-02 a       514     0    35     1     4
  1.9058469706848460E-01 a       515     0    35     1     5
  1.5491056486534907E-01 a       516     0    35     1     6
  8.1720419340103823E-02 a       517     0    35     1     7
 -3.0590607668965258E-01 a       518     0    35     1     8
 -2.7852344334445450E-01 a       519     0    35     1     9
 -1.3706105012541986E-01 a       520     0    35     1    10
  6.3948460338792923E-02 a       521     0    35     1    11
 -2.4694558488218832E-01 a       522     0    35     1    12
 -1.7373372791944638E-01 a       523     0    35     1    13
 -2.6287172346965981E-02 a       524     0    35     1    14
  9.5944273969781363E-02 a       525     0    35     1    15
  1.4436221153417217E-01 a       526     0    36     1     1
 -2.1316325081707438E-01 a       527     0    36     1     2
  1.1096488961367340E-01 a       528     0    36     1     3
 -8.0664535709014926E-02 a       529     0    36     1     4
  3.8030187718488088E-02 a       530     0    36     1     5
  3.4824573062698032E-02 a       531     0    36     1     6
  2.0623891761647498E-01 a       532     0    36     1     7
 -1.6026082852077411E-01 a       533     0    36     1     8
 -2.5773352723395107E-02 a       534     0    36     1     9
 -1.8914207358283364E-01 a       535     0    36     1    10
  1.5744241006964999E-01 a       536     0    36     1    11
  1.9523679966644031E-01 a       537     0    36     1    12
  2.4757159574418312E-02 a       538     0    36     1    13
 -3.2716053521245625E-02 a       539     0    36     1    14
  1.0015847454564396E-01 a       540     0    36     1    15
  2.1394493309838936E-01 a       541     0    37     1     1
 -1.5663987461996473E-01 a       542     0    37     1     2
  2.4053958079238436E-01 a       543     0    37     1     3
 -4.3433837068849138E-02 a       544     0    37     1     4
  8.5135499151670291E-02 a       545     0    37     1     5
 -1.2148717502811890E-01 a       546     0    37     1     6
 -5.9894410601501587E-02 a       547     0    37     1     7
  1.1701909314395548E-01 a       548     0    37     1     8
 -2.0452580774369542E-02 a       549     0    37     1     9
 -8.3676578674671889E-02 a       550     0    37     1    10
  4.9300214065132748E-02 a       551     0    37     1    11
  1.4115806728203745E-01 a       552     0    37     1    12
  2.2215998965364794E-01 a       553     0    37     1    13
  6.0622105401889587E-02 a       554     0    37     1    14
 -1.0854972377086556E-03 a       555     0    37     1    15
  1.5960383334536277E-01 a       556     0    38     1     1
  3.4776360779154046E-02 a       557     0    38     1     2
  1.9335990739913966E-01 a       558     0    38     1     3
 -9.4846055808634158E-02 a       559     0    38     1     4
 -5.8493822561889751E-02 a       560     0    38     1     5
 -4.5060403139137534E-02 a       561     0    38     1     6
  3.4489746937699517E-02 a       562     0    38     1     7
  1.7040154345230826E-01 a       563     0    38     1     8
 -8.5979769618877031E-02 a       564     0    38     1     9
  1.7211862413673656E-01 a       565     0    38     1    10
  2.6989834063883761E-01 a       566     0    38     1    11
  9.2182356926754763E-02 a       567     0    38     1    12
  2.2007351094371727E-01 a       568     0    38     1    13
 -2.3579768960811587E-01 a       569     0    38     1    14
 -2.3367909158234884E-01 a       570     0    38     1    15
 -1.7005553153228567E-01 a       571     0    39     1     1
  3.2092131076465980E-01 a       572     0    39     1     2
 -1.3556980424399201E-01 a       573     0    39     1     3
  2.0998657398615894E-01 a       574     0    39     1     4
  1.4731508632052981E-01 a       575     0    39     1     5
 -1.4156501836227986E-01 a       576     0    39     1     6
 -1.7633930953317653E-01 a       577     0    39     1     7
  2.6907737473109489E-01 a       578     0    39     1     8
 -1.6955286641689735E-01 a       579     0    39     1     9
  9.4957412447975911E-02 a       580     0    39     1    10
 -1.3262587401055073E-01 a       581     0    39     1    11
  2.6494672969899692E-02 a       582     0    39     1    12
  2.2880192956835693E-01 a       583     0    39     1    13
 -2.1884747029366039E-01 a       584     0    39     1    14
  1.9770688490765009E-01 a       585     0    39     1    15
  2.0323327922594026E-01 a       586     0    40     1     1
 -2.3180793353067988E-01 a       587     0    40     1     2
  2.5577086366103297E-01 a       588     0    40     1     3
  1.4631465471599792E-01 a       589     0    40     1     4
  3.2418585963504318E-02 a       590     0    40     1     5
 -1.4738596570065943E-01 a       591     0    40     1     6
 -1.9680329683916417E-01 a       592     0    40     1     7
 -1.6477335802737852E-01 a       593     0    40     1     8
 -1.8564319217095385E-01 a       594     0    40     1     9
  2.6321818364550742E-01 a       595     0    40     1    10
 -1.7134813671992760E-01 a       596     0    40     1    11
 -1.6854526392199313E-02 a       597     0    40     1    12
 -6.6496485762483848E-02 a       598     0    40     1    13
  1.5848934013986660E-01 a       599     0    40     1    14
  2.3690114421666819E-01 a       600     0    40     1    15
 -1.1520437506487777E-01 a       601     0    41     1     1
 -6.4383996184527087E-02 a       602     0    41     1     2
  1.5352078265970714E-01 a       603     0    41     1     3
  2.9501006613675392E-02 a       604     0    41     1     4
 -2.5137361221713933E-01 a       605     0    41     1     5
  1.7745196782065339E-01 a       606     0    41     1     6
 -1.3794462432624185E-01 a       607     0    41     1     7
  2.0629468905632986E-01 a       608     0    41     1     8
 -7.5801773297313177E-02 a       609     0    41     1     9
 -1.6123723363788808E-01 a       610     0    41     1    10
  1.4821143705458170E-01 a       611     0    41     1    11
 -1.1706202271950382E-01 a       612     0    41     1    12
 -2.4321374464951356E-03 a       613     0    41     1    13
  4.6881870712351344E-02 a       614     0    41     1    14
  2.0218129231906048E-01 a       615     0    41     1    15
 -1.2275936545888566E-03 a       616     0    42     1     1
  2.4234120315002391E-01 a       617     0    42     1     2
 -2.2253477374159575E-01 a       618     0    42     1     3
  7.0812758071999993E-02 a       619     0    42     1     4
  1.2287627536639156E-01 a       620     0    42     1     5
 -7.9569857008139636E-02 a       621     0    42     1     6
  1.8069535740768189E-01 a       622     0    42     1     7
 -1.4700634453526113E-02 a       623     0    42     1     8
 -2.2977087973392801E-01 a       624     0    42     1     9
  2.2922530891177226E-02 a       625     0    42     1    10
 -9.5541599916383751E-02 a       626     0    42     1    11
  2.4583417571406821E-01 a       627     0    42     1    12
  3.5884903899249900E-03 a       628     0    42     1    13
  2.0264054417594515E-01 a       629     0    42     1    14
 -1.0836037621800663E-01 a       630     0    42     1    15
 -2.5190238958264777E-01 a       631     0    43     1     1
  3.2386439031821623E-01 a       632     0    43     1     2
 -1.9223019978492720E-01 a       633     0    43     1     3
  3.2618723190621118E-01 a       634     0    43     1     4
  2.7845205712510224E-01 a       635     0    43     1     5
 -2.2812619381170166E-01 a       636     0    43     1     6
  2.0491908421419663E-02 a       637     0    43     1     7
  1.9116121225202440E-03 a       638     0    43     1     8
 -8.0002259445436250E-02 a       639     0    43     1     9
  6.5763222017428550E-03 a       640     0    43     1    10
  2.2311569583516927E-01 a       641     0    43     1    11
  1.7353911604152114E-01 a       642     0    43     1    12
  1.2794658189875673E-02 a       643     0    43     1    13
  8.4286996738176675E-02 a       644     0    43     1    14
  3.4089236535088427E-02 a       645     0    43     1    15
  2.8222108679605123E-01 a       646     0    44     1     1
 -1.8207504452878076E-01 a       647     0    44     1     2
 -2.0301223063577534E-01 a       648     0    44     1     3
 -9.0559095315067726E-05 a       649     0    44     1     4
 -3.6721936608581730E-02 a       650     0    44     1     5
 -8.4809407061438413E-02 a       651     0    44     1     6
 -1.3112126033985050E-01 a       652     0    44     1     7
  2.4200808613261310E-01 a       653     0    44     1     8
  8.2038594409410026E-02 a       654     0    44     1     9
 -3.6017705089676125E-02 a       655     0    44     1    10
 -1.5446995344348824E-01 a       656     0    44     1    11
 -1.1441074525154804E-01 a       657     0    44     1    12
 -1.6832518290738618E-01 a       658     0    44     1    13
 -1.6353208044349762E-01 a       659     0    44     1    14
  1.5142188826540176E-01 a       660     0    44     1    15
  1.7946959571620907E-01 a       661     0    45     1     1
 -2.6245268572510078E-01 a       662     0    45     1     2
  6.4533718633103211E-03 a       663     0    45     1     3
  1.5063660309238244E-02 a       664     0    45     1     4
  2.3243554230737634E-01 a       665     0    45     1     5
  1.8562805808097782E-01 a       666     0    45     1     6
 -1.8927517189651100E-01 a       667     0    45     1     7
  1.4196786604312173E-01 a       668     0    45     1     8
  6.2465410450201632E-02 a       669     0    45     1     9
 -9.4533880511655288E-02 a       670     0    45     1    10
  5.2501174949388336E-02 a       671     0    45     1    11
  1.3306808049131277E-01 a       672     0    45     1    12
 -2.2603017832391128E-01 a       673     0    45     1    13
 -9.3348964559092487E-02 a       674     0    45     1    14
 -2.6465536555941396E-03 a       675     0    45     1    15
 -7.0530848617925634E-02 a       676     0    46     1     1
 -2.1603487228579984E-01 a       677     0    46     1     2
 -4.5312709192072392E-02 a       678     0    46     1     3
  7.0122136911801983E-02 a       679     0    46     1     4
 -1.6963508751926831E-01 a       680     0    46     1     5
 -1.1872954129507972E-01 a       681     0    46     1     6
 -2.1762995049337511E-01 a       682     0    46     1     7
  1.7713609149848933E-01 a       683     0    46     1     8
  2.8046978186811172E-01 a       684     0    46     1     9
 -3.5434733466621182E-02 a       685     0    46     1    10
 -4.7528434178710124E-02 a       686     0    46     1    11
 -1.4740564199439526E-01 a       687     0    46     1    12
  2.1258989419972139E-02 a       688     0    46     1    13
  1.3911430023892021E-02 a       689     0    46     1    14
  2.0546079397069088E-02 a       690     0    46     1    15
  2.0231315403810235E-01 a       691     0    47     1     1
 -2.4638807994906498E-01 a       692     0    47     1     2
 -2.5358711045180177E-01 a       693     0    47     1     3
 -2.2572398116459949E-01 a       694     0    47     1     4
 -2.6987340407083638E-01 a       695     0    47     1     5
 -1.4715180532243879E-01 a       696     0    47     1     6
 -2.6467450805218984E-01 a       697     0    47     1     7
 -9.4426142707624942E-03 a       698     0    47     1     8
 -1.6527919192869311E-01 a       699     0    47     1     9
 -1.1326610040524833E-01 a       700     0    47     1    10
 -1.9477025280167434E-01 a       701     0    47     1    11
 -6.4862117798901719E-02 a       702     0    47     1    12
  7.4563487156037542E-02 a       703     0    47     1    13
  1.6103414893552701E-01 a       704     0    47     1    14
 -2.5461212072221101E-01 a       705     0    47     1    15
  1.6139631799707160E-02 a       706     0    48     1     1
 -1.0462612159433970E-01 a       707     0    48     1     2
 -2.7324994803865071E-01 a       708     0    48     1     3
 -1.0051176710614054E-01 a       709     0    48     1     4
  4.8242797654694747E-02 a       710     0    48     1     5
  1.5770624115318080E-01 a       711     0    48     1     6
  6.7631006567348467E-02 a       712     0    48     1     7
 -2.8581183471064031E-01 a       713     0    48     1     8
  3.0029375650818713E-03 a       714     0    48     1     9
  1.3765390513646442E-01 a       715     0    48     1    10
 -8.7278618669210425E-02 a       716     0    48     1    11
  3.3081298701213313E-01 a       717     0    48     1    12
 -1.3715044130566990E-02 a       718     0    48     1    13
  1.5306922197032682E-01 a       719     0    48     1    14
  1.1101194089457166E-01 a       720     0    48     1    15
 -1.8531557124029444E-01 a       721     0    49     1     1
  5.3781692907875399E-02 a       722     0    49     1     2
  2.2924319204903180E-02 a       723     0    49     1     3
 -2.8761072468982369E-02 a       724     0    49     1     4
  2.4798560260367836E-01 a       725     0    49     1     5
  1.0591391056616009E-01 a       726     0    49     1     6
 -2.1000183802152339E-01 a       727     0    49     1     7
  2.2612930647938925E-01 a       728     0    49     1     8
 -2.1394594761929833E-01 a       729     0    49     1     9
 -2.4971768622006055E-01 a       730     0    49     1    10
 -3.0968283253353607E-01 a       731     0    49     1    11
  1.2833585263115119E-01 a       732     0    49     1    12
 -5.0995423395829277E-02 a       733     0    49     1    13
  1.2118481001787977E-01 a       734     0    49     1    14
  1.2768448135440688E-01 a       735     0    49     1    15
  2.4440946278382278E-01 a       736     0    50     1     1
  1.4408858897787305E-02 a       737     0    50     1     2
 -1.8560486237361445E-01 a       738     0    50     1     3
  2.6183805878650879E-01 a       739     0    50     1     4
 -1.0285544216258437E-01 a       740     0    50     1     5
  1.2837327671459567E-01 a       741     0    50     1     6
  1.1792290937040001E-01 a       742     0    50     1     7
  2.2978905824948379E-01 a       743     0    50     1     8
  3.3033918348289615E-02 a       744     0    50     1     9
  1.6164289455121778E-01 a       745     0    50     1    10
  1.9634938823254033E-01 a       746     0    50     1    11
 -2.6009217518760930E-01 a       747     0    50     1    12
  2.3276069424729928E-01 a       748     0    50     1    13
 -1.4753197395786602E-01 a       749     0    50     1    14
 -8.9742923365954352E-02 a       750     0    50     1    15
  2.4873256378850808E-01 a       751     0    51     1     1
  2.6890503416808753E-01 a       752     0    51     1     2
 -2.8901483280284168E-01 a       753     0    51     1     3
  1.5316786285201384E-01 a       754     0    51     1     4
  7.8809531990942178E-02 a       755     0    51     1     5
 -2.8642570096554031E-02 a       756     0    51     1     6
 -1.9601171971563536E-01 a       757     0    51     1     7
  1.1532969792616711E-01 a       758     0    51     1     8
 -3.2511208470116242E-03 a       759     0    51     1     9
  2.0588082817707251E-01 a       760     0    51     1    10
  6.6905122263214822E-02 a       761     0    51     1    11
 -2.9757711729848779E-01 a       762     0    51     1    12
 -1.9833838760016911E-01 a       763     0    51     1    13
 -7.9784299538784870E-03 a       764     0    51     1    14
  8.8279378830074685E-03 a       765     0    51     1    15
  1.8263704457921576E-01 a       766     0    52     1     1
 -2.3762964606341569E-01 a       767     0    52     1     2
 -2.5674705617267080E-01 a       768     0    52     1     3
  1.9799545832904250E-01 a       769     0    52     1     4
 -1.8698734355053298E-01 a       770     0    52     1     5
  2.6483930722830434E-01 a       771     0    52     1     6
  1.2313646414922615E-01 a       772     0    52     1     7
  4.0029786169238933E-02 a       773     0    52     1     8
 -6.6532125868491873E-02 a       774     0    52     1     9
 -6.3442011834046186E-02 a       775     0    52     1    10
 -1.3077427917780679E-01 a       776     0    52     1    11
 -2.8695783841369649E-01 a       777     0    52     1    12
  2.7896083862023829E-01 a       778     0    52     1    13
 -3.0273117554805196E-01 a       779     0    52     1    14
  2.5370744649427385E-01 a       780     0    52     1    15
 -2.6350148849093763E-01 a       781     0    53     1     1
  2.3394824746589074E-01 a       782     0    53     1     2
  1.9139378331834145E-01 a       783     0    53     1     3
 -2.5391696907693001E-01 a       784     0    53     1     4
 -2.1474226065357946E-01 a       785     0    53     1     5
 -1.8318260691286833E-01 a       786     0    53     1     6
 -1.2390317548065369E-01 a       787     0    53     1     7
  2.3085198202110263E-01 a       788     0    53     1     8
 -7.0839074546353811E-02 a       789     0    53     1     9
  2.5772235011281508E-01 a       790     0    53     1    10
 -3.2889553737841311E-02 a       791     0    53     1    11
  2.9062335770457076E-01 a       792     0    53     1    12
 -1.1244604048121709E-01 a       793     0    53     1    13
  2.4810431008746056E-01 a       794     0    53     1    14
  2.5331309800086377E-01 a       795     0    53     1    15
  2.2306351552672146E-02 b       796     1     1
 -6.1941242634749261E-02 b       797     1     2
  1.3477087370653112E-01 b       798     1     3
 -4.4623234933635715E-02 b       799     1     4
 -7.1698211098335823E-02 b       800     1     5
 -5.2457763046362023E-02 b       801     1     6
  1.1556415338189062E-03 b       802     1     7
 -5.8223706577672412E-03 b       803     1     8
  1.2837628460597889E-01 b       804     1     9
 -2.4135732754176457E-02 b       805     1    10
 -6.2111459566255925E-02 b       806     1    11
 -7.4175648131810074E-02 b       807     1    12
  6.9048324768553923E-02 b       808     1    13
 -5.9569133468721523E-02 b       809     1    14
  2.5253824513859852E-02 b       810     1    15
 -3.6328654144883266E-01 a       811     1     1     2     1
 -1.3045851788015927E-01 a       812     1     1     2     2
  1.3223770068535959E-01 a       813     1     1     2     3
 -4.3109393584418226E-01 a       814     1     1     2     4
 -4.4751599187567132E-02 a       815     1     1     2     5
  8.1315127288588196E-02 a       816     1     1     2     6
  6.7759891289746327E-02 a       817     1     1     2     7
  2.1831717133996409E-01 a       818     1     1     2     8
  3.8848651381065724E-01 a       819     1     1     2     9
 -1.3066347640138562E-01 a       820     1     1     2    10
  6.3043046297164479E-02 a       821     1     1     2    11
 -1.7800002328975204E-02 a       822     1     1     2    12
 -4.0188778258528857E-01 a       823     1     1     2    13
  2.2026467529335748E-03 a       824     1     1     2    14
  4.0171282801953125E-02 a       825     1     1     2    15
  1.8023196631058711E-01 a       826     1     2     2     1
  4.0250984783099858E-01 a       827     1     2     2     2
  2.3221222269962200E-01 a       828     1     2     2     3
  2.5608999961276296E-01 a       829     1     2     2     4
 -4.6158867634098366E-01 a       830     1     2     2     5
 -2.2354982465108131E-01 a       831     1     2     2     6
  2.8435152513063544E-01 a       832     1     2     2     7
 -2.3456022281280350E-01 a       833     1     2     2     8
 -1.8755144425805687E-02 a       834     1     2     2     9
  4.9901362558084687E-02 a       835     1     2     2    10
 -1.6597855820969618E-01 a       836     1     2     2    11
  2.1183117500903917E-01 a       837     1     2     2    12
  2.2096815061394606E-01 a       838     1     2     2    13
  1.9682703396006501E-01 a       839     1     2     2    14
 -2.0315261606374760E-01 a       840     1     2     2    15
 -4.1224723799287982E-01 a       841     1     3     2     1
 -4.2377878820205034E-01 a       842     1     3     2     2
 -3.5168184003157826E-01 a       843     1     3     2     3
 -2.7058392644960139E-01 a       844     1     3     2     4
  1.3768371231445747E-01 a       845     1     3     2     5
 -4.9842961381767581E-02 a       846     1     3     2     6
  3.3774886611143001E-02 a       847     1     3     2     7
  9.8320608488619121E-02 a       848     1     3     2     8
 -1.3364898324195859E-01 a       849     1     3     2     9
 -9.1739201423302857E-02 a       850     1     3     2    10
  2.9101496914672015E-01 a       851     1     3     2    11
 -2.7103342396953828E-01 a       852     1     3     2    12
  3.2045798827807637E-01 a       853     1     3     2    13
  2.5644418597050461E-01 a       854     1     3     2    14
 -1.2529292248307411E-01 a       855     1     3     2    15
  2.1875567329327272E-01 a       856     1     4     2     1
  3.1942920483881654E-01 a       857     1     4     2     2
 -2.3667538635507926E-02 a       858     1     4     2     3
 -5.3322413707047456E-01 a       859     1     4     2     4
 -5.0768543004180211E-02 a       860     1     4     2     5
 -4.3276903512710962E-01 a       861     1     4     2     6
  2.9055560508877365E-01 a       862     1     4     2     7
  1.6761155597366337E-01 a       863     1     4     2     8
 -7.9586791230168805E-02 a       864     1     4     2     9
  3.4465052660502959E-01 a       865     1     4     2    10
  3.5103159450133831E-01 a       866     1     4     2    11
  1.4517938760095367E-01 a       867     1     4     2    12
  5.5222703911545394E-03 a       868     1     4     2    13
  8.2759798749611174E-02 a       869     1     4     2    14
 -2.7989547316190189E-01 a       870     1     4     2    15
 -4.1212521107856598E-01 a       871     1     5     2     1
  3.3823845900220906E-01 a       872     1     5     2     2
  2.2477362994149753E-02 a       873     1     5     2     3
  3.1323242518204253E-01 a       874     1     5     2     4
 -1.2083836234904073E-01 a       875     1     5     2     5
  1.0314802465711830E-01 a       876     1     5     2     6
 -8.7544572268389478E-02 a       877     1     5     2     7
  3.7700089228056288E-01 a       878     1     5     2     8
 -3.2280212416355891E-01 a       879     1     5     2     9
  2.9369009684539654E-01 a       880     1     5     2    10
 -3.5920141692064478E-02 a       881     1     5     2    11
 -2.6669567316230731E-02 a       882     1     5     2    12
  3.5779162362809558E-01 a       883     1     5     2    13
 -1.5887051919230166E-01 a       884     1     5     2    14
  1.1113811469331858E-01 a       885     1     5     2    15
  3.7149942238371775E-01 a       886     1     6     2     1
  1.2637998170527331E-01 a       887     1     6     2     2
  1.9994780669752341E-01 a       888     1     6     2     3
  2.4455917788644532E-01 a       889     1     6     2     4
  3.7359855596635366E-01 a       890     1     6     2     5
 -1.8853268046810512E-01 a       891     1     6     2     6
 -4.1473269576205352E-01 a       892     1     6     2     7
 -5.6287755487902637E-02 a       893     1     6     2     8
  3.6899480056230399E-01 a       894     1     6     2     9
 -2.8953296191075556E-01 a       895     1     6     2    10
  3.6003108626835773E-01 a       896     1     6     2    11
 -8.5593691703456320E-02 a       897     1     6     2    12
 -1.6767783962246482E-01 a       898     1     6     2    13
 -7.1907956554975019E-02 a       899     1     6     2    14
 -2.8832758898848293E-01 a       900     1     6     2    15
 -3.3986341702902895E-01 a       901     1     7     2     1
  2.2381447242199656E-01 a       902     1     7     2     2
  4.1809966365520135E-01 a       903     1     7     2     3
  4.1394964095542564E-01 a       904     1     7     2     4
 -3.6524746717827494E-01 a       905     1     7     2     5
  2.5516183873113835E-01 a       906     1     7     2     6
  2.3723412676300207E-01 a       907     1     7     2     7
 -5.6748060835842523E-02 a       908     1     7     2     8
 -7.0996415580164299E-02 a       909     1     7     2     9
 -2.8327985524508942E-01 a       910     1     7     2    10
  1.4289345996570266E-01 a       911     1     7     2    11
  2.5472907141751483E-01 a       912     1     7     2    12
 -4.2259852146956345E-01 a       913     1     7     2    13
  2.7616977783857194E-01 a       914     1     7     2    14
  4.6655341375635984E-01 a       915     1     7     2    15
 -3.9711837506233688E-01 a       916     1     8     2     1
  2.6428102681411558E-01 a       917     1     8     2     2
  3.9390302278639211E-01 a       918     1     8     2     3
  1.6995224589845120E-01 a       919     1     8     2     4
 -1.0896735916117169E-01 a       920     1     8     2     5
 -2.7527800453920948E-01 a       921     1     8     2     6
 -3.9498838971238948E-01 a       922     1     8     2     7
 -3.7812645463075512E-01 a       923     1     8     2     8
  1.0257372111839862E-01 a       924     1     8     2     9
 -1.1408480021505173E-01 a       925     1     8     2    10
  1.1251164742077048E-01 a       926     1     8     2    11
 -3.5569922983729613E-01 a       927     1     8     2    12
 -8.6621597602113062E-02 a       928     1     8     2    13
  3.1413442991398047E-02 a       929     1     8     2    14
  2.9227762757865589E-01 a       930     1     8     2    15
  1.3644326686605304E-01 a       931     1     9     2     1
  3.7729877522897626E-01 a       932     1     9     2     2
 -3.5436386641769246E-01 a       933     1     9     2     3
 -9.9151489446008698E-02 a       934     1     9     2     4
  2.8381109315582226E-01 a       935     1     9     2     5
 -2.0324534301029218E-01 a       936     1     9     2     6
 -4.9160080456829909E-02 a       937     1     9     2     7
  6.3648579865370411E-02 a       938     1     9     2     8
  3.2147788240359831E-01 a       939     1     9     2     9
  3.3280420149606099E-01 a       940     1     9     2    10
 -1.9897467067591909E-01 a       941     1     9     2    11
 -3.1622433047716808E-01 a       942     1     9     2    12
 -1.7475937117372756E-01 a       943     1     9     2    13
 -3.8341962269620272E-01 a       944     1     9     2    14
  4.0349610012878590E-01 a       945     1     9     2    15
 -2.5403174282190738E-01 a       946     1    10     2     1
  4.3059413351082121E-01 a       947     1    10     2     2
 -1.3360568075426402E-01 a       948     1    10     2     3
  3.7019273006317355E-01 a       949     1    10     2     4
 -4.1136285462614575E-01 a       950     1    10     2     5
 -2.5151002215199064E-01 a       951     1    10     2     6
 -3.2237623014394623E-01 a       952     1    10     2     7
 -2.6457831093633616E-01 a       953     1    10     2     8
  3.4356972848828277E-01 a       954     1    10     2     9
 -1.9233609338846311E-02 a       955     1    10     2    10
 -1.1162740971751399E-01 a       956     1    10     2    11
  3.7319555076279987E-01 a       957     1    10     2    12
  2.5828175652808810E-01 a       958     1    10     2    13
 -4.5429142498881547E-01 a       959     1    10     2    14
 -1.6314200497715858E-01 a       960     1    10     2    15
  1.2515620035301158E-02 a       961     1    11     2     1
  3.4487020206613067E-01 a       962     1    11     2     2
  3.4447719580625918E-01 a       963     1    11     2     3
 -4.0603072140583646E-01 a       964     1    11     2     4
 -9.8142762723055901E-02 a       965     1    11     2     5
 -3.8790571583707259E-02 a       966     1    11     2     6
 -1.9883276552117882E-01 a       967     1    11     2     7
  3.2547384877217839E-01 a       968     1    11     2     8
 -3.3331832723348481E-01 a       969     1    11     2     9
  3.6021741145944905E-02 a       970     1    11     2    10
  2.4861796439319164E-01 a       971     1    11     2    11
  2.3693727726742256E-01 a       972     1    11     2    12
  1.5576714310461692E-01 a       973     1    11     2    13
 -4.0202022298697077E-01 a       974     1    11     2    14
  5.0560797141121150E-01 a       975     1    11     2    15
  3.6531925926201292E-01 a       976     1    12     2     1
 -2.4526905639381524E-01 a       977     1    12     2     2
 -3.7883150542713362E-01 a       978     1    12     2     3
  2.7284073234837358E-01 a       979     1    12     2     4
 -8.1826185206917090E-02 a       980     1    12     2     5
  3.7612586313106766E-01 a       981     1    12     2     6
 -1.7564553485501214E-01 a       982     1    12     2     7
 -4.9583904437558740E-01 a       983     1    12     2     8
  3.6361658137829256E-01 a       984     1    12     2     9
  1.6344303178275990E-01 a       985     1    12     2    10
 -1.3795643359648330E-02 a       986     1    12     2    11
 -1.6102225039929316E-01 a       987     1    12     2    12
  9.4605783110645658E-02 a       988     1    12     2    13
  1.0906725763980238E-01 a       989     1    12     2    14
 -3.8324194341613466E-01 a       990     1    12     2    15
 -3.2132692492549775E-01 a       991     1    13     2     1
 -1.4494614021858748E-01 a       992     1    13     2     2
  3.4552446860046832E-01 a       993     1    13     2     3
 -4.4011158481320484E-01 a       994     1    13     2     4
 -4.2971694791576293E-01 a       995     1    13     2     5
  1.5025591773442287E-01 a       996     1    13     2     6
 -3.4583017491540063E-01 a       997     1    13     2     7
 -2.4481386677383274E-01 a       998     1    13     2     8
 -1.0512385587936150E-01 a       999     1    13     2     9
 -7.3423118032087495E-02 a      1000     1    13     2    10
 -3.2875665173754998E-01 a      1001     1    13     2    11
 -1.4419535245627321E-01 a      1002     1    13     2    12
 -4.5188095133431022E-01 a      1003     1    13     2    13
 -3.9733720691568830E-01 a      1004     1    13     2    14
  4.0223312675760327E-02 a      1005     1    13     2    15
 -5.0249649733230838E-02 a      1006     1    14     2     1
  4.3417316482091899E-02 a      1007     1    14     2     2
  2.2422616947699814E-01 a      1008     1    14     2     3
  3.7946675127903917E-01 a      1009     1    14     2     4
 -2.6574148887743304E-01 a      1010     1    14     2     5
 -3.2990082854435089E-02 a      1011     1    14     2     6
 -9.6920770873972481E-02 a      1012     1    14     2     7
 -6.4148427319012782E-02 a      1013     1    14     2     8
 -3.5915894681194355E-01 a      1014     1    14     2     9
 -4.6953452001118928E-01 a      1015     1    14     2    10
 -4.5680798751588908E-01 a      1016     1    14     2    11
  3.2999267666625104E-01 a      1017     1    14     2    12
 -7.7737973492414368E-03 a      1018     1    14     2    13
 -3.8275966656257365E-01 a      1019     1    14     2    14
  1.5381065444643185E-01 a      1020     1    14     2    15
 -3.5812157081643603E-01 a      1021     1    15     2     1
  4.1205237734311356E-01 a      1022     1    15     2     2
 -3.8055171312223864E-02 a      1023     1    15     2     3
  7.0799793699737129E-02 a      1024     1    15     2     4
  2.8786670967897643E-01 a      1025     1    15     2     5
  3.2984689478713530E-01 a      1026     1    15     2     6
 -4.4551660271651111E-01 a      1027     1    15     2     7
  4.4569437621076419E-01 a      1028     1    15     2     8
 -3.3740270307779352E-01 a      1029     1    15     2     9
  2.9324017892669846E-01 a      1030     1    15     2    10
 -3.4986909281870399E-01 a      1031     1    15     2    11
  1.0320715461102833E-01 a      1032     1    15     2    12
 -1.4407523908550113E-01 a      1033     1    15     2    13
  1.8522801988857757E-01 a      1034     1    15     2    14
 -1.6388437419302279E-01 a      1035     1    15     2    15
 -1.0651597949369029E-01 b      1036     2     1
 -4.6214823188455247E-02 b      1037     2     2
 -6.7378865015147352E-02 b      1038     2     3
  3.3389482689237075E-02 b      1039     2     4
 -6.7818630308471382E-03 b      1040     2     5
 -5.8973550995914441E-02 b      1041     2     6
 -1.9394733779303994E-01 b      1042     2     7
  1.1095072687189452E-02 b      1043     2     8
  5.0159632715172264E-02 b      1044     2     9
 -6.2746295915221517E-02 b      1045     2    10
 -1.4546752430789264E-01 b      1046     2    11
 -3.0600760526500511E-02 b      1047     2    12
  4.9641443699042623E-02 b      1048     2    13
 -4.9333456952938212E-02 b      1049     2    14
  2.6742154765131393E-01 b      1050     2    15
 -8.3883528158345988E-01 a      1051     2     1     3     1
  2.0479771224610402E-01 a      1052     2     2     3     1
 -5.7876192701594491E-02 a      1053     2     3     3     1
  5.6970469164230297E-01 a      1054     2     4     3     1
  5.6700916559177439E-01 a      1055     2     5     3     1
  6.7057946508975974E-01 a      1056     2     6     3     1
 -1.0528655224804437E+00 a      1057     2     7     3     1
  9.6452026866962948E-01 a      1058     2     8     3     1
  4.4108627172001574E-01 a      1059     2     9     3     1
 -5.7199537577439885E-01 a      1060     2    10     3     1
 -8.7267085959396329E-01 a      1061     2    11     3     1
 -2.7530410185408565E-02 a      1062     2    12     3     1
  7.3158132816576393E-01 a      1063     2    13     3     1
 -6.3892084292777318E-01 a      1064     2    14     3     1
  1.4132258550276757E+00 a      1065     2    15     3     1
  1.1514881992781666E-01 b      1066     3     1
