################################################################################
# Neural network connection values (weights and biases).
################################################################################
# Col  Name       Description
################################################################################
# 1    connection Neural network connection value.
# 2    t          Connection type (a = weight, b = bias).
# 3    index      Index enumerating weights.
# 4    l_s        Starting point layer (end point layer for biases).
# 5    n_s        Starting point neuron in starting layer (end point neuron for biases).
# 6    l_e        End point layer.
# 7    n_e        End point neuron in end layer.
################################################################################
#                      1 2         3     4     5     6     7
#             connection t     index   l_s   n_s   l_e   n_e
############################################################
 -6.5391122974161942E+00 a         1     0     1     1     1
 -5.7921337661595187E+00 a         2     0     1     1     2
 -1.2816149374903357E+01 a         3     0     1     1     3
 -5.1657786134864843E+00 a         4     0     1     1     4
  2.2579517131017313E-01 a         5     0     1     1     5
  3.8362257321884985E+00 a         6     0     1     1     6
  3.8389309860893817E+00 a         7     0     1     1     7
  1.0005626266773637E+01 a         8     0     1     1     8
 -8.1717093726670731E-01 a         9     0     1     1     9
 -4.8633445811150890E+00 a        10     0     1     1    10
  3.8869015608077633E+00 a        11     0     1     1    11
 -1.0772852354596192E+00 a        12     0     1     1    12
  9.2892117498818436E+00 a        13     0     1     1    13
  9.6137722024315533E+00 a        14     0     1     1    14
 -3.6113874595391091E+00 a        15     0     1     1    15
  3.0827929425027061E+00 a        16     0     1     1    16
  8.7968485485531414E+00 a        17     0     1     1    17
  1.4706185437297064E+00 a        18     0     1     1    18
 -2.7139054108152307E+00 a        19     0     1     1    19
 -8.0114483516283652E+00 a        20     0     1     1    20
 -4.4884448010266720E+00 a        21     0     1     1    21
  7.8579101794244579E+00 a        22     0     1     1    22
  4.4901930248028599E+00 a        23     0     1     1    23
 -2.2655699437132064E+00 a        24     0     1     1    24
  8.2350745850527129E+00 a        25     0     1     1    25
 -6.9937097587641182E+00 a        26     0     2     1     1
  2.0821094377568038E+01 a        27     0     2     1     2
  6.2760694263063872E+00 a        28     0     2     1     3
  4.1160346604161209E+00 a        29     0     2     1     4
 -1.9510386326493407E+01 a        30     0     2     1     5
 -4.4627802346518415E+00 a        31     0     2     1     6
  5.7380209860745008E+00 a        32     0     2     1     7
 -2.4932779927201445E+01 a        33     0     2     1     8
  7.6677840481483202E+00 a        34     0     2     1     9
 -9.5657644503908568E+00 a        35     0     2     1    10
  4.2341864760058046E-01 a        36     0     2     1    11
 -1.4218915267152432E+00 a        37     0     2     1    12
 -7.4720955678310537E+00 a        38     0     2     1    13
 -6.2959271058202750E+00 a        39     0     2     1    14
 -4.2221966316090755E+00 a        40     0     2     1    15
  6.5190311223892730E+00 a        41     0     2     1    16
  1.3709341221928437E+01 a        42     0     2     1    17
  1.3429584691786046E+01 a        43     0     2     1    18
 -2.8954516193935160E+00 a        44     0     2     1    19
 -4.0648876300966368E+00 a        45     0     2     1    20
 -6.1386786182646098E+00 a        46     0     2     1    21
 -9.2382198295154243E+00 a        47     0     2     1    22
 -4.7982492016674181E+00 a        48     0     2     1    23
 -8.3175343119645095E+00 a        49     0     2     1    24
 -1.4118625775047796E+01 a        50     0     2     1    25
  1.7410286267477552E+01 a        51     0     3     1     1
 -2.9163166640202232E-01 a        52     0     3     1     2
  1.6495369835454913E+01 a        53     0     3     1     3
  8.6079139480357245E+00 a        54     0     3     1     4
  4.1104495803430749E+00 a        55     0     3     1     5
 -3.7162733841409152E+00 a        56     0     3     1     6
 -7.4225622917698582E+00 a        57     0     3     1     7
 -1.6378332354046568E+00 a        58     0     3     1     8
 -3.4780679507027403E+00 a        59     0     3     1     9
  8.8241656214216597E+00 a        60     0     3     1    10
 -8.9444261584933642E+00 a        61     0     3     1    11
 -6.0941482470825221E+00 a        62     0     3     1    12
 -4.4030766635144465E+00 a        63     0     3     1    13
 -1.8134607899228701E+00 a        64     0     3     1    14
  2.6556410594494064E+00 a        65     0     3     1    15
 -2.3576097565564025E+00 a        66     0     3     1    16
 -9.5627553035884603E+00 a        67     0     3     1    17
 -1.0010932632544236E+01 a        68     0     3     1    18
  1.8932833108485765E+00 a        69     0     3     1    19
  7.2086403590367842E+00 a        70     0     3     1    20
  1.4552858509916447E+01 a        71     0     3     1    21
 -2.6690144362729349E+00 a        72     0     3     1    22
 -2.8166051945387287E+00 a        73     0     3     1    23
  6.3544086889640203E+00 a        74     0     3     1    24
 -8.4015886110322882E+00 a        75     0     3     1    25
  1.1107425778481284E+01 a        76     0     4     1     1
 -2.8028675074028726E+01 a        77     0     4     1     2
 -4.5680364281569821E+00 a        78     0     4     1     3
  2.9563628680292582E+00 a        79     0     4     1     4
  3.6848790262021076E+01 a        80     0     4     1     5
  7.6919082595484456E+00 a        81     0     4     1     6
 -1.7213420305783661E+01 a        82     0     4     1     7
  4.2987702810718872E+01 a        83     0     4     1     8
 -8.2888259622567180E+00 a        84     0     4     1     9
  1.8990931394194892E+01 a        85     0     4     1    10
 -2.2902732210152168E+00 a        86     0     4     1    11
  9.5871413557744809E+00 a        87     0     4     1    12
 -8.6092757523121632E-01 a        88     0     4     1    13
  2.8060102200460171E+00 a        89     0     4     1    14
  1.4974066053965078E+01 a        90     0     4     1    15
 -8.6614209784368352E+00 a        91     0     4     1    16
 -2.7851440812692275E+01 a        92     0     4     1    17
 -1.8760170593327050E+01 a        93     0     4     1    18
  1.3212647701024387E+01 a        94     0     4     1    19
  1.3554687374560508E+01 a        95     0     4     1    20
  9.5281320382045287E+00 a        96     0     4     1    21
  9.3491335886009423E+00 a        97     0     4     1    22
  8.2502492740350508E+00 a        98     0     4     1    23
  1.0730396285182817E+01 a        99     0     4     1    24
  2.1856918955958914E+01 a       100     0     4     1    25
 -2.1561291590681019E+01 a       101     0     5     1     1
  4.5439075330699437E+00 a       102     0     5     1     2
 -8.0815271419879320E+00 a       103     0     5     1     3
 -3.8829134918504025E+00 a       104     0     5     1     4
 -7.8023366494040678E+00 a       105     0     5     1     5
 -5.1386381029214387E+00 a       106     0     5     1     6
  2.5611846083845666E+01 a       107     0     5     1     7
 -3.8632249837820760E+00 a       108     0     5     1     8
  7.1781136317417458E+00 a       109     0     5     1     9
 -9.6644199598804530E+00 a       110     0     5     1    10
  1.4933915224977058E+01 a       111     0     5     1    11
  5.2518673693624462E+00 a       112     0     5     1    12
 -4.6428058697685071E-01 a       113     0     5     1    13
 -1.3077637367380744E+01 a       114     0     5     1    14
 -8.2203647778431428E+00 a       115     0     5     1    15
 -2.8309406354529947E+00 a       116     0     5     1    16
  3.3117479994435550E+00 a       117     0     5     1    17
  1.2715946486077931E+01 a       118     0     5     1    18
 -6.0812352769501510E-01 a       119     0     5     1    19
 -4.7010323087099755E+00 a       120     0     5     1    20
 -1.7402119836514103E+01 a       121     0     5     1    21
 -1.1762145668942283E+00 a       122     0     5     1    22
 -8.6193986471476105E+00 a       123     0     5     1    23
 -1.8748259050195804E+00 a       124     0     5     1    24
  1.3136492266504924E+01 a       125     0     5     1    25
 -1.1071359059897420E+01 a       126     0     6     1     1
  8.1495254675658799E+00 a       127     0     6     1     2
  6.6996933453186314E+00 a       128     0     6     1     3
 -1.1028501493162317E+01 a       129     0     6     1     4
 -2.9457073174395493E+01 a       130     0     6     1     5
 -5.5527457773597311E+00 a       131     0     6     1     6
  3.2595358575216493E-01 a       132     0     6     1     7
 -3.5048260115347254E+01 a       133     0     6     1     8
 -5.7631414880216578E+00 a       134     0     6     1     9
 -1.1413713111645752E+01 a       135     0     6     1    10
 -3.0970136382488609E+00 a       136     0     6     1    11
 -1.0303089158820621E+01 a       137     0     6     1    12
  4.6609014254314634E+00 a       138     0     6     1    13
 -1.2592150036901515E+01 a       139     0     6     1    14
 -1.7883371452383777E+01 a       140     0     6     1    15
 -2.4196501020647641E+00 a       141     0     6     1    16
  2.2957109731122110E+01 a       142     0     6     1    17
 -3.6129347149206907E+00 a       143     0     6     1    18
 -2.3493622918987548E+01 a       144     0     6     1    19
 -5.8371080912218583E+00 a       145     0     6     1    20
 -2.1052686763372077E+00 a       146     0     6     1    21
  4.7949157222493272E-01 a       147     0     6     1    22
 -8.7778704094914488E+00 a       148     0     6     1    23
 -3.4052501441738059E-01 a       149     0     6     1    24
 -3.4407145865806157E+01 a       150     0     6     1    25
  1.3566595350553841E+01 a       151     0     7     1     1
  1.1789545713925252E-01 a       152     0     7     1     2
  3.5676337817870518E+00 a       153     0     7     1     3
  7.8831397937836849E+00 a       154     0     7     1     4
  9.7334319172982990E+00 a       155     0     7     1     5
  5.6518149697043834E+00 a       156     0     7     1     6
 -2.4012972571007563E+01 a       157     0     7     1     7
 -4.8436253294084661E+00 a       158     0     7     1     8
 -1.5317948298417428E+00 a       159     0     7     1     9
  1.9932600483121738E+00 a       160     0     7     1    10
 -7.9276181822634619E+00 a       161     0     7     1    11
 -9.5176015178074742E+00 a       162     0     7     1    12
 -4.6041227283199300E+00 a       163     0     7     1    13
  2.6960593081331748E+01 a       164     0     7     1    14
  1.0930086493783621E+01 a       165     0     7     1    15
 -4.1643091713955442E+00 a       166     0     7     1    16
  1.0041069697319540E+00 a       167     0     7     1    17
  5.5431466150030522E+00 a       168     0     7     1    18
  4.7403848570738418E+00 a       169     0     7     1    19
  3.9959359593959589E+00 a       170     0     7     1    20
  1.3481914126984226E+01 a       171     0     7     1    21
 -2.2354668871385863E+00 a       172     0     7     1    22
  1.1036152317344168E+01 a       173     0     7     1    23
 -1.2236991634399041E+01 a       174     0     7     1    24
 -4.2255113741984793E+00 a       175     0     7     1    25
  9.7628083458402788E+00 a       176     0     8     1     1
  3.2573860563673183E+00 a       177     0     8     1     2
  9.3377733758003263E+00 a       178     0     8     1     3
 -7.5065645929115075E+00 a       179     0     8     1     4
  5.5655075468276936E+00 a       180     0     8     1     5
  1.6802862556167568E+01 a       181     0     8     1     6
 -8.6990716861269561E+00 a       182     0     8     1     7
  4.4108416685468965E+00 a       183     0     8     1     8
  1.2457432506191699E+01 a       184     0     8     1     9
  1.8293226807785594E+00 a       185     0     8     1    10
 -9.9711770929508265E+00 a       186     0     8     1    11
  1.0991756397310674E+01 a       187     0     8     1    12
 -5.9780399082937823E+00 a       188     0     8     1    13
  1.2540091864989922E+01 a       189     0     8     1    14
  3.1710680016994740E+01 a       190     0     8     1    15
  2.2222344615366893E+01 a       191     0     8     1    16
 -1.6371640105507325E+01 a       192     0     8     1    17
  8.5667626236350554E+00 a       193     0     8     1    18
 -5.2016529309729096E+00 a       194     0     8     1    19
 -2.4782962570367090E+01 a       195     0     8     1    20
  3.9540471191927491E+00 a       196     0     8     1    21
  1.4285618549794352E+00 a       197     0     8     1    22
  7.2312230973892655E+00 a       198     0     8     1    23
 -2.4153389043014792E+00 a       199     0     8     1    24
  2.1142318534368339E+01 a       200     0     8     1    25
 -4.2558297005970731E+00 a       201     0     9     1     1
  3.9994258838252661E-01 a       202     0     9     1     2
 -2.4143238261279492E+00 a       203     0     9     1     3
  2.2734072048270169E+00 a       204     0     9     1     4
  4.9905921639785356E-01 a       205     0     9     1     5
 -7.5515794623966466E+00 a       206     0     9     1     6
  8.4305491835726603E+00 a       207     0     9     1     7
  6.4602900250972670E+00 a       208     0     9     1     8
  1.5288664669841014E+00 a       209     0     9     1     9
  5.4437280094258709E+00 a       210     0     9     1    10
  3.6897158614303294E+00 a       211     0     9     1    11
  1.2115529462877690E+00 a       212     0     9     1    12
 -1.8955539457338710E+00 a       213     0     9     1    13
 -1.5965823491843468E+01 a       214     0     9     1    14
 -8.6295511980274977E+00 a       215     0     9     1    15
  4.3768201527807743E-01 a       216     0     9     1    16
  5.4944136776693275E+00 a       217     0     9     1    17
 -1.0116208943845104E+01 a       218     0     9     1    18
  1.7680731483022001E+00 a       219     0     9     1    19
 -2.0295936470433014E+00 a       220     0     9     1    20
 -1.0921141653391905E+01 a       221     0     9     1    21
 -3.1784004194368043E+00 a       222     0     9     1    22
 -7.0405099344757858E+00 a       223     0     9     1    23
  8.2567755110967873E+00 a       224     0     9     1    24
  6.7305257990204153E+00 a       225     0     9     1    25
 -4.6707120591875091E+00 a       226     0    10     1     1
 -1.8475758971126144E+00 a       227     0    10     1     2
 -1.0217933958544529E+01 a       228     0    10     1     3
  9.0641821332639267E+00 a       229     0    10     1     4
  1.6779125471540983E+00 a       230     0    10     1     5
 -2.3888840480332938E+00 a       231     0    10     1     6
  4.3519949581707902E+00 a       232     0    10     1     7
  9.2313843177774952E+00 a       233     0    10     1     8
 -4.1462405464098689E-01 a       234     0    10     1     9
 -1.7882371209661170E+00 a       235     0    10     1    10
  1.5096228979053703E+00 a       236     0    10     1    11
 -3.5705950680722194E+00 a       237     0    10     1    12
 -7.1221617473011567E-01 a       238     0    10     1    13
  3.6562713458779852E+00 a       239     0    10     1    14
 -1.1701647853261406E+01 a       240     0    10     1    15
 -3.1597868866410184E+00 a       241     0    10     1    16
  7.8163302253969871E+00 a       242     0    10     1    17
  4.3532610319499829E+00 a       243     0    10     1    18
  1.0526545960860178E+01 a       244     0    10     1    19
  6.1970052715641595E+00 a       245     0    10     1    20
 -1.8222207054162920E+00 a       246     0    10     1    21
  2.8499486992550178E+00 a       247     0    10     1    22
  1.2139124647370751E+00 a       248     0    10     1    23
  2.2802343166205055E+00 a       249     0    10     1    24
  5.6054981325122899E+00 a       250     0    10     1    25
  3.1926500425628723E+00 a       251     0    11     1     1
  4.7016698512034685E+00 a       252     0    11     1     2
  2.2325888229818136E+00 a       253     0    11     1     3
  2.1779549575141997E+00 a       254     0    11     1     4
  1.4148923694388644E+00 a       255     0    11     1     5
  1.3854162205880876E+00 a       256     0    11     1     6
 -3.3833411753914051E+00 a       257     0    11     1     7
  2.1930310473310424E-01 a       258     0    11     1     8
 -6.0650301873418722E-01 a       259     0    11     1     9
 -2.3444961124460288E+00 a       260     0    11     1    10
  2.1860168122495831E+00 a       261     0    11     1    11
  2.8905479454288664E-02 a       262     0    11     1    12
  1.8100937401279873E-01 a       263     0    11     1    13
  5.8803163987555154E+00 a       264     0    11     1    14
  7.6577790571693818E+00 a       265     0    11     1    15
 -3.6291766918679702E+00 a       266     0    11     1    16
 -4.8358771429342600E+00 a       267     0    11     1    17
  6.1801531912268333E+00 a       268     0    11     1    18
 -2.7541902201962190E+00 a       269     0    11     1    19
  4.1901684069218259E+00 a       270     0    11     1    20
  4.2784585707451823E+00 a       271     0    11     1    21
 -9.4329546205110937E-01 a       272     0    11     1    22
  4.6580308691177104E+00 a       273     0    11     1    23
 -4.2941444775696400E+00 a       274     0    11     1    24
 -5.8339920322591743E-01 a       275     0    11     1    25
  5.4889054549850247E+00 a       276     0    12     1     1
  1.2738394751352164E+00 a       277     0    12     1     2
  1.1424772948539599E-01 a       278     0    12     1     3
 -6.6757806668324253E+00 a       279     0    12     1     4
  2.2579615329660241E+00 a       280     0    12     1     5
 -2.4947787184384400E+00 a       281     0    12     1     6
  5.3118352897799967E+00 a       282     0    12     1     7
 -4.6120894078801493E+00 a       283     0    12     1     8
 -3.6695361467902989E+00 a       284     0    12     1     9
  1.7156108830042764E+00 a       285     0    12     1    10
  4.3043037276251068E+00 a       286     0    12     1    11
  2.6509081311789395E+00 a       287     0    12     1    12
 -1.1862969335882020E-01 a       288     0    12     1    13
  2.1986393083747164E+00 a       289     0    12     1    14
  4.1274212954454823E+00 a       290     0    12     1    15
 -5.0164833789062788E+00 a       291     0    12     1    16
 -3.6976258579401682E+00 a       292     0    12     1    17
 -6.6465073652478965E+00 a       293     0    12     1    18
 -7.3612771501355416E+00 a       294     0    12     1    19
  4.7030123021277124E+00 a       295     0    12     1    20
  4.4746240444937317E+00 a       296     0    12     1    21
 -2.8338729975197356E+00 a       297     0    12     1    22
 -9.8111894480735007E-01 a       298     0    12     1    23
  2.6752866040527472E+00 a       299     0    12     1    24
 -4.7094226491415077E+00 a       300     0    12     1    25
 -2.9016160239475721E+00 a       301     0    13     1     1
 -3.6128715876162765E-01 a       302     0    13     1     2
  9.2109370823094658E-02 a       303     0    13     1     3
 -3.6357803415277368E+00 a       304     0    13     1     4
  1.2614429887362262E+00 a       305     0    13     1     5
 -3.9880523652294919E-01 a       306     0    13     1     6
  7.1857090086537634E-01 a       307     0    13     1     7
  8.2179214837888370E-01 a       308     0    13     1     8
 -1.2993430057848205E+00 a       309     0    13     1     9
  5.5843261885773421E-01 a       310     0    13     1    10
  5.9460228436991702E-01 a       311     0    13     1    11
 -6.0594941624749776E-01 a       312     0    13     1    12
 -1.3124276635324045E-01 a       313     0    13     1    13
 -2.2487226884314060E+00 a       314     0    13     1    14
 -1.8889601515749777E+00 a       315     0    13     1    15
  3.4720338898749610E+00 a       316     0    13     1    16
  2.4988683759189376E+00 a       317     0    13     1    17
 -2.7462009398480105E+00 a       318     0    13     1    18
  2.0920567376818253E+00 a       319     0    13     1    19
  7.4947003812982127E-01 a       320     0    13     1    20
 -2.9518955708692647E+00 a       321     0    13     1    21
  4.3843433511740582E-01 a       322     0    13     1    22
 -2.9965641484116037E+00 a       323     0    13     1    23
  2.3900694066199355E+00 a       324     0    13     1    24
  1.6611924390156455E-01 a       325     0    13     1    25
 -3.4663128182632961E+00 a       326     0    14     1     1
 -2.1948088243990624E+00 a       327     0    14     1     2
 -6.8706260823446463E-01 a       328     0    14     1     3
 -1.6556898374746156E+00 a       329     0    14     1     4
 -3.2267755554459937E-01 a       330     0    14     1     5
  3.2693665753818313E-01 a       331     0    14     1     6
 -4.1363904888030527E+00 a       332     0    14     1     7
  1.3070002394618916E+00 a       333     0    14     1     8
  1.2409003283609610E+00 a       334     0    14     1     9
 -5.8105436965671269E-02 a       335     0    14     1    10
 -2.4203212816476882E+00 a       336     0    14     1    11
 -3.7957478831239411E+00 a       337     0    14     1    12
  1.4200641958046663E+00 a       338     0    14     1    13
  7.0316515993183337E-01 a       339     0    14     1    14
 -4.7361706430598565E+00 a       340     0    14     1    15
  1.2688051293816318E+00 a       341     0    14     1    16
  1.9057205990297641E+00 a       342     0    14     1    17
  5.7664233203995463E-01 a       343     0    14     1    18
  1.3106946291970447E+00 a       344     0    14     1    19
  1.2553704115380446E-01 a       345     0    14     1    20
  5.5735418793299896E-01 a       346     0    14     1    21
  2.3647245987888814E+00 a       347     0    14     1    22
 -1.4911953100493647E+00 a       348     0    14     1    23
  5.5428828533695207E-01 a       349     0    14     1    24
  6.7028485106479774E-01 a       350     0    14     1    25
  3.3530145293787039E-01 a       351     0    15     1     1
 -1.2915941016180370E+00 a       352     0    15     1     2
 -2.1990881449165074E+00 a       353     0    15     1     3
  1.2387400241735633E+00 a       354     0    15     1     4
 -1.7840700432930010E+00 a       355     0    15     1     5
 -7.4057534855470486E-01 a       356     0    15     1     6
  7.9364007254264946E-01 a       357     0    15     1     7
  3.3741282026235603E-01 a       358     0    15     1     8
  8.9770262991351180E-01 a       359     0    15     1     9
 -1.5088571241183191E+00 a       360     0    15     1    10
  7.0800707145263952E-01 a       361     0    15     1    11
  1.2876756770272257E+00 a       362     0    15     1    12
  1.4068757165217793E-01 a       363     0    15     1    13
  6.8661374311226286E-01 a       364     0    15     1    14
 -2.8576801036384752E-01 a       365     0    15     1    15
 -6.6287777833714501E-01 a       366     0    15     1    16
 -8.2494713097667194E-01 a       367     0    15     1    17
  1.1058756794781446E+00 a       368     0    15     1    18
 -1.3628747550346056E+00 a       369     0    15     1    19
  5.9591549080624107E-01 a       370     0    15     1    20
  6.5104906104787308E-01 a       371     0    15     1    21
  1.1832107052371832E+00 a       372     0    15     1    22
  1.2131935377248253E+00 a       373     0    15     1    23
 -4.5121756608186436E-01 a       374     0    15     1    24
 -1.2286109977006174E+00 a       375     0    15     1    25
 -7.6875372119397078E-01 a       376     0    16     1     1
 -2.5010618543254060E-01 a       377     0    16     1     2
 -1.5289040509283149E+00 a       378     0    16     1     3
 -2.3979592845157289E+00 a       379     0    16     1     4
  7.8076414320389809E-02 a       380     0    16     1     5
 -8.7106649425195060E-01 a       381     0    16     1     6
  1.7187930445638813E+00 a       382     0    16     1     7
  1.0377330432054316E-01 a       383     0    16     1     8
  2.9959128084110748E-01 a       384     0    16     1     9
 -1.1252021122784539E+00 a       385     0    16     1    10
 -2.1142898695082318E-01 a       386     0    16     1    11
 -1.6361757992172472E+00 a       387     0    16     1    12
  5.4657587785621256E-02 a       388     0    16     1    13
  2.2758218605177605E-01 a       389     0    16     1    14
 -1.2457877567468894E+00 a       390     0    16     1    15
 -7.7671258164805212E-01 a       391     0    16     1    16
 -2.0493779461355262E+00 a       392     0    16     1    17
 -2.0002325739581672E+00 a       393     0    16     1    18
 -2.7526949749733803E-01 a       394     0    16     1    19
  1.1079195904110983E+00 a       395     0    16     1    20
  1.7452740369754594E+00 a       396     0    16     1    21
 -2.9282775606349263E-02 a       397     0    16     1    22
 -1.2054231503947501E+00 a       398     0    16     1    23
  1.0052547086689108E+00 a       399     0    16     1    24
 -1.5561752037545828E+00 a       400     0    16     1    25
 -1.3336820698754681E+00 a       401     0    17     1     1
 -7.4225625153462342E+00 a       402     0    17     1     2
 -1.2253314065224336E+01 a       403     0    17     1     3
  5.6391101954994411E+00 a       404     0    17     1     4
  1.0242745299705868E+01 a       405     0    17     1     5
 -7.9393022348818958E+00 a       406     0    17     1     6
  6.7979605152536204E-01 a       407     0    17     1     7
 -3.5573506673102790E+00 a       408     0    17     1     8
 -5.4314776346335965E+00 a       409     0    17     1     9
  1.9957447157164749E+00 a       410     0    17     1    10
  5.2222908905781500E+00 a       411     0    17     1    11
 -4.0787069161130516E+00 a       412     0    17     1    12
 -1.9907465001381925E+00 a       413     0    17     1    13
 -3.2547657190816737E+00 a       414     0    17     1    14
 -6.5925612336582597E+00 a       415     0    17     1    15
  1.7832654534852905E+00 a       416     0    17     1    16
  4.3128985864048008E+00 a       417     0    17     1    17
  4.8814902999233070E+00 a       418     0    17     1    18
  4.3038671419633462E-01 a       419     0    17     1    19
  1.3665117601683370E+00 a       420     0    17     1    20
 -5.2214695987128090E+00 a       421     0    17     1    21
 -1.0528563628277222E+01 a       422     0    17     1    22
 -2.4597397669860359E+00 a       423     0    17     1    23
 -2.3192483307677287E+00 a       424     0    17     1    24
 -1.3647861062013926E+00 a       425     0    17     1    25
  2.5594396176502117E+00 a       426     0    18     1     1
  4.8951925606983595E+00 a       427     0    18     1     2
  4.1376527021395102E+00 a       428     0    18     1     3
  1.4343486019849359E+00 a       429     0    18     1     4
 -7.4772653653096173E+00 a       430     0    18     1     5
  1.3882979363645503E-01 a       431     0    18     1     6
 -4.5630989000265005E+00 a       432     0    18     1     7
 -1.7584281753147408E+00 a       433     0    18     1     8
 -6.1361646697951837E+00 a       434     0    18     1     9
  1.4424790449808114E+00 a       435     0    18     1    10
 -3.0728957801119519E+00 a       436     0    18     1    11
  7.4791518208886574E+00 a       437     0    18     1    12
  6.1735496867662727E+00 a       438     0    18     1    13
 -6.7699769409349706E+00 a       439     0    18     1    14
  3.4514497911644293E+00 a       440     0    18     1    15
 -2.6772422304638606E+00 a       441     0    18     1    16
 -3.4399265085410469E+00 a       442     0    18     1    17
 -4.2815660706870382E+00 a       443     0    18     1    18
  1.8708197138847851E+00 a       444     0    18     1    19
 -2.2720354562667313E+00 a       445     0    18     1    20
 -2.1862319780916581E+00 a       446     0    18     1    21
  1.3008529613363571E+00 a       447     0    18     1    22
  3.5227178118125266E+00 a       448     0    18     1    23
  3.3716836485209383E+00 a       449     0    18     1    24
  2.9430547077772955E+00 a       450     0    18     1    25
  1.8241395890544375E+01 a       451     0    19     1     1
  2.1255933413081923E+01 a       452     0    19     1     2
 -6.0657904857254499E+00 a       453     0    19     1     3
 -3.2711265832285903E+01 a       454     0    19     1     4
 -2.2091798046062721E+00 a       455     0    19     1     5
 -1.3662205622380543E+00 a       456     0    19     1     6
 -9.1984049729635653E-01 a       457     0    19     1     7
 -1.3678390542812484E+00 a       458     0    19     1     8
  1.9988122340292620E+01 a       459     0    19     1     9
  1.6821582376122276E+01 a       460     0    19     1    10
  5.1229255674195056E+00 a       461     0    19     1    11
  1.8996941403217069E+00 a       462     0    19     1    12
  1.0540157381604415E+01 a       463     0    19     1    13
  1.6888647214854384E+01 a       464     0    19     1    14
  1.7251970383124718E+01 a       465     0    19     1    15
  3.6944353618403740E+00 a       466     0    19     1    16
 -3.3100851140334278E+01 a       467     0    19     1    17
 -2.9663305607045514E+00 a       468     0    19     1    18
  9.3110488882596254E+00 a       469     0    19     1    19
  8.3934714456059147E+00 a       470     0    19     1    20
 -1.3971589027985738E+01 a       471     0    19     1    21
 -1.3550956369023751E+01 a       472     0    19     1    22
  5.7358709836108117E+00 a       473     0    19     1    23
 -2.0895310319353464E+00 a       474     0    19     1    24
  1.4456131232515341E+00 a       475     0    19     1    25
 -5.3197069247490347E+00 a       476     0    20     1     1
 -1.3660338442626763E+01 a       477     0    20     1     2
 -8.8639557140473855E+00 a       478     0    20     1     3
  1.6978743247413515E+01 a       479     0    20     1     4
 -3.2100211370016525E+00 a       480     0    20     1     5
  4.4865529898607326E-01 a       481     0    20     1     6
  1.4025104689603335E+01 a       482     0    20     1     7
 -9.5855481656087562E+00 a       483     0    20     1     8
 -1.3833168146241656E+01 a       484     0    20     1     9
 -1.1618015051034378E+01 a       485     0    20     1    10
 -1.4084767666557716E+00 a       486     0    20     1    11
 -1.1894614483333278E+01 a       487     0    20     1    12
 -6.0842969635445900E+00 a       488     0    20     1    13
 -1.0318230045373083E+01 a       489     0    20     1    14
 -1.7463791648438214E+01 a       490     0    20     1    15
 -6.5950446671329370E+00 a       491     0    20     1    16
  9.1853331410795640E+00 a       492     0    20     1    17
  2.1364208515445036E+01 a       493     0    20     1    18
 -1.0676783678149244E+00 a       494     0    20     1    19
 -1.0353165120005189E+01 a       495     0    20     1    20
  6.5180654629701822E+00 a       496     0    20     1    21
  9.0829930598911091E+00 a       497     0    20     1    22
 -7.7643762443522730E+00 a       498     0    20     1    23
 -1.1767529042357906E-01 a       499     0    20     1    24
  6.3878996127995666E+00 a       500     0    20     1    25
  2.1154425579198848E+00 a       501     0    21     1     1
  1.5376493060965091E+00 a       502     0    21     1     2
  3.8383290594571822E+00 a       503     0    21     1     3
 -9.0908450456339884E-01 a       504     0    21     1     4
 -5.1766982720867496E+00 a       505     0    21     1     5
  6.5746237968342924E-01 a       506     0    21     1     6
  4.1992554384089233E+00 a       507     0    21     1     7
  3.9712391479399276E+00 a       508     0    21     1     8
  1.5364571616613645E+00 a       509     0    21     1     9
  1.2736522167637601E+00 a       510     0    21     1    10
 -2.2958345629931816E+00 a       511     0    21     1    11
  3.6473521096430865E-02 a       512     0    21     1    12
 -3.3036555081330027E-01 a       513     0    21     1    13
 -2.4751207953988468E+00 a       514     0    21     1    14
 -1.0860541496056690E+00 a       515     0    21     1    15
  2.4662642179502838E+00 a       516     0    21     1    16
 -2.9890712932428478E+00 a       517     0    21     1    17
  5.4113892507797101E-01 a       518     0    21     1    18
  2.8877411341354793E+00 a       519     0    21     1    19
 -2.4429848937388745E+00 a       520     0    21     1    20
 -5.1105774919574976E-01 a       521     0    21     1    21
  4.6553424731242572E+00 a       522     0    21     1    22
 -1.9133248942597203E+00 a       523     0    21     1    23
  1.9152220485465923E+00 a       524     0    21     1    24
 -5.1308786859811606E-01 a       525     0    21     1    25
 -1.4899750367134516E+01 a       526     0    22     1     1
  2.5817713053760296E+00 a       527     0    22     1     2
  5.9220933531449589E+00 a       528     0    22     1     3
  1.3214970114211161E+01 a       529     0    22     1     4
  1.7636614079363959E+00 a       530     0    22     1     5
  1.0302429757079885E+00 a       531     0    22     1     6
 -2.7722756078190569E+00 a       532     0    22     1     7
 -1.5022672336440870E+00 a       533     0    22     1     8
 -1.1355929920911562E+01 a       534     0    22     1     9
 -8.3178743140540465E+00 a       535     0    22     1    10
 -2.6986250551528115E+00 a       536     0    22     1    11
  8.0335651191854645E+00 a       537     0    22     1    12
 -1.2860407854912337E+00 a       538     0    22     1    13
  5.7127684270716355E+00 a       539     0    22     1    14
  3.9789928003400536E+00 a       540     0    22     1    15
  5.2616715201987336E+00 a       541     0    22     1    16
  9.2675510557863383E+00 a       542     0    22     1    17
 -6.1895100457086762E+00 a       543     0    22     1    18
 -6.2058595667897487E+00 a       544     0    22     1    19
  4.6344196210024524E+00 a       545     0    22     1    20
  3.1678036087559329E+00 a       546     0    22     1    21
 -3.8533210431618570E+00 a       547     0    22     1    22
  3.6183734647594847E+00 a       548     0    22     1    23
  2.1224495189485566E+00 a       549     0    22     1    24
 -1.5116396390246007E+00 a       550     0    22     1    25
 -8.2383624499353498E+00 a       551     0    23     1     1
 -1.9107347044446528E+00 a       552     0    23     1     2
  4.9433630732004312E+00 a       553     0    23     1     3
 -1.1629143408270554E+01 a       554     0    23     1     4
  7.8092517856096844E-01 a       555     0    23     1     5
  1.4764492335039856E+01 a       556     0    23     1     6
  1.6566064129345786E+00 a       557     0    23     1     7
 -1.1093353598277111E+00 a       558     0    23     1     8
 -9.9868123638764494E+00 a       559     0    23     1     9
 -7.5742098833083000E+00 a       560     0    23     1    10
 -5.8144922882511842E+00 a       561     0    23     1    11
  1.5396696399997559E+01 a       562     0    23     1    12
  3.8777681476231614E+00 a       563     0    23     1    13
 -1.7986920254019605E+00 a       564     0    23     1    14
  9.4801409100394078E+00 a       565     0    23     1    15
  5.7059143284610094E+00 a       566     0    23     1    16
 -3.5494177111673348E+00 a       567     0    23     1    17
 -7.0902881118904473E+00 a       568     0    23     1    18
 -1.3611671090014053E+01 a       569     0    23     1    19
  6.5933697713380335E+00 a       570     0    23     1    20
  9.0408619095819311E+00 a       571     0    23     1    21
  1.0271117534320187E+01 a       572     0    23     1    22
  3.5489898665354902E+00 a       573     0    23     1    23
  2.7766787535180528E+00 a       574     0    23     1    24
 -7.3931490142397021E+00 a       575     0    23     1    25
  1.1049695441472910E+01 a       576     0    24     1     1
  9.4573245153587990E+00 a       577     0    24     1     2
 -9.5247330431560489E+00 a       578     0    24     1     3
  4.2318193702234652E+01 a       579     0    24     1     4
  3.5446686208293596E+00 a       580     0    24     1     5
 -1.2597665230164477E+01 a       581     0    24     1     6
 -1.1114000756319523E+01 a       582     0    24     1     7
  6.0084144802278230E+00 a       583     0    24     1     8
  1.2097417398371351E+00 a       584     0    24     1     9
 -3.3578917464392193E+00 a       585     0    24     1    10
  1.9599445321546852E+01 a       586     0    24     1    11
  6.5069274128799446E+00 a       587     0    24     1    12
 -4.1014477845151281E-01 a       588     0    24     1    13
  1.0566946939770895E+01 a       589     0    24     1    14
 -2.1632719351177474E+01 a       590     0    24     1    15
  2.2753747400800756E-01 a       591     0    24     1    16
 -3.9033458128447376E+00 a       592     0    24     1    17
 -1.5201847597642817E+00 a       593     0    24     1    18
  8.1235713581290039E+00 a       594     0    24     1    19
  1.3222532561530521E+01 a       595     0    24     1    20
 -2.3935363480702318E+01 a       596     0    24     1    21
 -1.5056924818346712E+01 a       597     0    24     1    22
 -2.1221764652303179E+01 a       598     0    24     1    23
 -7.5530750602420724E+00 a       599     0    24     1    24
 -2.5673018949791477E+00 a       600     0    24     1    25
 -8.6624526770421983E+00 a       601     0    25     1     1
  3.4690189264724132E+00 a       602     0    25     1     2
 -9.9582179992510316E+00 a       603     0    25     1     3
 -6.9404669048416636E+00 a       604     0    25     1     4
 -1.5091467796933968E+00 a       605     0    25     1     5
 -8.1443057270774872E+00 a       606     0    25     1     6
  9.6519230291091240E+00 a       607     0    25     1     7
 -3.9877753572801495E+00 a       608     0    25     1     8
 -2.2385440977497378E+01 a       609     0    25     1     9
 -5.9485851522035214E+00 a       610     0    25     1    10
 -8.3400692707815072E+00 a       611     0    25     1    11
 -1.1525301842070862E+01 a       612     0    25     1    12
 -6.1128203100061791E+00 a       613     0    25     1    13
 -7.6573309550687538E+00 a       614     0    25     1    14
  1.4060609433424657E+01 a       615     0    25     1    15
 -3.7669995394330869E+00 a       616     0    25     1    16
 -2.1280900353449721E+00 a       617     0    25     1    17
  1.4464330996228552E+01 a       618     0    25     1    18
 -4.3030383274766786E+00 a       619     0    25     1    19
 -2.8447412536183229E+01 a       620     0    25     1    20
 -5.8290003865509004E+00 a       621     0    25     1    21
 -7.1426993221608770E-01 a       622     0    25     1    22
  3.9349477630637506E+00 a       623     0    25     1    23
  9.0104217967435236E+00 a       624     0    25     1    24
  1.3045664751593469E+01 a       625     0    25     1    25
  1.8617400651277212E+01 a       626     0    26     1     1
 -6.3064427448604912E+00 a       627     0    26     1     2
 -1.3063518513877415E+00 a       628     0    26     1     3
 -1.0514222260290575E+01 a       629     0    26     1     4
  2.6316256529122999E+00 a       630     0    26     1     5
 -9.5940010429794302E+00 a       631     0    26     1     6
  1.1197448959728504E+00 a       632     0    26     1     7
  6.5958973447014202E+00 a       633     0    26     1     8
  2.5593676815812074E+00 a       634     0    26     1     9
  9.7589293359111515E+00 a       635     0    26     1    10
  8.5297090210211712E-01 a       636     0    26     1    11
 -9.7573529893948219E-01 a       637     0    26     1    12
  5.5275355865821405E+00 a       638     0    26     1    13
 -1.6315661178561307E+01 a       639     0    26     1    14
  3.1571709372375351E-01 a       640     0    26     1    15
  4.4700629295566365E+00 a       641     0    26     1    16
 -5.1180147958892024E-02 a       642     0    26     1    17
  1.9812358851228227E+00 a       643     0    26     1    18
  6.5404340336070126E+00 a       644     0    26     1    19
 -1.0997936739971562E+01 a       645     0    26     1    20
  2.1798839879623730E-01 a       646     0    26     1    21
  2.0250576713149400E+00 a       647     0    26     1    22
 -5.3777995220901875E+00 a       648     0    26     1    23
  6.4713714458871117E+00 a       649     0    26     1    24
  3.7410299120373089E+00 a       650     0    26     1    25
 -2.1228570107354326E+01 a       651     0    27     1     1
 -1.3999924815227198E+01 a       652     0    27     1     2
  2.6755215014514828E+00 a       653     0    27     1     3
  1.5709051282238162E+01 a       654     0    27     1     4
 -7.9980032569607440E+00 a       655     0    27     1     5
  1.1317926769566926E+01 a       656     0    27     1     6
  1.6277447711037698E+01 a       657     0    27     1     7
  1.1980021253021704E+01 a       658     0    27     1     8
 -5.0691556570758403E+00 a       659     0    27     1     9
 -1.4416266763528942E+01 a       660     0    27     1    10
 -7.8972476251850701E+00 a       661     0    27     1    11
 -3.9463962131353609E+00 a       662     0    27     1    12
 -9.1545503960808450E+00 a       663     0    27     1    13
 -3.1204989193171627E+01 a       664     0    27     1    14
 -2.7048445622495493E+01 a       665     0    27     1    15
 -7.3609388070269501E+00 a       666     0    27     1    16
  2.3659907822033517E+01 a       667     0    27     1    17
  8.2061316129432491E+00 a       668     0    27     1    18
  1.7009070124198246E+01 a       669     0    27     1    19
  8.3763014076075333E+00 a       670     0    27     1    20
  4.9935020908602104E+00 a       671     0    27     1    21
  8.2050872264229806E+00 a       672     0    27     1    22
  1.4115263216701981E+01 a       673     0    27     1    23
 -1.0961938708965889E+01 a       674     0    27     1    24
 -2.1485578951804051E+01 a       675     0    27     1    25
  8.1523163601706710E+00 a       676     0    28     1     1
 -3.5886555202517151E-01 a       677     0    28     1     2
  1.0137914751365658E+01 a       678     0    28     1     3
 -1.7169987966309808E+01 a       679     0    28     1     4
  7.7851493926019106E+00 a       680     0    28     1     5
  1.0998567252320559E+00 a       681     0    28     1     6
 -2.1629036420629653E+01 a       682     0    28     1     7
  4.3242941651667985E+00 a       683     0    28     1     8
  2.2195062389434245E+01 a       684     0    28     1     9
  1.9810929192556845E+01 a       685     0    28     1    10
  5.9555610304191244E+00 a       686     0    28     1    11
  5.5517792770644991E+00 a       687     0    28     1    12
  8.3010420782644800E+00 a       688     0    28     1    13
  3.4890041178502472E+01 a       689     0    28     1    14
  1.0776699948065252E+01 a       690     0    28     1    15
 -1.0171831425651996E+00 a       691     0    28     1    16
  1.4140607694010696E+00 a       692     0    28     1    17
 -3.0215012457315613E+01 a       693     0    28     1    18
 -9.7259107518061114E+00 a       694     0    28     1    19
  1.5292761971924987E+01 a       695     0    28     1    20
  6.9193825743838833E+00 a       696     0    28     1    21
  6.3976080267000137E+00 a       697     0    28     1    22
  9.3641160924289957E-01 a       698     0    28     1    23
 -3.4331722047661741E+00 a       699     0    28     1    24
 -3.3115213650738298E+00 a       700     0    28     1    25
  4.5876283015089481E+00 a       701     0    29     1     1
 -2.7815540970464525E+00 a       702     0    29     1     2
 -2.5289847772164880E+00 a       703     0    29     1     3
  1.9405055863733323E+00 a       704     0    29     1     4
 -7.2619300301456957E-01 a       705     0    29     1     5
 -5.5348705254991675E+00 a       706     0    29     1     6
  5.7771467228186317E+00 a       707     0    29     1     7
 -6.4370492684501608E+00 a       708     0    29     1     8
  2.9329858462474081E+00 a       709     0    29     1     9
  1.5971208701348580E+00 a       710     0    29     1    10
 -3.3452879663412101E+00 a       711     0    29     1    11
 -7.6859920526201275E+00 a       712     0    29     1    12
  1.7248762390639732E-01 a       713     0    29     1    13
 -4.2680659987939951E-01 a       714     0    29     1    14
 -2.4213563721472013E+00 a       715     0    29     1    15
 -1.6424892296683444E+00 a       716     0    29     1    16
  2.8481991888857703E+00 a       717     0    29     1    17
  2.9671855193283458E-01 a       718     0    29     1    18
  3.6653500379240214E+00 a       719     0    29     1    19
 -7.6203404601689408E+00 a       720     0    29     1    20
 -1.4491657245928518E+00 a       721     0    29     1    21
 -3.1500674101852191E+00 a       722     0    29     1    22
 -1.4995470053490405E+00 a       723     0    29     1    23
 -1.4103422655223328E+00 a       724     0    29     1    24
  1.4776359127082432E+00 a       725     0    29     1    25
 -5.0634238089386789E+00 a       726     0    30     1     1
  1.8194110429834227E+00 a       727     0    30     1     2
 -1.0480694026937150E+00 a       728     0    30     1     3
 -6.8441458452638282E-01 a       729     0    30     1     4
 -4.8093596924659234E+00 a       730     0    30     1     5
  7.0585504709838398E+00 a       731     0    30     1     6
 -2.5615769767655611E-01 a       732     0    30     1     7
 -3.7948099059470355E+00 a       733     0    30     1     8
  2.3161512194866720E+00 a       734     0    30     1     9
 -1.2735498816020634E+00 a       735     0    30     1    10
  1.4735474413602294E+00 a       736     0    30     1    11
  2.9307508826617577E+00 a       737     0    30     1    12
 -6.3086508825758114E-01 a       738     0    30     1    13
  4.1867116893478427E+00 a       739     0    30     1    14
 -1.1251292361198408E+00 a       740     0    30     1    15
 -3.5683665972336881E-01 a       741     0    30     1    16
 -5.1850390906895596E+00 a       742     0    30     1    17
  1.3116167531173772E+00 a       743     0    30     1    18
 -3.3440447730975871E+00 a       744     0    30     1    19
  4.9515053171578902E+00 a       745     0    30     1    20
  1.0959624627801978E+00 a       746     0    30     1    21
  3.2373493465760808E+00 a       747     0    30     1    22
  5.3475346888405539E+00 a       748     0    30     1    23
 -1.1592136366343098E+00 a       749     0    30     1    24
  1.6558147326339248E+00 a       750     0    30     1    25
 -8.1042899265968260E-01 b       751     1     1
  6.1565794666153595E-01 b       752     1     2
 -1.2118142964113154E+00 b       753     1     3
 -4.6759564367542156E-01 b       754     1     4
  5.6331347789128394E-01 b       755     1     5
 -9.0117562753341207E-01 b       756     1     6
  1.7343966418020238E+00 b       757     1     7
  8.5215542747502315E-01 b       758     1     8
 -3.9067892319783065E-01 b       759     1     9
 -8.0291842881018527E-01 b       760     1    10
  1.4651731625435183E+00 b       761     1    11
  3.4721940495731862E-01 b       762     1    12
  9.8950217001872953E-01 b       763     1    13
  1.0271741949105446E+00 b       764     1    14
 -7.1599911579890663E-01 b       765     1    15
 -5.3931086210526935E-01 b       766     1    16
 -6.7311924070598417E-01 b       767     1    17
  6.0888491409877099E-01 b       768     1    18
  4.8040643697826502E-01 b       769     1    19
 -6.7260905708866159E-01 b       770     1    20
 -1.0129785364753056E-01 b       771     1    21
  3.5385904703479876E-01 b       772     1    22
  3.2684337075701858E-01 b       773     1    23
  1.8009696314941745E-01 b       774     1    24
  7.2133536754655314E-01 b       775     1    25
  7.2954537727294977E-01 a       776     1     1     2     1
  3.1116679178807599E-01 a       777     1     1     2     2
 -6.1474324504909705E-01 a       778     1     1     2     3
 -1.8912170348384587E+00 a       779     1     1     2     4
 -1.0845634389226220E+00 a       780     1     1     2     5
 -6.6638639851389838E+00 a       781     1     1     2     6
 -9.1023405145646263E-01 a       782     1     1     2     7
 -1.8119762834915083E+00 a       783     1     1     2     8
  4.0197039305231536E-01 a       784     1     1     2     9
 -2.2752401763962475E+00 a       785     1     1     2    10
 -1.5177708913210273E+00 a       786     1     1     2    11
  7.6823409148442723E-01 a       787     1     1     2    12
  2.5644756566073756E-01 a       788     1     1     2    13
  7.4771917154866208E-01 a       789     1     1     2    14
 -4.6020640109809541E-01 a       790     1     1     2    15
  1.2023099410297602E+00 a       791     1     1     2    16
 -5.1852111831609704E-01 a       792     1     1     2    17
  8.3255732338041655E-01 a       793     1     1     2    18
  1.8814321887051344E+00 a       794     1     1     2    19
  1.3079214295245376E+00 a       795     1     1     2    20
 -2.3377171125682655E-01 a       796     1     1     2    21
  1.3077557465702687E+00 a       797     1     1     2    22
  2.5382318862484459E+00 a       798     1     1     2    23
  6.5756151128132767E-01 a       799     1     1     2    24
  1.2365684510069950E+00 a       800     1     1     2    25
 -1.2024282230431893E+00 a       801     1     2     2     1
 -7.1047961371711377E-01 a       802     1     2     2     2
 -2.3634131069485792E-01 a       803     1     2     2     3
 -2.2978391357777125E-01 a       804     1     2     2     4
  4.8112995023226990E-01 a       805     1     2     2     5
 -1.6982862745254828E+00 a       806     1     2     2     6
  1.2675097217630549E+00 a       807     1     2     2     7
  8.2881099143077419E-01 a       808     1     2     2     8
 -1.4250380117367767E+00 a       809     1     2     2     9
  6.7794373755953008E-01 a       810     1     2     2    10
  8.5475532402385224E-01 a       811     1     2     2    11
 -1.1772930278414493E+00 a       812     1     2     2    12
  1.4592618166880116E+00 a       813     1     2     2    13
 -1.3466052786221918E+00 a       814     1     2     2    14
 -1.3410682440853785E+00 a       815     1     2     2    15
 -4.7871823962158222E-01 a       816     1     2     2    16
  1.7803843299282811E+00 a       817     1     2     2    17
  2.0558613590483008E-01 a       818     1     2     2    18
 -2.2080082419178046E-01 a       819     1     2     2    19
 -1.0127442883199682E+00 a       820     1     2     2    20
 -8.7127469291353621E-01 a       821     1     2     2    21
 -1.7995821487217731E+00 a       822     1     2     2    22
  2.2447872767199870E-01 a       823     1     2     2    23
 -1.5950600564226323E+00 a       824     1     2     2    24
 -6.0555626115652150E-01 a       825     1     2     2    25
  1.2416681479228242E-01 a       826     1     3     2     1
 -6.8764209579519536E-02 a       827     1     3     2     2
 -3.7599390950754258E-01 a       828     1     3     2     3
  4.1764875018125652E-01 a       829     1     3     2     4
 -1.2558748278509859E+00 a       830     1     3     2     5
 -3.5929667509940963E+00 a       831     1     3     2     6
  3.3161340423090230E-01 a       832     1     3     2     7
  4.9946135133829572E-01 a       833     1     3     2     8
 -6.3623065508487800E-02 a       834     1     3     2     9
  5.3895135953572104E-01 a       835     1     3     2    10
 -6.2883018899010701E-01 a       836     1     3     2    11
  5.9386588464467644E+00 a       837     1     3     2    12
  4.8357663526876760E-01 a       838     1     3     2    13
 -1.3265441985077667E-01 a       839     1     3     2    14
 -1.7118956761417081E-01 a       840     1     3     2    15
  1.0686118103941509E+00 a       841     1     3     2    16
 -9.5106136657086682E-01 a       842     1     3     2    17
  1.6405627036408570E+00 a       843     1     3     2    18
  1.1990073226895714E+00 a       844     1     3     2    19
  4.6903697134491793E+00 a       845     1     3     2    20
 -1.1773513120136834E+00 a       846     1     3     2    21
 -3.2590705902077588E-01 a       847     1     3     2    22
 -2.7033452884266369E+00 a       848     1     3     2    23
  2.1154997565831768E+00 a       849     1     3     2    24
  9.9517739440510389E-01 a       850     1     3     2    25
  1.9787947005255078E+00 a       851     1     4     2     1
 -1.7213266527164481E-01 a       852     1     4     2     2
 -4.0157386715044219E-01 a       853     1     4     2     3
 -4.1921711077048798E-02 a       854     1     4     2     4
  4.6727363950389322E-01 a       855     1     4     2     5
  1.5059280850109122E+00 a       856     1     4     2     6
 -3.4588434062817264E-01 a       857     1     4     2     7
  3.5917257933796620E-01 a       858     1     4     2     8
  9.8956566710917560E-01 a       859     1     4     2     9
  3.2050265153576013E-01 a       860     1     4     2    10
 -2.8420449582860180E-01 a       861     1     4     2    11
 -1.7464269065636215E-01 a       862     1     4     2    12
  1.4603518877532242E-02 a       863     1     4     2    13
  1.0656234992415872E+00 a       864     1     4     2    14
  6.0231014571170971E-01 a       865     1     4     2    15
 -1.7584838075967654E-01 a       866     1     4     2    16
 -3.4951436790691431E-01 a       867     1     4     2    17
 -6.0175341042185204E-01 a       868     1     4     2    18
 -1.0873571865140907E+00 a       869     1     4     2    19
 -6.4337975859616203E-01 a       870     1     4     2    20
  3.0280664493280440E-01 a       871     1     4     2    21
  5.2078457553175816E-01 a       872     1     4     2    22
  2.5942912576335582E+00 a       873     1     4     2    23
 -6.4298286148577655E-01 a       874     1     4     2    24
  8.5374046546551441E-01 a       875     1     4     2    25
 -3.5308654160513466E+00 a       876     1     5     2     1
 -1.0922866543949166E+00 a       877     1     5     2     2
  1.0730016397102580E+00 a       878     1     5     2     3
 -9.0062036880504537E-01 a       879     1     5     2     4
 -4.1329179049666698E-01 a       880     1     5     2     5
  3.5460401829226290E-01 a       881     1     5     2     6
 -6.3828076760735764E-01 a       882     1     5     2     7
  1.6357012339614410E-01 a       883     1     5     2     8
  2.2151158024187469E+00 a       884     1     5     2     9
 -2.2128349499007982E-01 a       885     1     5     2    10
  2.3899285625299096E+00 a       886     1     5     2    11
 -4.9798161330983542E-01 a       887     1     5     2    12
 -9.7193505183446260E-01 a       888     1     5     2    13
  7.2708629945696168E-01 a       889     1     5     2    14
 -6.5972141233422521E-01 a       890     1     5     2    15
 -9.6168846895409732E-01 a       891     1     5     2    16
 -7.8234297070832765E-02 a       892     1     5     2    17
 -9.1526075107208149E-01 a       893     1     5     2    18
 -1.2854907445687402E+00 a       894     1     5     2    19
  7.3417143870568846E-01 a       895     1     5     2    20
 -7.0620644834058586E-03 a       896     1     5     2    21
  2.5956161879238049E-01 a       897     1     5     2    22
  2.4203145369422499E-01 a       898     1     5     2    23
 -6.8723802286485425E-01 a       899     1     5     2    24
 -1.9156159985804733E+00 a       900     1     5     2    25
  4.3990502525772355E+00 a       901     1     6     2     1
  1.1709284769955302E+00 a       902     1     6     2     2
 -1.5566515436861166E+00 a       903     1     6     2     3
  2.2077084263141558E+00 a       904     1     6     2     4
  1.3901512441643520E+00 a       905     1     6     2     5
  3.6727823471179510E+00 a       906     1     6     2     6
  2.0560378519987337E+00 a       907     1     6     2     7
  9.4854121362233457E-01 a       908     1     6     2     8
  1.4051528442988919E+00 a       909     1     6     2     9
 -3.9941055301060602E-01 a       910     1     6     2    10
  9.5402867067412267E-01 a       911     1     6     2    11
  2.5280165215487882E+00 a       912     1     6     2    12
  1.6188859894373964E-02 a       913     1     6     2    13
  1.4302823176209547E+00 a       914     1     6     2    14
  9.2745261765937470E-01 a       915     1     6     2    15
  1.3300211236617239E+00 a       916     1     6     2    16
 -1.9734407196854074E+00 a       917     1     6     2    17
  1.2464988447636445E+00 a       918     1     6     2    18
 -3.9735651272789368E-01 a       919     1     6     2    19
  1.7489631830884622E+00 a       920     1     6     2    20
  8.7879508976000231E-01 a       921     1     6     2    21
  1.7921375961993531E+00 a       922     1     6     2    22
  9.5386085314204361E-01 a       923     1     6     2    23
  8.6029403476013344E-01 a       924     1     6     2    24
  1.2573946210359324E+00 a       925     1     6     2    25
  2.6144793490235805E+00 a       926     1     7     2     1
  3.5146085499585897E+00 a       927     1     7     2     2
  7.4770497797584090E-01 a       928     1     7     2     3
  2.6418856884841406E+00 a       929     1     7     2     4
  1.0045057902715206E+00 a       930     1     7     2     5
 -3.5318716982722065E+00 a       931     1     7     2     6
  1.6902877745551976E+00 a       932     1     7     2     7
 -1.5793220881230359E+00 a       933     1     7     2     8
 -1.9558664418368437E+00 a       934     1     7     2     9
  7.8352341868709141E-01 a       935     1     7     2    10
 -6.9529784446788934E-01 a       936     1     7     2    11
  2.9206335704608843E+00 a       937     1     7     2    12
 -2.4855317495137719E+00 a       938     1     7     2    13
 -1.6978011778209587E+00 a       939     1     7     2    14
 -1.0440232365041457E+00 a       940     1     7     2    15
 -3.7146110144904920E-01 a       941     1     7     2    16
  7.7332363879088406E-01 a       942     1     7     2    17
 -2.1583586804119399E+00 a       943     1     7     2    18
 -1.8854460445365708E+00 a       944     1     7     2    19
  2.2698215768063750E+00 a       945     1     7     2    20
  5.1687918902143224E+00 a       946     1     7     2    21
  6.1382338673477168E+00 a       947     1     7     2    22
 -6.0556022881063614E+00 a       948     1     7     2    23
  7.6958342082516384E-01 a       949     1     7     2    24
 -7.6086872503275699E-02 a       950     1     7     2    25
  1.5032273577141126E+00 a       951     1     8     2     1
 -3.0161424550305721E-01 a       952     1     8     2     2
 -1.8125072353237035E+00 a       953     1     8     2     3
 -9.0876790260331509E-03 a       954     1     8     2     4
  4.5338416199296744E-01 a       955     1     8     2     5
  4.0375968478079889E+00 a       956     1     8     2     6
 -1.3732024040527391E+00 a       957     1     8     2     7
 -1.5598893097688080E-01 a       958     1     8     2     8
  4.1111785072939516E-01 a       959     1     8     2     9
 -7.7929288805350561E-01 a       960     1     8     2    10
 -8.2314776079780072E-01 a       961     1     8     2    11
  7.1267937444706337E+00 a       962     1     8     2    12
 -1.3184692969953742E+00 a       963     1     8     2    13
  3.8640765061837095E+00 a       964     1     8     2    14
  1.7197319171388861E-01 a       965     1     8     2    15
  3.9329906789516983E-01 a       966     1     8     2    16
 -3.1706666963357383E-01 a       967     1     8     2    17
  2.8968214469329112E+00 a       968     1     8     2    18
  2.9251915325338880E+00 a       969     1     8     2    19
  2.0245075191848297E-01 a       970     1     8     2    20
 -4.3045901787199199E+00 a       971     1     8     2    21
 -3.8184787492166233E-01 a       972     1     8     2    22
  1.6713244474332154E+00 a       973     1     8     2    23
 -1.1670472801876226E-01 a       974     1     8     2    24
  8.1312583247412173E-01 a       975     1     8     2    25
  2.8258119553724270E-01 a       976     1     9     2     1
 -4.6548610284497605E-01 a       977     1     9     2     2
 -3.8548937229454816E-01 a       978     1     9     2     3
  1.9178791147419091E-01 a       979     1     9     2     4
  1.8443334589242086E-01 a       980     1     9     2     5
 -1.9105309714366603E-01 a       981     1     9     2     6
 -6.2767053922636193E-02 a       982     1     9     2     7
  4.0159858933587728E-01 a       983     1     9     2     8
 -4.5304627740782738E-01 a       984     1     9     2     9
  2.2945759617538278E-01 a       985     1     9     2    10
 -1.2358380619370905E-01 a       986     1     9     2    11
 -5.9844603364158298E+00 a       987     1     9     2    12
 -1.2445809643934688E-01 a       988     1     9     2    13
 -1.8863920347966409E-01 a       989     1     9     2    14
  7.5687100409120645E-01 a       990     1     9     2    15
  4.4393199346853873E-01 a       991     1     9     2    16
  6.4121435678066507E-01 a       992     1     9     2    17
  8.4975096884161416E-01 a       993     1     9     2    18
  1.3705369003718526E+00 a       994     1     9     2    19
 -9.3915852262352650E-01 a       995     1     9     2    20
  1.7862321158291476E+00 a       996     1     9     2    21
 -3.6915632991082976E-02 a       997     1     9     2    22
 -5.4738899509940021E-02 a       998     1     9     2    23
  1.8169100757937418E-01 a       999     1     9     2    24
  1.1585401327558043E+00 a      1000     1     9     2    25
 -1.4581909649843534E+00 a      1001     1    10     2     1
  3.9914242132082750E-01 a      1002     1    10     2     2
 -8.2051523735166798E-01 a      1003     1    10     2     3
  1.3081573700833511E+00 a      1004     1    10     2     4
  5.4805730461236790E-01 a      1005     1    10     2     5
  4.9728002657770078E+00 a      1006     1    10     2     6
 -5.6503388701982682E-01 a      1007     1    10     2     7
 -4.2339756215492325E-02 a      1008     1    10     2     8
 -2.3158297666384473E-01 a      1009     1    10     2     9
 -2.7956672850208619E-01 a      1010     1    10     2    10
  1.2165227271682191E+00 a      1011     1    10     2    11
  8.5914009396994129E-01 a      1012     1    10     2    12
 -1.2878364572656009E-01 a      1013     1    10     2    13
 -1.9465736879397562E+00 a      1014     1    10     2    14
  3.0737159247235329E-01 a      1015     1    10     2    15
  1.1111935672936388E-01 a      1016     1    10     2    16
 -9.3111737242843795E-01 a      1017     1    10     2    17
  3.8146942390919619E-01 a      1018     1    10     2    18
  5.9310805428113855E-01 a      1019     1    10     2    19
  2.4573358856260121E+00 a      1020     1    10     2    20
 -8.5927382377638228E-01 a      1021     1    10     2    21
  8.0768913013552657E-01 a      1022     1    10     2    22
  6.9579025270042383E-01 a      1023     1    10     2    23
  2.4586890513335961E-02 a      1024     1    10     2    24
  1.1754531091624090E+00 a      1025     1    10     2    25
 -2.5902556225251794E-01 a      1026     1    11     2     1
  2.6800489703345043E-01 a      1027     1    11     2     2
  3.6157915353580738E-01 a      1028     1    11     2     3
 -1.6483761388185320E-01 a      1029     1    11     2     4
  2.0236417529402670E+00 a      1030     1    11     2     5
  4.4228518274770092E+00 a      1031     1    11     2     6
  8.9830514804328954E-01 a      1032     1    11     2     7
  1.3815846828821083E+00 a      1033     1    11     2     8
  3.9019346978915448E-01 a      1034     1    11     2     9
  2.1424258292318994E+00 a      1035     1    11     2    10
  1.0929414054565183E+00 a      1036     1    11     2    11
 -4.0663125117378458E+00 a      1037     1    11     2    12
  1.2303332280085695E+00 a      1038     1    11     2    13
  5.3349617139815553E-01 a      1039     1    11     2    14
  1.6544234634707471E+00 a      1040     1    11     2    15
 -1.0313817800232796E+00 a      1041     1    11     2    16
 -2.5527654694797648E+00 a      1042     1    11     2    17
 -1.6032738833823799E+00 a      1043     1    11     2    18
 -3.7742489489026435E-02 a      1044     1    11     2    19
  1.1038931498908042E+00 a      1045     1    11     2    20
  4.0638490421917162E+00 a      1046     1    11     2    21
 -1.0712116002945360E+00 a      1047     1    11     2    22
  3.7762820626221041E+00 a      1048     1    11     2    23
 -9.2125815596471283E-01 a      1049     1    11     2    24
 -1.9061519023871667E+00 a      1050     1    11     2    25
  7.2772737965872983E-02 a      1051     1    12     2     1
 -5.2284778447242342E-01 a      1052     1    12     2     2
  6.2413508355410019E-01 a      1053     1    12     2     3
  3.2159616261734220E-02 a      1054     1    12     2     4
 -4.0085420991000797E-01 a      1055     1    12     2     5
  4.5212770933177870E-01 a      1056     1    12     2     6
  6.0016747095025380E-01 a      1057     1    12     2     7
 -6.2361276413351241E-01 a      1058     1    12     2     8
 -7.4005515798089963E-02 a      1059     1    12     2     9
 -1.1514420451655070E+00 a      1060     1    12     2    10
 -3.4232598352203025E-01 a      1061     1    12     2    11
  1.5212444247633561E+00 a      1062     1    12     2    12
 -1.0134370354327780E-01 a      1063     1    12     2    13
 -8.4065346263216034E-01 a      1064     1    12     2    14
  4.1353476828930108E-01 a      1065     1    12     2    15
  6.2051005180024821E-01 a      1066     1    12     2    16
  8.1659912034863491E-01 a      1067     1    12     2    17
  6.7607803603030991E-01 a      1068     1    12     2    18
 -1.5924016286804440E-01 a      1069     1    12     2    19
  6.0872392266225994E-01 a      1070     1    12     2    20
 -1.2281322495856786E+00 a      1071     1    12     2    21
  7.1382026446072910E-01 a      1072     1    12     2    22
  1.6668556748126018E-01 a      1073     1    12     2    23
  6.3021431153676444E-01 a      1074     1    12     2    24
 -7.8627086898865398E-03 a      1075     1    12     2    25
 -4.4484991761312720E-01 a      1076     1    13     2     1
 -9.3240396505097134E-02 a      1077     1    13     2     2
 -9.7628490018292852E-02 a      1078     1    13     2     3
  2.1870082646655090E-02 a      1079     1    13     2     4
 -4.0995206901906067E-01 a      1080     1    13     2     5
  4.4954505546133106E-01 a      1081     1    13     2     6
  6.5398394582406449E-01 a      1082     1    13     2     7
 -1.4906865451429485E+00 a      1083     1    13     2     8
  1.6471071600012201E+00 a      1084     1    13     2     9
 -2.0067424628990409E+00 a      1085     1    13     2    10
 -2.8471519776779869E-01 a      1086     1    13     2    11
  4.6800395394898470E-02 a      1087     1    13     2    12
 -4.7365602105707139E-01 a      1088     1    13     2    13
 -1.4772516745238258E+00 a      1089     1    13     2    14
 -7.2137957592334001E-01 a      1090     1    13     2    15
 -5.5121610820090172E-01 a      1091     1    13     2    16
 -9.4547455630066307E-02 a      1092     1    13     2    17
 -4.3553953896099507E-01 a      1093     1    13     2    18
 -2.1325253981304035E+00 a      1094     1    13     2    19
 -1.0440893156751927E+00 a      1095     1    13     2    20
 -9.8329229829678577E-01 a      1096     1    13     2    21
  9.1395063324365811E-02 a      1097     1    13     2    22
  2.5802834786229928E-01 a      1098     1    13     2    23
 -8.2613336674943610E-02 a      1099     1    13     2    24
 -9.9765375258810296E-01 a      1100     1    13     2    25
 -2.8153259420042258E+00 a      1101     1    14     2     1
 -4.5898830242048744E-01 a      1102     1    14     2     2
  2.1232256025136856E-01 a      1103     1    14     2     3
  1.0267264750472218E+00 a      1104     1    14     2     4
 -2.8053129419770478E-01 a      1105     1    14     2     5
  1.2345176305393823E+00 a      1106     1    14     2     6
 -2.0352193404305581E+00 a      1107     1    14     2     7
 -4.0529764790814005E-01 a      1108     1    14     2     8
  5.3934019217492613E-01 a      1109     1    14     2     9
 -1.2686472453494091E+00 a      1110     1    14     2    10
  1.4381219646644576E+00 a      1111     1    14     2    11
  2.0206643448397577E+00 a      1112     1    14     2    12
  1.2075768364118376E+00 a      1113     1    14     2    13
  1.5153871491361510E+00 a      1114     1    14     2    14
 -6.4913073539666757E-02 a      1115     1    14     2    15
  9.6475849536927827E-01 a      1116     1    14     2    16
 -1.9094852135785285E+00 a      1117     1    14     2    17
  6.6357310993204544E-01 a      1118     1    14     2    18
  2.0732793678331354E+00 a      1119     1    14     2    19
  5.7315452352611496E-01 a      1120     1    14     2    20
 -1.7189805341368345E+00 a      1121     1    14     2    21
  7.4605714457943162E-01 a      1122     1    14     2    22
  1.6363828724487974E+00 a      1123     1    14     2    23
  1.0829590341867417E+00 a      1124     1    14     2    24
  2.0514589602156533E-01 a      1125     1    14     2    25
  3.0365866045305762E-01 a      1126     1    15     2     1
  1.5338519986489192E+00 a      1127     1    15     2     2
 -2.0752987025695193E-02 a      1128     1    15     2     3
  2.6105805249237585E-01 a      1129     1    15     2     4
  1.4712171186625091E+00 a      1130     1    15     2     5
  1.6561091160629640E+00 a      1131     1    15     2     6
 -1.1094834493157915E+00 a      1132     1    15     2     7
  9.1995177765479963E-01 a      1133     1    15     2     8
  1.1121881119788508E+00 a      1134     1    15     2     9
  9.0112109069292423E-01 a      1135     1    15     2    10
 -3.7996166952356383E+00 a      1136     1    15     2    11
 -7.6019028865514899E+00 a      1137     1    15     2    12
  2.0724208278696579E+00 a      1138     1    15     2    13
 -5.3815797786107322E-01 a      1139     1    15     2    14
  1.4524665180906180E+00 a      1140     1    15     2    15
  8.7301012142713286E-01 a      1141     1    15     2    16
 -1.2179865561729797E+00 a      1142     1    15     2    17
  3.8056902723065589E-01 a      1143     1    15     2    18
  1.8997498221872455E+00 a      1144     1    15     2    19
 -7.7476634388625609E-01 a      1145     1    15     2    20
  3.8617004390344128E-01 a      1146     1    15     2    21
  2.1178385399089676E+00 a      1147     1    15     2    22
  1.9430204287976895E-02 a      1148     1    15     2    23
 -1.7561519142744189E-02 a      1149     1    15     2    24
  1.0253039725432087E+00 a      1150     1    15     2    25
 -1.6602120116628760E+00 a      1151     1    16     2     1
  3.4530109264873188E-01 a      1152     1    16     2     2
  4.5002400157207617E-01 a      1153     1    16     2     3
  8.8729173141172601E-01 a      1154     1    16     2     4
 -5.4391173295356192E-02 a      1155     1    16     2     5
  1.5811582731760643E+00 a      1156     1    16     2     6
 -6.6304121686253781E-01 a      1157     1    16     2     7
 -5.3314688644665587E-01 a      1158     1    16     2     8
  3.6973745053451003E-02 a      1159     1    16     2     9
 -2.0003873485868526E+00 a      1160     1    16     2    10
 -1.7461658305077268E+00 a      1161     1    16     2    11
 -6.4444190409792401E-01 a      1162     1    16     2    12
  4.8682613612489856E-01 a      1163     1    16     2    13
 -1.6481392902233980E+00 a      1164     1    16     2    14
  1.4741423076100313E+00 a      1165     1    16     2    15
  1.6882617208966422E-01 a      1166     1    16     2    16
 -5.3733014440520632E-01 a      1167     1    16     2    17
  9.1623243376395269E-02 a      1168     1    16     2    18
  3.9579054868942865E-01 a      1169     1    16     2    19
  4.3036850165767602E+00 a      1170     1    16     2    20
 -6.1475236418067003E-01 a      1171     1    16     2    21
  1.2099561442195106E+00 a      1172     1    16     2    22
 -1.5796510338340370E+00 a      1173     1    16     2    23
  6.3192798919500504E-01 a      1174     1    16     2    24
  1.1428268495146900E+00 a      1175     1    16     2    25
 -2.4737784777968077E+00 a      1176     1    17     2     1
  1.0766136651574567E+00 a      1177     1    17     2     2
 -4.6996845715328267E-01 a      1178     1    17     2     3
 -9.0282020482172920E-01 a      1179     1    17     2     4
  1.1402165561062918E+00 a      1180     1    17     2     5
 -2.0743168518828523E+00 a      1181     1    17     2     6
  1.8643083553519701E+00 a      1182     1    17     2     7
  1.0584499369957516E+00 a      1183     1    17     2     8
  3.5352316307495474E-01 a      1184     1    17     2     9
  1.1431063268231514E-01 a      1185     1    17     2    10
 -2.4535372696811106E+00 a      1186     1    17     2    11
 -1.4588250458491416E+00 a      1187     1    17     2    12
  5.7225233081138871E-01 a      1188     1    17     2    13
 -1.7434492603733882E+00 a      1189     1    17     2    14
 -1.0635886100070371E+00 a      1190     1    17     2    15
 -6.8361696532754512E-01 a      1191     1    17     2    16
 -6.4214932260159940E-01 a      1192     1    17     2    17
  3.8742769902098234E-01 a      1193     1    17     2    18
 -1.4003341757322194E+00 a      1194     1    17     2    19
  2.6427420453895367E-01 a      1195     1    17     2    20
  1.0417556517504327E+00 a      1196     1    17     2    21
 -1.0130501669588794E+00 a      1197     1    17     2    22
 -1.6692914615869467E+00 a      1198     1    17     2    23
 -7.2151907100132828E-01 a      1199     1    17     2    24
 -5.1764176832927611E-01 a      1200     1    17     2    25
  1.6239732801590043E+00 a      1201     1    18     2     1
  9.9098919392519724E-01 a      1202     1    18     2     2
 -9.5026159824080314E-01 a      1203     1    18     2     3
  1.0051723309415540E-03 a      1204     1    18     2     4
  6.6577931023090370E-02 a      1205     1    18     2     5
 -8.1802389586483504E-02 a      1206     1    18     2     6
  1.2742515090573223E+00 a      1207     1    18     2     7
 -7.9597048706655094E-01 a      1208     1    18     2     8
  5.4242566140990278E-01 a      1209     1    18     2     9
  7.0381159347298805E-01 a      1210     1    18     2    10
  3.5322234737429231E-01 a      1211     1    18     2    11
  2.0710875789178633E+00 a      1212     1    18     2    12
 -4.9730594304210002E-01 a      1213     1    18     2    13
 -1.2169037193079411E+00 a      1214     1    18     2    14
  3.1624439034161433E-01 a      1215     1    18     2    15
  3.5520194907875541E-01 a      1216     1    18     2    16
  8.9266210684428671E-01 a      1217     1    18     2    17
  1.7985141532259710E+00 a      1218     1    18     2    18
  1.0119754629802717E+00 a      1219     1    18     2    19
 -2.5008461466986778E+00 a      1220     1    18     2    20
 -1.1496250314483072E-01 a      1221     1    18     2    21
 -2.8159546842637745E-01 a      1222     1    18     2    22
 -1.4863982004925604E+00 a      1223     1    18     2    23
  6.2865464509155689E-01 a      1224     1    18     2    24
 -4.5880065511690743E-01 a      1225     1    18     2    25
 -1.8890822200831219E+00 a      1226     1    19     2     1
 -7.9560947017831940E-01 a      1227     1    19     2     2
  6.6545664295242679E-01 a      1228     1    19     2     3
 -3.1966004102653223E-01 a      1229     1    19     2     4
 -3.3045089342803030E-01 a      1230     1    19     2     5
 -1.9448821802220158E+00 a      1231     1    19     2     6
 -2.6042670598182843E-01 a      1232     1    19     2     7
  6.6825916591856049E-01 a      1233     1    19     2     8
 -2.3928635919695343E-01 a      1234     1    19     2     9
 -9.0729204364583926E-01 a      1235     1    19     2    10
  6.5243779903814403E-01 a      1236     1    19     2    11
 -6.5310619617464472E-01 a      1237     1    19     2    12
  3.2233793205572825E-01 a      1238     1    19     2    13
  1.8147942656396350E+00 a      1239     1    19     2    14
  5.8348426953259946E-01 a      1240     1    19     2    15
  4.7994872676892392E-01 a      1241     1    19     2    16
 -7.3829119160145240E-01 a      1242     1    19     2    17
  6.7681525391338448E-01 a      1243     1    19     2    18
 -1.2435958409586656E-01 a      1244     1    19     2    19
  4.1392067176490049E-01 a      1245     1    19     2    20
 -6.3328909773399167E-01 a      1246     1    19     2    21
  9.6363827134966618E-01 a      1247     1    19     2    22
  5.1371340745866991E+00 a      1248     1    19     2    23
 -1.1602172561442889E+00 a      1249     1    19     2    24
 -1.2637453722050682E-01 a      1250     1    19     2    25
 -1.5544704902802672E-01 a      1251     1    20     2     1
  1.1396150273483936E+00 a      1252     1    20     2     2
 -9.8619232291773085E-01 a      1253     1    20     2     3
  9.2710439133782108E-01 a      1254     1    20     2     4
  8.7651381403934248E-02 a      1255     1    20     2     5
  2.0463894194473209E+00 a      1256     1    20     2     6
  6.9986651874068417E-01 a      1257     1    20     2     7
  1.3593098699860864E-01 a      1258     1    20     2     8
  6.7626878627411779E-01 a      1259     1    20     2     9
 -1.3481205379507681E+00 a      1260     1    20     2    10
  1.8259602089767062E-02 a      1261     1    20     2    11
  5.4330990396716503E+00 a      1262     1    20     2    12
 -1.7940820739606220E-01 a      1263     1    20     2    13
  4.5150225178827402E-01 a      1264     1    20     2    14
  9.0266310694968988E-01 a      1265     1    20     2    15
 -1.6729686512365674E-01 a      1266     1    20     2    16
 -1.1602258421852849E+00 a      1267     1    20     2    17
  9.0545482740427241E-01 a      1268     1    20     2    18
  3.7898604177604311E-01 a      1269     1    20     2    19
  6.9441786215028459E-02 a      1270     1    20     2    20
 -2.1970023810629979E+00 a      1271     1    20     2    21
 -1.4834920944350558E-01 a      1272     1    20     2    22
  1.9861580958795155E+00 a      1273     1    20     2    23
 -4.2546159941219669E-01 a      1274     1    20     2    24
  1.2471470744214548E+00 a      1275     1    20     2    25
 -1.9384594629465868E-01 a      1276     1    21     2     1
 -1.1222749259189278E-01 a      1277     1    21     2     2
  7.9547707465875261E-01 a      1278     1    21     2     3
 -1.4386680630880003E-01 a      1279     1    21     2     4
 -5.4627082088415824E-01 a      1280     1    21     2     5
  7.2497719357074253E-01 a      1281     1    21     2     6
 -1.5472396033908789E-01 a      1282     1    21     2     7
  1.0626237386147792E-01 a      1283     1    21     2     8
 -8.4880096395344962E-01 a      1284     1    21     2     9
 -1.1973434588259411E+00 a      1285     1    21     2    10
 -1.1631813050038580E+00 a      1286     1    21     2    11
  2.8788043318856578E+00 a      1287     1    21     2    12
 -5.6780968371990348E-01 a      1288     1    21     2    13
  1.1005538406779769E+00 a      1289     1    21     2    14
  5.9484104594296795E-02 a      1290     1    21     2    15
 -2.4334205982345067E-01 a      1291     1    21     2    16
  5.3192317034565573E-01 a      1292     1    21     2    17
 -4.7969648861357905E-01 a      1293     1    21     2    18
  9.2710482123070731E-02 a      1294     1    21     2    19
  2.2618271547605051E+00 a      1295     1    21     2    20
 -6.1160771565522776E-01 a      1296     1    21     2    21
  8.7957474540505665E-01 a      1297     1    21     2    22
  2.8528940982350055E+00 a      1298     1    21     2    23
 -1.0439142056481829E+00 a      1299     1    21     2    24
  1.9909064939186746E-01 a      1300     1    21     2    25
 -7.0818555058219534E-01 a      1301     1    22     2     1
  9.2329125094557030E-01 a      1302     1    22     2     2
  2.9908949067435814E-01 a      1303     1    22     2     3
 -4.3052363010564454E-01 a      1304     1    22     2     4
 -1.2071016152541700E+00 a      1305     1    22     2     5
 -4.6613607016407244E+00 a      1306     1    22     2     6
 -3.2292190067133864E-01 a      1307     1    22     2     7
  9.5844160419187074E-01 a      1308     1    22     2     8
  7.2040195396661777E-01 a      1309     1    22     2     9
  6.7394940076065335E-01 a      1310     1    22     2    10
 -3.9736057551032938E-01 a      1311     1    22     2    11
  2.1282425885847998E+00 a      1312     1    22     2    12
  3.1765882567194803E-01 a      1313     1    22     2    13
 -3.6750452612643869E-01 a      1314     1    22     2    14
  5.0849798493213405E-01 a      1315     1    22     2    15
  7.8666354685920759E-01 a      1316     1    22     2    16
  9.2611377779584680E-01 a      1317     1    22     2    17
 -1.2587040009073422E-01 a      1318     1    22     2    18
 -1.7945489021975206E-01 a      1319     1    22     2    19
  4.5805898132922079E-01 a      1320     1    22     2    20
  7.5025516717781027E-01 a      1321     1    22     2    21
  1.1589069368457416E+00 a      1322     1    22     2    22
 -1.3882453318641537E+00 a      1323     1    22     2    23
  3.3303875613465139E-01 a      1324     1    22     2    24
 -1.9462928053261028E-03 a      1325     1    22     2    25
  1.2799841005365566E+00 a      1326     1    23     2     1
 -8.4002188038635361E-01 a      1327     1    23     2     2
 -7.1352685139094685E-01 a      1328     1    23     2     3
  2.7564810899622394E-01 a      1329     1    23     2     4
 -1.4857296340087249E+00 a      1330     1    23     2     5
  1.4286170260225410E+00 a      1331     1    23     2     6
  5.8724829923580091E-01 a      1332     1    23     2     7
  8.8979537005790910E-01 a      1333     1    23     2     8
 -2.0689079478882677E-01 a      1334     1    23     2     9
  4.3222806432117106E-01 a      1335     1    23     2    10
  2.3086210963859313E+00 a      1336     1    23     2    11
 -1.0519047330232085E+00 a      1337     1    23     2    12
 -1.5752940868172753E+00 a      1338     1    23     2    13
  1.4241188224280021E+00 a      1339     1    23     2    14
 -3.7721650920419825E-01 a      1340     1    23     2    15
  9.4677576253788309E-01 a      1341     1    23     2    16
  1.0453249999976260E+00 a      1342     1    23     2    17
 -1.1868514446946528E+00 a      1343     1    23     2    18
  5.0632378025971492E-01 a      1344     1    23     2    19
  9.8007376721247264E-01 a      1345     1    23     2    20
  8.1815119019139215E-01 a      1346     1    23     2    21
  2.6110424733925053E-01 a      1347     1    23     2    22
 -8.5524536823622554E-01 a      1348     1    23     2    23
  6.7338514195516086E-01 a      1349     1    23     2    24
  1.4285414408388946E+00 a      1350     1    23     2    25
 -2.3862560965384922E+00 a      1351     1    24     2     1
 -1.3014233350234892E+00 a      1352     1    24     2     2
  4.0993370886138287E-03 a      1353     1    24     2     3
  4.9943039746625412E-01 a      1354     1    24     2     4
  3.3749008355289589E-01 a      1355     1    24     2     5
 -2.1377418987919232E+00 a      1356     1    24     2     6
 -6.3341096993648358E-02 a      1357     1    24     2     7
  1.3205168392948780E-01 a      1358     1    24     2     8
  6.5273644740154491E-01 a      1359     1    24     2     9
  9.2640733478084614E-01 a      1360     1    24     2    10
  8.8156587828912158E-01 a      1361     1    24     2    11
  5.1519851389847542E+00 a      1362     1    24     2    12
 -1.0102951783952388E-01 a      1363     1    24     2    13
 -1.2416936331997817E+00 a      1364     1    24     2    14
 -1.5747752797842091E-01 a      1365     1    24     2    15
 -3.9367019705536166E-01 a      1366     1    24     2    16
 -1.3581971208593754E-01 a      1367     1    24     2    17
  5.7332348393373189E-01 a      1368     1    24     2    18
  1.1948821403901817E+00 a      1369     1    24     2    19
  3.0084971028926072E-01 a      1370     1    24     2    20
  5.2109483225885711E-01 a      1371     1    24     2    21
  6.4338780076414459E-01 a      1372     1    24     2    22
 -4.9188378570993080E-01 a      1373     1    24     2    23
 -2.3456876122633566E-01 a      1374     1    24     2    24
 -2.3568225679472615E-01 a      1375     1    24     2    25
 -2.5451733660629747E+00 a      1376     1    25     2     1
  5.6805289500224787E-01 a      1377     1    25     2     2
  1.0052014862588858E+00 a      1378     1    25     2     3
  6.6788093034176899E-01 a      1379     1    25     2     4
  6.2734169332331213E-01 a      1380     1    25     2     5
 -1.4208607407109888E+00 a      1381     1    25     2     6
 -1.5471673881829251E+00 a      1382     1    25     2     7
 -2.4882182216193409E+00 a      1383     1    25     2     8
 -7.2064979171178045E-02 a      1384     1    25     2     9
 -2.3079776700881255E-01 a      1385     1    25     2    10
 -1.2987809816499398E+00 a      1386     1    25     2    11
 -2.4923823973949155E-01 a      1387     1    25     2    12
  9.2523436833142758E-01 a      1388     1    25     2    13
 -2.7231663808203099E+00 a      1389     1    25     2    14
  2.6161148284541036E+00 a      1390     1    25     2    15
 -1.2839576226617011E+00 a      1391     1    25     2    16
 -1.2081288891099597E+00 a      1392     1    25     2    17
 -1.1172533478812993E-01 a      1393     1    25     2    18
  2.6475736147758253E+00 a      1394     1    25     2    19
  1.4451377563888165E-01 a      1395     1    25     2    20
  1.9829078326089795E+00 a      1396     1    25     2    21
  3.9175497733565406E-01 a      1397     1    25     2    22
  5.2089480731662929E-01 a      1398     1    25     2    23
  3.5333166891394041E-01 a      1399     1    25     2    24
 -4.9507157292949006E-01 a      1400     1    25     2    25
  1.8695257055096701E+00 b      1401     2     1
 -7.3941323844243567E-01 b      1402     2     2
 -3.4307206556089129E+00 b      1403     2     3
 -5.3707970002638328E-01 b      1404     2     4
 -1.5531326235349677E-01 b      1405     2     5
 -1.8831164198105921E+00 b      1406     2     6
 -5.9798017907281598E-01 b      1407     2     7
  4.0291179250261715E+00 b      1408     2     8
  2.3408378339186267E+00 b      1409     2     9
 -2.4126402197660570E+00 b      1410     2    10
 -8.6484625107833786E+00 b      1411     2    11
 -7.3436409389365744E+00 b      1412     2    12
  2.5979318429792455E+00 b      1413     2    13
 -1.6616696200592715E+00 b      1414     2    14
  2.4206576076977160E+00 b      1415     2    15
  4.9209622391516570E+00 b      1416     2    16
 -3.0904249968263313E+00 b      1417     2    17
  4.5342737793450620E+00 b      1418     2    18
 -2.7943080099334006E-01 b      1419     2    19
  3.1347259899215025E+00 b      1420     2    20
 -6.6283744140509295E+00 b      1421     2    21
 -2.5318487485828216E+00 b      1422     2    22
 -2.5269376511710706E+00 b      1423     2    23
  1.2865745321526059E+00 b      1424     2    24
 -2.9069373782990375E+00 b      1425     2    25
  4.9779430077196024E-01 a      1426     2     1     3     1
  2.8760594048326542E+00 a      1427     2     2     3     1
 -1.9270029178924624E+00 a      1428     2     3     3     1
  2.4700961461659507E+00 a      1429     2     4     3     1
 -1.7305845676337057E+00 a      1430     2     5     3     1
  6.1190244052349740E-01 a      1431     2     6     3     1
  2.1046175153125311E+00 a      1432     2     7     3     1
  1.1421616959553287E+00 a      1433     2     8     3     1
 -2.1751058450117573E+00 a      1434     2     9     3     1
 -1.0582116712629188E+00 a      1435     2    10     3     1
  6.8444269071796004E-01 a      1436     2    11     3     1
  6.3460231430640579E-01 a      1437     2    12     3     1
 -2.0084505866296056E+00 a      1438     2    13     3     1
  5.6300421221036856E-01 a      1439     2    14     3     1
 -2.6074427149024166E+00 a      1440     2    15     3     1
  2.8641820869521135E+00 a      1441     2    16     3     1
  9.7565516523997531E-01 a      1442     2    17     3     1
  1.2151350676043735E+00 a      1443     2    18     3     1
  1.7213498531452822E+00 a      1444     2    19     3     1
  9.9052906782454619E-01 a      1445     2    20     3     1
 -9.0535346571361264E-01 a      1446     2    21     3     1
  1.9294915719618857E+00 a      1447     2    22     3     1
  1.0094150831716451E+00 a      1448     2    23     3     1
  2.1445512902003037E+00 a      1449     2    24     3     1
 -3.1366400090201125E+00 a      1450     2    25     3     1
  1.9805912125628253E+00 b      1451     3     1
