################################################################################
# Neural network connection values (weights and biases).
################################################################################
# Col  Name       Description
################################################################################
# 1    connection Neural network connection value.
# 2    t          Connection type (a = weight, b = bias).
# 3    index      Index enumerating weights.
# 4    l_s        Starting point layer (end point layer for biases).
# 5    n_s        Starting point neuron in starting layer (end point neuron for biases).
# 6    l_e        End point layer.
# 7    n_e        End point neuron in end layer.
################################################################################
#                      1 2         3     4     5     6     7
#             connection t     index   l_s   n_s   l_e   n_e
############################################################
 -4.4157283882761122E+00 a         1     0     1     1     1
 -8.0516738849609784E+00 a         2     0     1     1     2
 -4.2397228484975340E+00 a         3     0     1     1     3
  9.0171972549161268E+00 a         4     0     1     1     4
 -4.6388616539511176E+00 a         5     0     1     1     5
 -7.2045974969647801E+00 a         6     0     1     1     6
 -6.6368253568095698E-02 a         7     0     1     1     7
 -8.4919219860077391E+00 a         8     0     1     1     8
 -1.9944750332012602E+00 a         9     0     1     1     9
 -1.2163716665902846E+00 a        10     0     1     1    10
 -7.6625511666515065E+00 a        11     0     1     1    11
  2.9036338439846004E-01 a        12     0     1     1    12
 -4.4777188572196014E+00 a        13     0     1     1    13
 -3.2769985598129683E+00 a        14     0     1     1    14
 -1.6845587823417269E+01 a        15     0     1     1    15
 -2.6185355102639867E+00 a        16     0     1     1    16
  5.7900824663237778E+00 a        17     0     1     1    17
  8.7068290352310318E-01 a        18     0     1     1    18
 -2.3374163176279636E+00 a        19     0     1     1    19
  3.9281064625152453E+00 a        20     0     1     1    20
  8.7446941994945231E+00 a        21     0     1     1    21
 -1.8349715899626922E+00 a        22     0     1     1    22
  1.6234396697387146E+00 a        23     0     1     1    23
 -5.6731376433555702E+00 a        24     0     1     1    24
 -1.0056542187380812E+01 a        25     0     1     1    25
 -5.6709423591905084E-01 a        26     0     2     1     1
  1.7702258637913388E+00 a        27     0     2     1     2
  6.6200049950483670E+00 a        28     0     2     1     3
 -1.6000852744345980E+01 a        29     0     2     1     4
  2.5529474890348105E+00 a        30     0     2     1     5
  3.0394409679843397E+00 a        31     0     2     1     6
  2.7613142077412864E+00 a        32     0     2     1     7
  7.2596024919259090E+00 a        33     0     2     1     8
 -2.9515337742894121E+00 a        34     0     2     1     9
 -7.4157008148579999E+00 a        35     0     2     1    10
  1.4205798368995357E+01 a        36     0     2     1    11
  2.5736735505858856E+00 a        37     0     2     1    12
  1.8791843158050778E+01 a        38     0     2     1    13
  3.9438683980805527E+00 a        39     0     2     1    14
  1.8781594265117887E+00 a        40     0     2     1    15
 -9.2420571812216075E+00 a        41     0     2     1    16
 -1.6411235453935024E+01 a        42     0     2     1    17
 -9.1218551202722986E-01 a        43     0     2     1    18
 -1.6738400836416130E+00 a        44     0     2     1    19
 -7.2867169394929885E+00 a        45     0     2     1    20
 -9.2052202081216414E+00 a        46     0     2     1    21
 -1.6193441825443615E+00 a        47     0     2     1    22
 -3.0565340197421618E+00 a        48     0     2     1    23
  4.2794222071492447E+00 a        49     0     2     1    24
  1.0940067308798129E+01 a        50     0     2     1    25
  7.8314033353440671E+00 a        51     0     3     1     1
  2.0276712970474808E+01 a        52     0     3     1     2
  4.8436605037571845E-01 a        53     0     3     1     3
 -1.1039554934588653E+01 a        54     0     3     1     4
  8.5888822928502915E+00 a        55     0     3     1     5
  1.3796519669633636E+01 a        56     0     3     1     6
 -4.5446687456087922E+00 a        57     0     3     1     7
  6.5359104044454348E+00 a        58     0     3     1     8
 -2.5584484327274590E+00 a        59     0     3     1     9
  1.2366092649985571E+01 a        60     0     3     1    10
  7.9212485132140591E+00 a        61     0     3     1    11
 -2.3709211857849866E+00 a        62     0     3     1    12
 -1.2307012360084075E+00 a        63     0     3     1    13
  6.1753083183131690E+00 a        64     0     3     1    14
  2.6290496332737117E+01 a        65     0     3     1    15
  1.0018180470245071E+01 a        66     0     3     1    16
 -3.6776997116431391E+00 a        67     0     3     1    17
  1.9166896049829882E+00 a        68     0     3     1    18
  2.8898005513549316E+00 a        69     0     3     1    19
 -3.7138402302256508E+00 a        70     0     3     1    20
  1.5373244554219991E+00 a        71     0     3     1    21
  2.8016861849753623E+00 a        72     0     3     1    22
 -2.7356794592291633E+00 a        73     0     3     1    23
  1.9914233095189582E+00 a        74     0     3     1    24
  7.7160706393950695E+00 a        75     0     3     1    25
  1.2220657122923360E+00 a        76     0     4     1     1
 -6.2820802780105804E+00 a        77     0     4     1     2
 -1.1814554090081648E+01 a        78     0     4     1     3
  2.4296252009966299E+01 a        79     0     4     1     4
 -6.0503591269915447E+00 a        80     0     4     1     5
 -1.0757320452547525E+01 a        81     0     4     1     6
 -8.1434184206690119E-01 a        82     0     4     1     7
 -1.1011991996482314E+01 a        83     0     4     1     8
  8.0708629137439054E+00 a        84     0     4     1     9
  8.1243599631683558E+00 a        85     0     4     1    10
 -2.0531461606836977E+01 a        86     0     4     1    11
  4.6775170830088619E+00 a        87     0     4     1    12
 -1.8611382307838721E+01 a        88     0     4     1    13
 -7.4292134817839592E+00 a        89     0     4     1    14
  4.4218467083212811E+00 a        90     0     4     1    15
  1.4782047264814320E+01 a        91     0     4     1    16
  3.0584358618560863E+01 a        92     0     4     1    17
 -6.8993191479185505E+00 a        93     0     4     1    18
  3.8302831016547909E+00 a        94     0     4     1    19
  3.5605081594205714E+00 a        95     0     4     1    20
 -1.0733719107472849E+01 a        96     0     4     1    21
  4.4573738793890634E+00 a        97     0     4     1    22
  1.4609276319047449E+01 a        98     0     4     1    23
  3.4537737261234591E+00 a        99     0     4     1    24
 -1.4910142555571007E+01 a       100     0     4     1    25
 -4.2697262833978273E+00 a       101     0     5     1     1
 -2.5815979439992784E+01 a       102     0     5     1     2
  1.1298306453697789E+01 a       103     0     5     1     3
  4.3446699860855533E+00 a       104     0     5     1     4
 -3.7094366753275958E+00 a       105     0     5     1     5
 -6.3606541053340837E-01 a       106     0     5     1     6
  8.1731559097062547E+00 a       107     0     5     1     7
  5.9808526826862130E+00 a       108     0     5     1     8
  6.8426142895673072E+00 a       109     0     5     1     9
 -2.0716312985322489E+01 a       110     0     5     1    10
 -3.8349835390032667E+00 a       111     0     5     1    11
 -6.7828948725844940E-02 a       112     0     5     1    12
 -4.6020022425342860E-01 a       113     0     5     1    13
 -4.1897796963700431E+00 a       114     0     5     1    14
 -3.0113883384593880E+01 a       115     0     5     1    15
 -1.0115228271124113E+01 a       116     0     5     1    16
 -1.0349550408486687E+01 a       117     0     5     1    17
 -2.2545087883412953E+00 a       118     0     5     1    18
 -1.0902734027964856E+01 a       119     0     5     1    19
  6.9711771580391018E+00 a       120     0     5     1    20
 -1.2154306023025159E+00 a       121     0     5     1    21
 -3.0411787081587001E+00 a       122     0     5     1    22
 -9.3217058174421865E+00 a       123     0     5     1    23
 -4.4131331336364399E+00 a       124     0     5     1    24
  8.9747126235129340E+00 a       125     0     5     1    25
 -4.3699916584627525E+00 a       126     0     6     1     1
  7.2823749502818043E+00 a       127     0     6     1     2
  6.9891630714859634E+00 a       128     0     6     1     3
 -2.9670038700258350E+00 a       129     0     6     1     4
  4.8265092747502072E+00 a       130     0     6     1     5
  5.5722016612776608E+00 a       131     0     6     1     6
 -4.2398799123095117E+00 a       132     0     6     1     7
  1.0697385740474394E+01 a       133     0     6     1     8
 -2.5423174426528727E+00 a       134     0     6     1     9
 -6.2738579754915724E+00 a       135     0     6     1    10
  1.7809002413554811E+01 a       136     0     6     1    11
 -1.0929430614503190E+01 a       137     0     6     1    12
 -1.6972284564618121E+00 a       138     0     6     1    13
 -1.7255791551893120E+00 a       139     0     6     1    14
 -4.7729642842760767E-01 a       140     0     6     1    15
 -1.6895430348691896E+01 a       141     0     6     1    16
 -2.6599942141046245E+01 a       142     0     6     1    17
 -7.5644065805044347E+00 a       143     0     6     1    18
  5.9944866428577628E+00 a       144     0     6     1    19
  2.4758499647328391E+00 a       145     0     6     1    20
  9.0442431339485108E+00 a       146     0     6     1    21
 -3.6150412056001398E+00 a       147     0     6     1    22
 -1.8528236013847774E+01 a       148     0     6     1    23
 -5.1431389997305148E+00 a       149     0     6     1    24
  8.1117165466683456E+00 a       150     0     6     1    25
  3.1136625584801086E-01 a       151     0     7     1     1
  2.6909960632070685E+01 a       152     0     7     1     2
 -4.6985125233364631E+00 a       153     0     7     1     3
 -9.9243725056541638E+00 a       154     0     7     1     4
 -2.4884046126762573E+00 a       155     0     7     1     5
 -1.1249242249908979E+01 a       156     0     7     1     6
 -5.2560176634247950E+00 a       157     0     7     1     7
 -1.4176879901886112E+01 a       158     0     7     1     8
 -7.3615267067686458E+00 a       159     0     7     1     9
  2.7910352457888653E+01 a       160     0     7     1    10
 -8.1206916637045925E+00 a       161     0     7     1    11
 -7.0291432770280489E+00 a       162     0     7     1    12
  1.3304092875565454E+01 a       163     0     7     1    13
  5.5577186650166936E+00 a       164     0     7     1    14
  2.8201493862299806E+01 a       165     0     7     1    15
  3.7302403579395151E+00 a       166     0     7     1    16
  1.7347791769509122E+01 a       167     0     7     1    17
  4.1765931505525629E+00 a       168     0     7     1    18
  7.2536639625731771E+00 a       169     0     7     1    19
 -3.8445633294934050E+00 a       170     0     7     1    20
  2.0951710746800156E+00 a       171     0     7     1    21
  1.0470849079921174E+00 a       172     0     7     1    22
  5.2391651871542457E+00 a       173     0     7     1    23
  1.9211504403504847E+00 a       174     0     7     1    24
 -2.0374814820892102E+01 a       175     0     7     1    25
  4.6439326873468554E+00 a       176     0     8     1     1
 -3.3806249801829868E+00 a       177     0     8     1     2
 -1.0256617884805470E+01 a       178     0     8     1     3
 -1.3427706788425676E+01 a       179     0     8     1     4
 -9.4744388345845962E+00 a       180     0     8     1     5
 -4.0950494640559159E+00 a       181     0     8     1     6
  4.3231267342285307E+00 a       182     0     8     1     7
 -1.3787719748538363E+00 a       183     0     8     1     8
 -3.7398284271842597E+00 a       184     0     8     1     9
  4.7703192310843630E+00 a       185     0     8     1    10
 -1.3458964037603939E+01 a       186     0     8     1    11
  5.9560945533148928E+00 a       187     0     8     1    12
  8.8189880425309823E+00 a       188     0     8     1    13
  9.8232089154888218E+00 a       189     0     8     1    14
  3.6190067871126610E+00 a       190     0     8     1    15
  1.5601023006289804E+01 a       191     0     8     1    16
  1.0787726101989962E+01 a       192     0     8     1    17
  4.1101355765663188E+00 a       193     0     8     1    18
 -6.9749423128428409E+00 a       194     0     8     1    19
 -2.0341061862802317E+00 a       195     0     8     1    20
  1.8415562506374638E+01 a       196     0     8     1    21
  6.9288659322193338E+00 a       197     0     8     1    22
  1.8362848558459582E+01 a       198     0     8     1    23
  6.7921333035402642E-01 a       199     0     8     1    24
 -5.7839973144504713E+00 a       200     0     8     1    25
  5.9161649712104509E+00 a       201     0     9     1     1
  2.7311979919947964E+00 a       202     0     9     1     2
  8.0801944071988920E+00 a       203     0     9     1     3
  1.8122918601806425E+01 a       204     0     9     1     4
  2.6171245935337240E+00 a       205     0     9     1     5
 -6.5453054438549243E+00 a       206     0     9     1     6
 -7.7669273681243234E-01 a       207     0     9     1     7
  1.0475360662565449E+00 a       208     0     9     1     8
  1.8662058132506345E+00 a       209     0     9     1     9
 -3.9727196826133007E+00 a       210     0     9     1    10
  6.8434346498351983E+00 a       211     0     9     1    11
 -5.5683319088829322E+00 a       212     0     9     1    12
 -3.3511908912452939E+00 a       213     0     9     1    13
 -5.3507200140071758E+00 a       214     0     9     1    14
  1.8729409980805301E+00 a       215     0     9     1    15
 -7.3215857260569122E+00 a       216     0     9     1    16
 -2.2006465455292950E+00 a       217     0     9     1    17
  4.9792367263905302E-01 a       218     0     9     1    18
  7.5834067114904524E-01 a       219     0     9     1    19
  1.8323505853052457E+00 a       220     0     9     1    20
 -2.3799521077967480E+01 a       221     0     9     1    21
 -2.3485583694642722E+00 a       222     0     9     1    22
 -3.3043041301980365E+00 a       223     0     9     1    23
 -1.6299417733018466E+00 a       224     0     9     1    24
  1.4961256894307049E+00 a       225     0     9     1    25
 -1.7720622259306880E+00 a       226     0    10     1     1
 -1.3637254059395483E+01 a       227     0    10     1     2
  7.4228517595445114E+00 a       228     0    10     1     3
  6.9746126842517260E+00 a       229     0    10     1     4
  4.6387483917752421E+00 a       230     0    10     1     5
  1.2214831781505607E+01 a       231     0    10     1     6
  1.1265178132150158E+00 a       232     0    10     1     7
  6.4438842208560283E+00 a       233     0    10     1     8
  7.6791474749246702E-01 a       234     0    10     1     9
 -1.2133472112242217E+01 a       235     0    10     1    10
  7.3185344705640736E+00 a       236     0    10     1    11
  1.6742810433167925E+01 a       237     0    10     1    12
 -1.0052270525695766E+01 a       238     0    10     1    13
 -4.3714880655534829E+00 a       239     0    10     1    14
 -1.4945020993229857E+01 a       240     0    10     1    15
 -3.5997136807002122E-01 a       241     0    10     1    16
 -7.5198813511299427E+00 a       242     0    10     1    17
 -7.7800566881128119E-01 a       243     0    10     1    18
  2.5773677551858105E+00 a       244     0    10     1    19
 -6.3623498790007744E+00 a       245     0    10     1    20
 -1.1162982316387007E+00 a       246     0    10     1    21
 -4.7721321626681545E+00 a       247     0    10     1    22
 -6.4120699115996577E-02 a       248     0    10     1    23
  5.3375462606297148E+00 a       249     0    10     1    24
  1.2008025283302512E+01 a       250     0    10     1    25
 -8.6050162514269213E-01 a       251     0    11     1     1
 -2.5296705319675241E+00 a       252     0    11     1     2
 -8.9679610466931567E+00 a       253     0    11     1     3
 -2.9345657243892811E+00 a       254     0    11     1     4
 -2.3421606449336645E+00 a       255     0    11     1     5
 -1.4652500180275139E+00 a       256     0    11     1     6
  4.7782412448774131E-01 a       257     0    11     1     7
  5.5879133187191838E+00 a       258     0    11     1     8
 -4.0670779725438670E+00 a       259     0    11     1     9
  1.6152593545893830E+00 a       260     0    11     1    10
 -1.6775054747621529E+00 a       261     0    11     1    11
  4.0135031930878258E+00 a       262     0    11     1    12
  6.3883152449977318E+00 a       263     0    11     1    13
 -1.6686826074866554E+00 a       264     0    11     1    14
 -1.4478254784548252E+00 a       265     0    11     1    15
  4.0928838751299201E+00 a       266     0    11     1    16
  6.6483572452792794E+00 a       267     0    11     1    17
 -6.7745905433798292E-01 a       268     0    11     1    18
 -1.6140316263680610E-01 a       269     0    11     1    19
 -3.5311966767546976E+00 a       270     0    11     1    20
  1.0133855425005615E+01 a       271     0    11     1    21
 -3.0567505147082614E+00 a       272     0    11     1    22
  6.2127376050768102E-01 a       273     0    11     1    23
  1.3777798900480553E+00 a       274     0    11     1    24
  1.1328123801216030E+00 a       275     0    11     1    25
 -2.9113568658376829E+00 a       276     0    12     1     1
  2.8770007138978442E+00 a       277     0    12     1     2
 -2.8036477191851308E+00 a       278     0    12     1     3
 -3.4774322352564240E+00 a       279     0    12     1     4
  2.3898409703862846E+00 a       280     0    12     1     5
  6.1811364726842823E-02 a       281     0    12     1     6
 -1.0013538116416540E+00 a       282     0    12     1     7
 -1.8890074773708636E+00 a       283     0    12     1     8
  1.7106776170198055E+00 a       284     0    12     1     9
  1.9810893632269588E+00 a       285     0    12     1    10
 -3.2986242660833787E+00 a       286     0    12     1    11
 -1.3147607608486414E+01 a       287     0    12     1    12
  1.9816333955002385E+00 a       288     0    12     1    13
 -3.3173300624921844E+00 a       289     0    12     1    14
  2.4691479484769250E+00 a       290     0    12     1    15
 -1.8162513980093453E+00 a       291     0    12     1    16
 -1.0987046790222912E+00 a       292     0    12     1    17
  2.4486809251939765E+00 a       293     0    12     1    18
 -2.0331701460589029E+00 a       294     0    12     1    19
  9.8688550225553815E+00 a       295     0    12     1    20
 -6.9277910480975340E+00 a       296     0    12     1    21
  2.3724595796874848E-01 a       297     0    12     1    22
 -7.8979708261995283E+00 a       298     0    12     1    23
  1.7406211104458640E+00 a       299     0    12     1    24
 -4.4342115941412903E+00 a       300     0    12     1    25
  1.3538121456581453E+00 a       301     0    13     1     1
 -5.5507951727704363E-01 a       302     0    13     1     2
  4.7090259447339760E+00 a       303     0    13     1     3
 -9.4461468604807142E-01 a       304     0    13     1     4
  5.3039606642256087E-01 a       305     0    13     1     5
  1.0257393392615568E+00 a       306     0    13     1     6
  8.8816905218428097E-03 a       307     0    13     1     7
 -2.4536110995778175E+00 a       308     0    13     1     8
  3.2145508285345410E+00 a       309     0    13     1     9
  1.0841456692095690E+00 a       310     0    13     1    10
 -2.0059917463075032E+00 a       311     0    13     1    11
 -8.5535784088084954E-01 a       312     0    13     1    12
 -5.3031697101239157E+00 a       313     0    13     1    13
  1.3927158553030972E+00 a       314     0    13     1    14
 -9.6468922882473929E-01 a       315     0    13     1    15
 -1.9567086989583649E+00 a       316     0    13     1    16
 -4.4576493622684490E+00 a       317     0    13     1    17
  1.5086682096559725E+00 a       318     0    13     1    18
 -1.3036706928426549E+00 a       319     0    13     1    19
  3.6316053973851838E+00 a       320     0    13     1    20
 -6.1235774112383394E+00 a       321     0    13     1    21
  4.1783452238240306E+00 a       322     0    13     1    22
 -1.3840462658189157E+00 a       323     0    13     1    23
 -6.1879381192468463E-01 a       324     0    13     1    24
 -5.8643175874329856E-01 a       325     0    13     1    25
  3.5206442445059838E-01 a       326     0    14     1     1
 -2.5055116407284594E+00 a       327     0    14     1     2
  6.5016679787157494E-01 a       328     0    14     1     3
  1.0886616228370076E+00 a       329     0    14     1     4
  8.9017782088804898E-01 a       330     0    14     1     5
  3.9212175627557464E+00 a       331     0    14     1     6
  3.6336326368092742E-01 a       332     0    14     1     7
 -2.3101194925859239E-01 a       333     0    14     1     8
 -4.8882272845327757E+00 a       334     0    14     1     9
 -1.7020957630638132E+00 a       335     0    14     1    10
  1.6694415139530110E+00 a       336     0    14     1    11
  1.7710654160260997E+01 a       337     0    14     1    12
  7.1625877400074101E-01 a       338     0    14     1    13
 -2.2634377097305669E+00 a       339     0    14     1    14
 -7.5329089591543390E+00 a       340     0    14     1    15
  1.8690317821340061E+00 a       341     0    14     1    16
 -1.1981018025920991E+00 a       342     0    14     1    17
  7.2522337360493927E-01 a       343     0    14     1    18
 -4.8349955513688775E-01 a       344     0    14     1    19
 -1.0379809063276729E+01 a       345     0    14     1    20
  2.2965170296963247E+00 a       346     0    14     1    21
 -1.7603009658785258E+00 a       347     0    14     1    22
  5.9133741058080798E+00 a       348     0    14     1    23
  7.7564252044725306E+00 a       349     0    14     1    24
  2.1488317170970030E+00 a       350     0    14     1    25
 -6.0780962457438348E-01 a       351     0    15     1     1
 -8.9004999638954885E-01 a       352     0    15     1     2
 -2.1734465690729432E-01 a       353     0    15     1     3
  3.9908425108275530E-01 a       354     0    15     1     4
  1.1440999735561144E+00 a       355     0    15     1     5
  8.1140118859582860E-02 a       356     0    15     1     6
 -2.2752168716980488E+00 a       357     0    15     1     7
 -8.2498496817979616E-01 a       358     0    15     1     8
 -1.7944803990839941E+00 a       359     0    15     1     9
 -3.2722531357968376E-01 a       360     0    15     1    10
  7.2797364047172153E-01 a       361     0    15     1    11
 -3.8678975718607184E-01 a       362     0    15     1    12
  2.5803269498875103E+00 a       363     0    15     1    13
 -1.6047206638175131E+00 a       364     0    15     1    14
  4.8657556072476926E-01 a       365     0    15     1    15
  3.6399384337640234E-01 a       366     0    15     1    16
  1.0875209418494580E-01 a       367     0    15     1    17
  1.5531943483283600E-01 a       368     0    15     1    18
  4.0475663743742535E-01 a       369     0    15     1    19
 -2.3240345159785627E+00 a       370     0    15     1    20
 -9.3083540444359070E+00 a       371     0    15     1    21
 -2.8819290172103624E+00 a       372     0    15     1    22
  1.8263212420273669E+00 a       373     0    15     1    23
 -2.7966797566122126E+00 a       374     0    15     1    24
  5.5766232530880067E-01 a       375     0    15     1    25
 -1.0999023429301285E+00 a       376     0    16     1     1
  6.2831288631497187E-02 a       377     0    16     1     2
  4.4506263057590983E-01 a       378     0    16     1     3
 -1.4682455172657985E-01 a       379     0    16     1     4
 -7.5240844716249766E-01 a       380     0    16     1     5
  4.1767787388517064E-01 a       381     0    16     1     6
 -4.8963347785928385E-01 a       382     0    16     1     7
  5.0215882881101383E-02 a       383     0    16     1     8
  1.3809489610391661E+00 a       384     0    16     1     9
  6.0161233454402413E-02 a       385     0    16     1    10
 -1.9529298110788221E-01 a       386     0    16     1    11
 -1.1540439317994222E+01 a       387     0    16     1    12
 -6.1760342556333392E-01 a       388     0    16     1    13
  4.3901849526287368E-01 a       389     0    16     1    14
 -1.1288936939481509E-01 a       390     0    16     1    15
 -3.2874297475166153E-01 a       391     0    16     1    16
 -2.3985519360549906E-01 a       392     0    16     1    17
 -1.0132610970924542E-01 a       393     0    16     1    18
 -1.5511289420001351E-01 a       394     0    16     1    19
 -8.0415601762606617E+00 a       395     0    16     1    20
 -4.6859625084039855E+00 a       396     0    16     1    21
 -4.6094521396963106E-01 a       397     0    16     1    22
 -1.1196028870107164E+00 a       398     0    16     1    23
 -7.8492503515721435E+00 a       399     0    16     1    24
  2.7505396655663322E-01 a       400     0    16     1    25
  1.0651286022411568E+00 a       401     0    17     1     1
  3.2273230325345409E-01 a       402     0    17     1     2
 -1.7542712900112860E+00 a       403     0    17     1     3
 -5.0057903693195396E+00 a       404     0    17     1     4
 -2.3756625321659616E-01 a       405     0    17     1     5
  9.9733043886900297E-01 a       406     0    17     1     6
 -2.1527966407123156E-01 a       407     0    17     1     7
  1.1434646535643749E+00 a       408     0    17     1     8
  1.6071060371976967E-01 a       409     0    17     1     9
 -3.0029108394247866E-01 a       410     0    17     1    10
  2.9940813174302566E-01 a       411     0    17     1    11
  2.9166645936306450E+00 a       412     0    17     1    12
  8.5091989432468740E-01 a       413     0    17     1    13
 -6.1079888486998601E-01 a       414     0    17     1    14
 -3.2109911157501365E+00 a       415     0    17     1    15
 -4.0201115885355848E-01 a       416     0    17     1    16
 -4.4056593884405837E+00 a       417     0    17     1    17
  3.2803849885219732E-01 a       418     0    17     1    18
  2.2942193454286604E+00 a       419     0    17     1    19
 -8.2824672077340433E-01 a       420     0    17     1    20
 -1.3328510700507603E+00 a       421     0    17     1    21
 -1.2563838053704102E+00 a       422     0    17     1    22
 -2.5434725114501666E+00 a       423     0    17     1    23
  1.1190389772290650E+00 a       424     0    17     1    24
  5.4774425734851440E-01 a       425     0    17     1    25
 -3.9849034115560555E+00 a       426     0    18     1     1
  7.2598007122773218E+00 a       427     0    18     1     2
  1.2583681064703624E+01 a       428     0    18     1     3
 -2.8362871099014604E+00 a       429     0    18     1     4
 -5.4156377267549072E+00 a       430     0    18     1     5
  1.5740046138076131E+00 a       431     0    18     1     6
  1.4749403500125458E+00 a       432     0    18     1     7
  3.3902330845390316E+00 a       433     0    18     1     8
 -6.4405090837611807E+00 a       434     0    18     1     9
  1.1856297748512915E+01 a       435     0    18     1    10
 -1.3478072381790849E+01 a       436     0    18     1    11
 -1.5647361747559620E+01 a       437     0    18     1    12
  9.2120614504783109E+00 a       438     0    18     1    13
  1.3455095055798406E+01 a       439     0    18     1    14
  8.4808937660308032E+00 a       440     0    18     1    15
 -1.9859008406421672E+00 a       441     0    18     1    16
 -2.6848876526912360E+00 a       442     0    18     1    17
  6.0814868969720557E+00 a       443     0    18     1    18
  9.9399378062343646E-01 a       444     0    18     1    19
  4.9066416257726990E+00 a       445     0    18     1    20
  9.3740736383447363E+00 a       446     0    18     1    21
 -1.1776885413318729E+01 a       447     0    18     1    22
  6.1173362130106428E+00 a       448     0    18     1    23
 -1.0077426271878922E+00 a       449     0    18     1    24
 -4.9565682377573541E+00 a       450     0    18     1    25
 -2.1691169406047264E+00 a       451     0    19     1     1
 -6.9036565577343179E-01 a       452     0    19     1     2
 -1.1378600892239152E+00 a       453     0    19     1     3
  2.6645740496793655E+00 a       454     0    19     1     4
  1.2502255708994223E-01 a       455     0    19     1     5
 -2.5490974692053423E+00 a       456     0    19     1     6
  5.1953462257210503E-01 a       457     0    19     1     7
 -6.3631384811220104E-01 a       458     0    19     1     8
  1.7002513954799423E+00 a       459     0    19     1     9
  3.8688015135750181E-01 a       460     0    19     1    10
  4.1901922294884854E-02 a       461     0    19     1    11
 -8.2197999573367397E+00 a       462     0    19     1    12
  1.2093397989633685E+00 a       463     0    19     1    13
  6.2555807119002077E-02 a       464     0    19     1    14
  3.1581320084615285E+00 a       465     0    19     1    15
  1.8577914967325587E-01 a       466     0    19     1    16
  2.1977297604241635E+00 a       467     0    19     1    17
  1.0795976452984120E-01 a       468     0    19     1    18
 -7.1263901876695286E+00 a       469     0    19     1    19
  5.2967144857014703E-01 a       470     0    19     1    20
 -9.7800157520395659E-01 a       471     0    19     1    21
 -4.4085178393450927E-02 a       472     0    19     1    22
  1.3318550725826224E+00 a       473     0    19     1    23
 -1.3604516285400052E+00 a       474     0    19     1    24
 -6.4000019561098642E-01 a       475     0    19     1    25
  9.5277682435005797E+00 a       476     0    20     1     1
 -5.4662889079548727E+00 a       477     0    20     1     2
 -1.3497612317607672E+01 a       478     0    20     1     3
 -1.3806068178994846E+00 a       479     0    20     1     4
  1.4884448754398463E+01 a       480     0    20     1     5
  7.0139996392895707E+00 a       481     0    20     1     6
 -5.1033335043782460E+00 a       482     0    20     1     7
 -7.8188589561937496E+00 a       483     0    20     1     8
  8.3766248818312956E+00 a       484     0    20     1     9
 -1.9808724786195508E+01 a       485     0    20     1    10
  2.1327991287796237E+01 a       486     0    20     1    11
  2.6271678692233802E+01 a       487     0    20     1    12
 -1.5496997103985553E+01 a       488     0    20     1    13
 -2.8262568559158292E+00 a       489     0    20     1    14
 -1.1918643393147550E+01 a       490     0    20     1    15
  7.0704231733963105E+00 a       491     0    20     1    16
  1.6665023420012023E+01 a       492     0    20     1    17
 -5.8872358595221215E+00 a       493     0    20     1    18
  9.9025521390553379E+00 a       494     0    20     1    19
 -5.7615395514754395E+00 a       495     0    20     1    20
 -6.9199581010136884E+00 a       496     0    20     1    21
  1.2633967848861195E+01 a       497     0    20     1    22
  2.7839760701400809E+00 a       498     0    20     1    23
 -1.8214795462009263E+00 a       499     0    20     1    24
  1.0646027520946850E+01 a       500     0    20     1    25
  2.8607620554938418E+00 a       501     0    21     1     1
  7.1112586762755816E+00 a       502     0    21     1     2
  3.0265408986358583E-01 a       503     0    21     1     3
 -2.6199141324362825E+00 a       504     0    21     1     4
  2.3542915058760294E-01 a       505     0    21     1     5
  1.7084842023176972E+00 a       506     0    21     1     6
 -3.5934122744433235E+00 a       507     0    21     1     7
  1.1247082806825562E+01 a       508     0    21     1     8
  4.2815619011246024E+00 a       509     0    21     1     9
 -1.6459402637547658E+01 a       510     0    21     1    10
  2.7654941296259716E+00 a       511     0    21     1    11
  8.0810679989179732E+00 a       512     0    21     1    12
  3.3428587741443622E-01 a       513     0    21     1    13
  1.1985182671377270E+01 a       514     0    21     1    14
  9.2013210341333558E+00 a       515     0    21     1    15
  1.1313269542605969E+01 a       516     0    21     1    16
 -4.8529403003090454E+00 a       517     0    21     1    17
 -1.1220679397314369E+01 a       518     0    21     1    18
 -1.1666396158407073E+01 a       519     0    21     1    19
 -5.1542559642327967E+00 a       520     0    21     1    20
  4.6600573520989990E+00 a       521     0    21     1    21
 -6.0097868975887607E+00 a       522     0    21     1    22
  1.9089537421192389E+01 a       523     0    21     1    23
 -1.6091948036399327E+01 a       524     0    21     1    24
  5.1891210418046434E+00 a       525     0    21     1    25
 -6.2353636598884181E+00 a       526     0    22     1     1
 -3.1155790750975880E+00 a       527     0    22     1     2
  8.3893747724765377E-02 a       528     0    22     1     3
 -5.1474642085446813E+00 a       529     0    22     1     4
  1.0335136941384839E+01 a       530     0    22     1     5
  9.1123411074826404E+00 a       531     0    22     1     6
 -1.0211419505588004E+00 a       532     0    22     1     7
 -1.1652717748974299E+01 a       533     0    22     1     8
  5.5568297991489262E+00 a       534     0    22     1     9
  6.8462660714310282E+00 a       535     0    22     1    10
 -1.7139937954232860E+00 a       536     0    22     1    11
  3.9715221411671990E+00 a       537     0    22     1    12
 -1.0298380739318127E+01 a       538     0    22     1    13
 -2.7919595618507698E+00 a       539     0    22     1    14
 -8.5631156493493048E+00 a       540     0    22     1    15
 -7.6531686467252538E+00 a       541     0    22     1    16
  4.6458618213503486E+00 a       542     0    22     1    17
  7.2789772533578923E+00 a       543     0    22     1    18
  9.6996061592250911E+00 a       544     0    22     1    19
  2.8405936551149233E+00 a       545     0    22     1    20
  1.1138529903566992E+01 a       546     0    22     1    21
 -6.7222094068912075E-01 a       547     0    22     1    22
 -1.1172478147342602E+01 a       548     0    22     1    23
  1.0425778775596045E+01 a       549     0    22     1    24
 -1.5082951908929301E+00 a       550     0    22     1    25
  1.2446091494523741E+00 a       551     0    23     1     1
 -7.4714568901301792E+00 a       552     0    23     1     2
 -1.1349443618081967E+01 a       553     0    23     1     3
  2.8226752451403803E+00 a       554     0    23     1     4
 -1.3343184162095453E+01 a       555     0    23     1     5
 -6.7746121742747363E+00 a       556     0    23     1     6
  6.9187030390743258E+00 a       557     0    23     1     7
 -1.4231457238306827E+01 a       558     0    23     1     8
 -1.3570898694207175E+01 a       559     0    23     1     9
  1.6134704447117727E+01 a       560     0    23     1    10
 -2.7717971267972548E+00 a       561     0    23     1    11
 -3.8537557004606498E+01 a       562     0    23     1    12
  9.7380481875531828E+00 a       563     0    23     1    13
 -1.4454649588853080E+01 a       564     0    23     1    14
 -2.7559327404682565E+00 a       565     0    23     1    15
  8.0921314473080674E-01 a       566     0    23     1    16
 -6.6318662984975658E+00 a       567     0    23     1    17
  1.9842025920752256E+01 a       568     0    23     1    18
 -3.3557536084270083E+00 a       569     0    23     1    19
  1.7002293756678920E+01 a       570     0    23     1    20
  1.8123750419874154E+00 a       571     0    23     1    21
  8.2933892218770460E+00 a       572     0    23     1    22
 -1.0131368628496862E+01 a       573     0    23     1    23
  1.3629132033160278E+00 a       574     0    23     1    24
 -6.7403653496694087E+00 a       575     0    23     1    25
 -5.4520216722846087E+00 a       576     0    24     1     1
  2.2804666357696526E+00 a       577     0    24     1     2
  3.1796367681021698E+00 a       578     0    24     1     3
  5.8559082806944245E+00 a       579     0    24     1     4
  2.5200454952912223E+00 a       580     0    24     1     5
 -6.1955891809359720E+00 a       581     0    24     1     6
  5.8007601443665580E-01 a       582     0    24     1     7
  8.9781356056489621E+00 a       583     0    24     1     8
 -2.6900041808625146E-02 a       584     0    24     1     9
 -4.3221869630119887E+00 a       585     0    24     1    10
 -2.3627808197111868E+00 a       586     0    24     1    11
  1.2694287419173026E+01 a       587     0    24     1    12
  8.2530370997532998E+00 a       588     0    24     1    13
 -8.7805992046449060E+00 a       589     0    24     1    14
 -6.9900160967916953E+00 a       590     0    24     1    15
 -3.3815830258117172E+00 a       591     0    24     1    16
 -6.2941556059036925E+00 a       592     0    24     1    17
 -3.3566047297235926E+00 a       593     0    24     1    18
 -7.0828910495427779E+00 a       594     0    24     1    19
 -8.9789497920648973E+00 a       595     0    24     1    20
 -1.5035765303273743E+01 a       596     0    24     1    21
 -7.0102522364223097E+00 a       597     0    24     1    22
 -8.6524446603752136E-01 a       598     0    24     1    23
  5.8056883074642105E+00 a       599     0    24     1    24
 -5.9023145326928965E+00 a       600     0    24     1    25
  2.1712665327551499E+00 a       601     0    25     1     1
 -3.6211026580257273E+00 a       602     0    25     1     2
 -3.9044453831834378E+00 a       603     0    25     1     3
  3.5725692184466995E+00 a       604     0    25     1     4
 -5.0636770070511874E+00 a       605     0    25     1     5
 -7.7097904495139540E+00 a       606     0    25     1     6
  3.1085646293846598E+00 a       607     0    25     1     7
 -1.5803937839466398E+00 a       608     0    25     1     8
  7.3009264468994362E-01 a       609     0    25     1     9
  3.3575468493550820E+00 a       610     0    25     1    10
  2.1857389532109361E+00 a       611     0    25     1    11
 -1.4088607566048427E+01 a       612     0    25     1    12
  8.6273068849907153E-01 a       613     0    25     1    13
  3.8339309626804901E+00 a       614     0    25     1    14
 -2.5030553283819108E+00 a       615     0    25     1    15
  1.2883881927433078E+00 a       616     0    25     1    16
  5.6867599659450851E+00 a       617     0    25     1    17
  5.3835017220986465E+00 a       618     0    25     1    18
  5.6371115537533285E+00 a       619     0    25     1    19
  5.3970955815158259E+00 a       620     0    25     1    20
 -8.5734818720234038E+00 a       621     0    25     1    21
  1.2835152664658560E+01 a       622     0    25     1    22
 -6.8063567003171128E+00 a       623     0    25     1    23
 -6.6686245332794236E-01 a       624     0    25     1    24
  5.8628326560306740E-02 a       625     0    25     1    25
 -7.6717848996100013E-01 a       626     0    26     1     1
  3.1285742081433381E+00 a       627     0    26     1     2
  1.2155635134991458E+01 a       628     0    26     1     3
 -1.8460259037619056E+00 a       629     0    26     1     4
 -3.7637709346451138E+00 a       630     0    26     1     5
  5.9212617014256166E+00 a       631     0    26     1     6
 -3.4783426300644411E+00 a       632     0    26     1     7
  7.2639205269241263E+00 a       633     0    26     1     8
  9.0413650020702914E+00 a       634     0    26     1     9
 -1.5229772117510683E+00 a       635     0    26     1    10
 -3.5551465117876981E+00 a       636     0    26     1    11
  1.5561337223746925E+01 a       637     0    26     1    12
 -8.1319197687800511E+00 a       638     0    26     1    13
  1.4608375156514727E+01 a       639     0    26     1    14
  1.1154364790974157E+01 a       640     0    26     1    15
  2.4230068233956588E+00 a       641     0    26     1    16
 -1.8091063035730619E+00 a       642     0    26     1    17
 -1.7931527968075674E+01 a       643     0    26     1    18
  1.5913063759974504E+00 a       644     0    26     1    19
 -1.0211842865866842E+01 a       645     0    26     1    20
  1.5052467427172379E+01 a       646     0    26     1    21
 -8.7806609704947540E+00 a       647     0    26     1    22
  5.6577796656086576E+00 a       648     0    26     1    23
 -8.8491443473391325E+00 a       649     0    26     1    24
  7.1235628646593492E+00 a       650     0    26     1    25
  1.1139960986789090E+00 a       651     0    27     1     1
  1.2608116754250638E+00 a       652     0    27     1     2
 -2.0050133206513876E+00 a       653     0    27     1     3
  4.9476308557503113E-01 a       654     0    27     1     4
  4.9143075268531575E+00 a       655     0    27     1     5
 -1.6430608270348563E+00 a       656     0    27     1     6
  1.7862754041454876E-01 a       657     0    27     1     7
  2.1884671464657313E-01 a       658     0    27     1     8
 -5.3753952764492441E+00 a       659     0    27     1     9
  3.6880834736043627E-01 a       660     0    27     1    10
  1.6146557298369666E+00 a       661     0    27     1    11
 -5.1285916212265636E+00 a       662     0    27     1    12
  5.0392167533266896E-01 a       663     0    27     1    13
 -1.0188349197445841E+00 a       664     0    27     1    14
  4.5922200732071117E-01 a       665     0    27     1    15
 -4.2752606267898374E-01 a       666     0    27     1    16
  1.4604545116672967E+00 a       667     0    27     1    17
  1.7794697109640905E+00 a       668     0    27     1    18
  2.4011458450176679E-01 a       669     0    27     1    19
  5.8005748172430573E+00 a       670     0    27     1    20
 -4.3403398360730643E+00 a       671     0    27     1    21
  1.9869567235895402E+00 a       672     0    27     1    22
  3.6524267179910896E-01 a       673     0    27     1    23
  2.7074875477546900E+00 a       674     0    27     1    24
 -1.4522507878495186E+00 a       675     0    27     1    25
 -1.9629953239292570E+00 b       676     1     1
 -1.2034544627476329E+00 b       677     1     2
  8.2818070447363543E-02 b       678     1     3
 -1.2282214263673721E+00 b       679     1     4
  1.8252883679459040E+00 b       680     1     5
  1.5710219720346710E+00 b       681     1     6
  1.7966580981289255E+00 b       682     1     7
 -8.6751371970507718E-01 b       683     1     8
 -1.9659384497894568E+00 b       684     1     9
  4.2361436924465756E-01 b       685     1    10
  2.9102989508940907E-01 b       686     1    11
 -2.7479312389888393E+00 b       687     1    12
  1.8819063129312247E-01 b       688     1    13
  3.1646715630329542E-01 b       689     1    14
 -1.1570465084943184E+00 b       690     1    15
  1.2939515214142696E+00 b       691     1    16
 -1.2163920704744169E+00 b       692     1    17
  1.8294097986424895E+00 b       693     1    18
 -1.3649770862542587E+00 b       694     1    19
 -2.1778111853938227E+00 b       695     1    20
 -7.0264323665871125E+00 b       696     1    21
 -6.6105390136732456E-01 b       697     1    22
  1.8150703288947412E+00 b       698     1    23
 -2.8537519825647646E+00 b       699     1    24
 -3.8924357011191046E-01 b       700     1    25
  5.3475224753090900E-01 a       701     1     1     2     1
 -1.8633110112509954E+01 a       702     1     1     2     2
  4.0093167378699306E+00 a       703     1     1     2     3
 -2.9768216288432967E+00 a       704     1     1     2     4
  1.3056426369697533E+01 a       705     1     1     2     5
 -1.6369078126384651E-01 a       706     1     1     2     6
 -2.3527433718770863E+00 a       707     1     1     2     7
 -7.8495324175992490E-02 a       708     1     1     2     8
  4.4770888460957075E+00 a       709     1     1     2     9
  4.2758644282268294E+00 a       710     1     1     2    10
  1.4460634812089548E+00 a       711     1     1     2    11
 -8.6576012743842732E+00 a       712     1     1     2    12
  1.0786466121245630E-01 a       713     1     1     2    13
 -5.2342391900345993E+00 a       714     1     1     2    14
 -2.0330421912575761E-01 a       715     1     1     2    15
 -3.0264202920444854E+00 a       716     1     1     2    16
  7.8707894620994634E-01 a       717     1     1     2    17
  2.4690262496622286E+00 a       718     1     1     2    18
 -8.7192697270621782E+00 a       719     1     1     2    19
 -1.3696418832626486E-01 a       720     1     1     2    20
  7.7535627679818981E+00 a       721     1     1     2    21
 -6.3895632330181682E+00 a       722     1     1     2    22
  4.1231235385505345E+00 a       723     1     1     2    23
  6.0680025699536899E-01 a       724     1     1     2    24
 -7.1934553006851409E-01 a       725     1     1     2    25
 -1.0476052174286647E+00 a       726     1     2     2     1
 -5.7023797359155914E-01 a       727     1     2     2     2
  1.6653749520726080E-01 a       728     1     2     2     3
 -8.9146165972973235E-01 a       729     1     2     2     4
 -9.6583068528550076E-01 a       730     1     2     2     5
  1.8113386620066094E+00 a       731     1     2     2     6
 -1.5740070434517656E-01 a       732     1     2     2     7
 -1.8461762055361948E+00 a       733     1     2     2     8
 -1.6629464233412954E+00 a       734     1     2     2     9
  6.7985074558772118E-01 a       735     1     2     2    10
 -2.5153031107394264E-01 a       736     1     2     2    11
 -8.5403570312533761E-01 a       737     1     2     2    12
 -4.5134579755637699E-01 a       738     1     2     2    13
 -1.5151099328457389E+00 a       739     1     2     2    14
  9.2446738607251744E-01 a       740     1     2     2    15
  1.1906313502891597E+00 a       741     1     2     2    16
 -4.0748501593954614E-02 a       742     1     2     2    17
 -3.9109713891305437E-01 a       743     1     2     2    18
  2.4606833202073011E+00 a       744     1     2     2    19
 -2.7743511661898901E+00 a       745     1     2     2    20
 -2.5343468930943375E-01 a       746     1     2     2    21
 -1.4229918724903066E+00 a       747     1     2     2    22
 -7.1516253362412145E+00 a       748     1     2     2    23
  1.0265428142805153E+00 a       749     1     2     2    24
 -3.5014986801217236E+00 a       750     1     2     2    25
 -3.4769265853820303E-01 a       751     1     3     2     1
 -1.0789943603561238E+00 a       752     1     3     2     2
  4.7860643144863674E-01 a       753     1     3     2     3
 -5.0120604848319350E-01 a       754     1     3     2     4
  1.7258867230098700E+00 a       755     1     3     2     5
  6.2863837676102874E-02 a       756     1     3     2     6
  1.0707611319734056E+00 a       757     1     3     2     7
 -3.1036351506941934E-01 a       758     1     3     2     8
 -5.0208434155698223E-01 a       759     1     3     2     9
  1.5479428402282305E+00 a       760     1     3     2    10
  2.3290073166734726E-01 a       761     1     3     2    11
 -1.1713934854972925E+00 a       762     1     3     2    12
 -5.0792957584761234E-01 a       763     1     3     2    13
 -3.8245578702776323E-01 a       764     1     3     2    14
 -2.4774242028199609E+00 a       765     1     3     2    15
  5.0823585063951314E-02 a       766     1     3     2    16
 -5.8309836586607933E-01 a       767     1     3     2    17
  8.9985664437644630E-01 a       768     1     3     2    18
 -2.1618309414868095E+00 a       769     1     3     2    19
 -1.1167359999887780E+00 a       770     1     3     2    20
  7.3534617908453503E-02 a       771     1     3     2    21
  5.3694012079183151E-01 a       772     1     3     2    22
  8.2348407791010048E-01 a       773     1     3     2    23
 -1.8867181907258772E+00 a       774     1     3     2    24
 -1.7571536382114814E+00 a       775     1     3     2    25
 -9.7167787925327131E-01 a       776     1     4     2     1
  6.5501452431388896E-01 a       777     1     4     2     2
 -1.4625637446929849E+00 a       778     1     4     2     3
 -1.6067257882188973E-01 a       779     1     4     2     4
 -8.3601720601086127E-01 a       780     1     4     2     5
  6.0523221661557103E-01 a       781     1     4     2     6
 -9.2964935984076391E-01 a       782     1     4     2     7
  1.1454075130591552E+00 a       783     1     4     2     8
  1.9724848023104145E+00 a       784     1     4     2     9
 -1.3560303801498002E+00 a       785     1     4     2    10
  3.0334956030576845E+00 a       786     1     4     2    11
  4.7563883488481291E-02 a       787     1     4     2    12
 -1.9504032824668152E-01 a       788     1     4     2    13
 -2.7416906114448081E-01 a       789     1     4     2    14
 -2.7708912597115991E+00 a       790     1     4     2    15
  7.4969320894047942E-01 a       791     1     4     2    16
  1.6640926896676722E+00 a       792     1     4     2    17
  2.0521340147023897E+00 a       793     1     4     2    18
 -2.2494368769908117E+00 a       794     1     4     2    19
  9.0360744521110625E-01 a       795     1     4     2    20
  1.2743300136420306E+00 a       796     1     4     2    21
 -8.2954866775273963E+00 a       797     1     4     2    22
 -3.3458794731867936E-01 a       798     1     4     2    23
  7.8205258366392671E-01 a       799     1     4     2    24
  4.6838124704616052E-01 a       800     1     4     2    25
 -3.3155847490804552E-01 a       801     1     5     2     1
  2.5882174573440730E+00 a       802     1     5     2     2
  6.8830963848551885E-01 a       803     1     5     2     3
 -1.8068425085265525E+00 a       804     1     5     2     4
  1.8754222199452424E+00 a       805     1     5     2     5
 -2.9731520955078952E+00 a       806     1     5     2     6
  1.4753588745200324E-01 a       807     1     5     2     7
  4.4288840038223469E+00 a       808     1     5     2     8
  2.3445009842502129E+00 a       809     1     5     2     9
 -1.7447285778224431E-01 a       810     1     5     2    10
 -3.6498854018132585E+00 a       811     1     5     2    11
  5.2799661477370172E+00 a       812     1     5     2    12
  1.0569879135797413E+00 a       813     1     5     2    13
 -1.7439750501725635E+00 a       814     1     5     2    14
 -1.2801543233527208E+00 a       815     1     5     2    15
 -2.1543467393754385E+00 a       816     1     5     2    16
 -7.0045567843419132E-01 a       817     1     5     2    17
  5.4629271642009005E+00 a       818     1     5     2    18
 -1.1840643577591037E+00 a       819     1     5     2    19
 -3.5431298678154155E+00 a       820     1     5     2    20
  1.0887245014643370E+00 a       821     1     5     2    21
 -7.4563635125833123E+00 a       822     1     5     2    22
 -3.9633003009154737E+00 a       823     1     5     2    23
  3.6638497797168756E-01 a       824     1     5     2    24
 -3.0653611874354092E+00 a       825     1     5     2    25
  6.7670299327098393E-01 a       826     1     6     2     1
  3.9955296010310088E+00 a       827     1     6     2     2
  2.0897603274804619E+00 a       828     1     6     2     3
  1.3257239376442817E-01 a       829     1     6     2     4
 -4.2660104249805597E+00 a       830     1     6     2     5
  1.1533965961952335E+00 a       831     1     6     2     6
  9.3033509449101892E-01 a       832     1     6     2     7
 -2.4569700748044738E+00 a       833     1     6     2     8
 -2.4033041129387960E+00 a       834     1     6     2     9
 -4.1235262507371562E-01 a       835     1     6     2    10
 -1.2262413666009964E+00 a       836     1     6     2    11
 -2.1002237016760739E+00 a       837     1     6     2    12
  1.3870365831527035E-01 a       838     1     6     2    13
  3.0146592331531439E+00 a       839     1     6     2    14
 -2.1463558367727464E+00 a       840     1     6     2    15
 -4.4842364314608965E+00 a       841     1     6     2    16
  3.2180510938993995E-01 a       842     1     6     2    17
 -1.9954063908953279E+00 a       843     1     6     2    18
  3.3951440326597968E+00 a       844     1     6     2    19
  2.7480504580471772E+00 a       845     1     6     2    20
  7.6976226484881261E-01 a       846     1     6     2    21
  6.0633512951958179E+00 a       847     1     6     2    22
 -1.9821883855731586E+00 a       848     1     6     2    23
 -3.9138072371891730E-01 a       849     1     6     2    24
 -3.6015058056392828E+00 a       850     1     6     2    25
  1.6448677869376742E+00 a       851     1     7     2     1
 -3.6742483188279822E+00 a       852     1     7     2     2
 -9.3976812167367485E-01 a       853     1     7     2     3
  1.3446291042720324E+00 a       854     1     7     2     4
  1.9247728873188386E+00 a       855     1     7     2     5
 -2.3246348292773851E+00 a       856     1     7     2     6
 -1.9258818557819537E+00 a       857     1     7     2     7
 -1.2247876670692863E+00 a       858     1     7     2     8
  3.7775771678623324E+00 a       859     1     7     2     9
 -9.1163193257819752E-01 a       860     1     7     2    10
  2.8398816132653608E+00 a       861     1     7     2    11
  1.7187179743074530E+00 a       862     1     7     2    12
  7.6784751068706603E-01 a       863     1     7     2    13
 -8.6256245445238477E-01 a       864     1     7     2    14
  7.2673208181586968E-01 a       865     1     7     2    15
 -1.7376836668371931E+00 a       866     1     7     2    16
 -1.9674696706129253E+00 a       867     1     7     2    17
  1.8210160363961689E+00 a       868     1     7     2    18
 -5.5106749293866397E-01 a       869     1     7     2    19
 -2.9909576500623258E-01 a       870     1     7     2    20
  3.1462395451299909E+00 a       871     1     7     2    21
  5.8123502921863102E-01 a       872     1     7     2    22
 -7.7473461508508923E-01 a       873     1     7     2    23
 -8.9391373763704329E-01 a       874     1     7     2    24
  3.8961995225416985E+00 a       875     1     7     2    25
 -1.1625415385765943E-01 a       876     1     8     2     1
 -4.7882354807276997E+00 a       877     1     8     2     2
  3.2419918713569057E-01 a       878     1     8     2     3
 -1.5077935271679879E+00 a       879     1     8     2     4
  4.8858046765545895E+00 a       880     1     8     2     5
  1.0155406308768928E+00 a       881     1     8     2     6
 -4.3013412278008728E-01 a       882     1     8     2     7
  4.1872865122840996E-01 a       883     1     8     2     8
 -8.6756094906563852E-01 a       884     1     8     2     9
  1.5489706780353052E+00 a       885     1     8     2    10
  7.7158246137031139E-01 a       886     1     8     2    11
 -1.8236786914389165E+00 a       887     1     8     2    12
 -2.1204498684125425E-01 a       888     1     8     2    13
 -2.0878134936083166E+00 a       889     1     8     2    14
  1.9690443580810468E+00 a       890     1     8     2    15
 -1.0195210451402401E+00 a       891     1     8     2    16
 -4.6972746466873100E-01 a       892     1     8     2    17
  1.4858093947401756E+00 a       893     1     8     2    18
 -1.4447521062818831E+00 a       894     1     8     2    19
 -6.4825056518134017E-01 a       895     1     8     2    20
  1.9707314776387448E+00 a       896     1     8     2    21
  6.0618962674533161E-01 a       897     1     8     2    22
 -1.7198553254509349E-01 a       898     1     8     2    23
  1.2061712526688109E+00 a       899     1     8     2    24
 -2.0829872263039708E+00 a       900     1     8     2    25
 -1.6017226841178924E+00 a       901     1     9     2     1
  1.7636993322832542E+00 a       902     1     9     2     2
 -6.6774537424334535E-01 a       903     1     9     2     3
  4.3436575836586261E-01 a       904     1     9     2     4
 -2.4001403877776895E+00 a       905     1     9     2     5
 -1.7331003609265347E+00 a       906     1     9     2     6
  9.8464335888899412E-01 a       907     1     9     2     7
  1.1203149483467174E+00 a       908     1     9     2     8
 -5.4230235546839878E-01 a       909     1     9     2     9
  7.2358689166444934E-01 a       910     1     9     2    10
 -1.7193471097618485E+00 a       911     1     9     2    11
 -7.0818259877158267E+00 a       912     1     9     2    12
 -8.4080883594767386E-01 a       913     1     9     2    13
  1.3672125860483633E+00 a       914     1     9     2    14
  1.7127567364048160E-01 a       915     1     9     2    15
  3.6633110100885236E+00 a       916     1     9     2    16
 -1.8695261954170113E+00 a       917     1     9     2    17
 -4.9145098461343011E+00 a       918     1     9     2    18
 -6.7197906546155026E-02 a       919     1     9     2    19
 -2.8149365470585103E-01 a       920     1     9     2    20
 -2.7838423598766688E+00 a       921     1     9     2    21
 -2.5992477208312232E+00 a       922     1     9     2    22
 -6.3409536861182145E+00 a       923     1     9     2    23
  6.6054342204735239E-01 a       924     1     9     2    24
  1.3722725354114398E-01 a       925     1     9     2    25
  2.3761422936966262E-01 a       926     1    10     2     1
  4.5789588892909427E-01 a       927     1    10     2     2
 -9.9821807330191181E-01 a       928     1    10     2     3
  1.3767875267010869E+00 a       929     1    10     2     4
 -3.0650809379468855E+00 a       930     1    10     2     5
  1.0254974550978625E-01 a       931     1    10     2     6
 -1.8215055415021628E+00 a       932     1    10     2     7
 -1.4759772042702652E+00 a       933     1    10     2     8
  5.4962037946191464E-02 a       934     1    10     2     9
 -1.7955590996500375E+00 a       935     1    10     2    10
 -7.6446247310194004E-01 a       936     1    10     2    11
 -5.8534724153813433E-01 a       937     1    10     2    12
  4.5808069530408579E-01 a       938     1    10     2    13
 -5.9476538522422950E-01 a       939     1    10     2    14
 -7.2113617550285802E-01 a       940     1    10     2    15
 -6.1206186492304127E-01 a       941     1    10     2    16
 -2.8445587645067622E-03 a       942     1    10     2    17
  2.0777798633341213E-01 a       943     1    10     2    18
  3.4773817392209283E+00 a       944     1    10     2    19
  5.4859579168870451E-02 a       945     1    10     2    20
 -5.3987270878951221E-02 a       946     1    10     2    21
  1.4974013175575025E+00 a       947     1    10     2    22
  6.2531085497286440E-03 a       948     1    10     2    23
  1.8321922776036470E-01 a       949     1    10     2    24
  4.0725498086989004E-01 a       950     1    10     2    25
  3.9008454193889974E-01 a       951     1    11     2     1
 -1.4699708042942738E+00 a       952     1    11     2     2
 -6.8756303011928210E-01 a       953     1    11     2     3
  2.0991461908141282E-01 a       954     1    11     2     4
  1.7572529479410032E-01 a       955     1    11     2     5
 -4.8142025994628052E-01 a       956     1    11     2     6
 -1.9651087208645690E+00 a       957     1    11     2     7
  4.9932026962211917E-01 a       958     1    11     2     8
  1.8301365857427235E-01 a       959     1    11     2     9
 -1.3175519700114833E+00 a       960     1    11     2    10
  1.2435413181182053E+00 a       961     1    11     2    11
  6.0562597838081378E-01 a       962     1    11     2    12
  1.2860769293869569E+00 a       963     1    11     2    13
 -1.1330012479277602E+00 a       964     1    11     2    14
  4.0630007125493262E-01 a       965     1    11     2    15
  6.0797133127578518E-01 a       966     1    11     2    16
 -8.1483857040337626E-01 a       967     1    11     2    17
  2.5746170243611068E+00 a       968     1    11     2    18
 -5.3365093026360655E-01 a       969     1    11     2    19
 -1.1485795013504700E+00 a       970     1    11     2    20
 -1.0172308486705413E+00 a       971     1    11     2    21
 -5.6274947685720234E-01 a       972     1    11     2    22
  8.0580339346190866E-01 a       973     1    11     2    23
  1.3157523489407761E+00 a       974     1    11     2    24
  1.0778006309135932E+00 a       975     1    11     2    25
  2.8126176810719498E-02 a       976     1    12     2     1
 -1.4375015645317701E+00 a       977     1    12     2     2
 -5.4230466506297303E-01 a       978     1    12     2     3
  1.7060703723499324E-01 a       979     1    12     2     4
  4.7415636052753057E-01 a       980     1    12     2     5
  1.0332084109462367E+00 a       981     1    12     2     6
  5.4594890918411898E-01 a       982     1    12     2     7
 -5.0985066847422289E-01 a       983     1    12     2     8
  3.2959815173269252E-01 a       984     1    12     2     9
 -2.4380636292012112E+00 a       985     1    12     2    10
 -6.5071850146363586E-01 a       986     1    12     2    11
 -2.1470848109436997E+00 a       987     1    12     2    12
 -8.6138921358554899E-01 a       988     1    12     2    13
 -1.7808722442900039E-02 a       989     1    12     2    14
  5.2417207256351439E-01 a       990     1    12     2    15
 -6.6676116250879047E-01 a       991     1    12     2    16
 -1.5956761279898375E+00 a       992     1    12     2    17
 -3.7123548992124165E+00 a       993     1    12     2    18
  2.6886140715667500E-02 a       994     1    12     2    19
 -9.4426296668087932E+00 a       995     1    12     2    20
 -1.3495292164787902E+01 a       996     1    12     2    21
 -8.0709827708155102E-02 a       997     1    12     2    22
  2.8628435866177613E+00 a       998     1    12     2    23
  3.0066254170007461E-01 a       999     1    12     2    24
 -8.7632892322680223E-01 a      1000     1    12     2    25
  8.1980122595152458E-02 a      1001     1    13     2     1
 -2.8989816504439916E+00 a      1002     1    13     2     2
  8.6040166481091906E-01 a      1003     1    13     2     3
 -2.6884591756913040E-01 a      1004     1    13     2     4
  7.6703381207393584E-01 a      1005     1    13     2     5
 -3.6000976638688392E-01 a      1006     1    13     2     6
  2.2640103100160918E+00 a      1007     1    13     2     7
 -1.0601656523468326E+00 a      1008     1    13     2     8
  5.4918014493960754E-01 a      1009     1    13     2     9
  7.5064440045918346E-01 a      1010     1    13     2    10
 -4.7775195858157848E-01 a      1011     1    13     2    11
 -1.3173658272262192E+00 a      1012     1    13     2    12
 -7.5929436940277573E-01 a      1013     1    13     2    13
 -3.9499989348811021E-01 a      1014     1    13     2    14
 -4.9503951072521779E-01 a      1015     1    13     2    15
 -1.1529733667990023E+00 a      1016     1    13     2    16
  1.7407282607473944E+00 a      1017     1    13     2    17
  1.6152183210702247E+00 a      1018     1    13     2    18
 -1.5388741861423694E+00 a      1019     1    13     2    19
 -1.2341980055230106E+00 a      1020     1    13     2    20
 -1.7073415323668593E+00 a      1021     1    13     2    21
  4.5173403768208126E-01 a      1022     1    13     2    22
  1.5004953766111990E+00 a      1023     1    13     2    23
 -6.3987986447988721E-01 a      1024     1    13     2    24
  1.9255886785608235E-02 a      1025     1    13     2    25
 -3.7134505215257357E-01 a      1026     1    14     2     1
 -2.1257330801532897E+00 a      1027     1    14     2     2
  3.4856412841612522E-01 a      1028     1    14     2     3
 -3.7890528929283424E-01 a      1029     1    14     2     4
  2.6945068074966101E+00 a      1030     1    14     2     5
  1.0208954976313064E-01 a      1031     1    14     2     6
 -1.1252426087891605E-01 a      1032     1    14     2     7
  1.5177180294365440E+00 a      1033     1    14     2     8
  1.5530554023469481E-01 a      1034     1    14     2     9
  3.2754312448101863E-01 a      1035     1    14     2    10
  2.2755560112746945E-01 a      1036     1    14     2    11
 -3.4495063292899358E-01 a      1037     1    14     2    12
 -2.0250296602339478E-02 a      1038     1    14     2    13
 -1.8330012329193923E+00 a      1039     1    14     2    14
 -5.8377741763091606E-01 a      1040     1    14     2    15
  8.0430973585107113E-01 a      1041     1    14     2    16
 -5.3332483734390070E-02 a      1042     1    14     2    17
 -7.2349489570609726E-01 a      1043     1    14     2    18
 -1.3799689349400248E+00 a      1044     1    14     2    19
  1.6060024767344245E+00 a      1045     1    14     2    20
  1.1418010517489483E+00 a      1046     1    14     2    21
 -1.6783322265656984E+00 a      1047     1    14     2    22
 -1.2671823163012078E-01 a      1048     1    14     2    23
 -2.5720871124520045E-01 a      1049     1    14     2    24
  4.3682827418267411E-01 a      1050     1    14     2    25
 -5.8017363521231768E-01 a      1051     1    15     2     1
 -2.9391840628119175E+00 a      1052     1    15     2     2
  2.6688830606857494E-01 a      1053     1    15     2     3
  1.8568236088285071E+00 a      1054     1    15     2     4
  2.4419907396392726E+00 a      1055     1    15     2     5
 -6.6712853739543343E-01 a      1056     1    15     2     6
 -1.4089483775631568E+00 a      1057     1    15     2     7
 -1.6719901491812234E-01 a      1058     1    15     2     8
  1.0718199081815212E+00 a      1059     1    15     2     9
  9.0046357753755080E-01 a      1060     1    15     2    10
 -3.6175656112902743E+00 a      1061     1    15     2    11
 -8.1372550793997822E-01 a      1062     1    15     2    12
 -3.7968996379366476E-01 a      1063     1    15     2    13
  3.0046761118277487E-01 a      1064     1    15     2    14
  8.2458277647380085E-01 a      1065     1    15     2    15
 -1.1426150545168443E+00 a      1066     1    15     2    16
 -5.1636780215247247E-01 a      1067     1    15     2    17
  1.3561171938492893E+00 a      1068     1    15     2    18
  3.1334933472938706E+00 a      1069     1    15     2    19
 -1.1057549759593179E+00 a      1070     1    15     2    20
 -1.4457828952235270E+00 a      1071     1    15     2    21
 -9.8270743623149734E-02 a      1072     1    15     2    22
  1.2357796887110639E+00 a      1073     1    15     2    23
  2.0036991906641922E-02 a      1074     1    15     2    24
  4.0544210127297253E-01 a      1075     1    15     2    25
 -1.2066109080722955E+00 a      1076     1    16     2     1
 -4.6830210076540872E+00 a      1077     1    16     2     2
 -3.2409679214397996E-01 a      1078     1    16     2     3
  1.0167844201203944E+00 a      1079     1    16     2     4
  4.0175798009845876E+00 a      1080     1    16     2     5
 -1.1051920032119293E+00 a      1081     1    16     2     6
  8.5869657899711127E-01 a      1082     1    16     2     7
  7.0702182894103391E-02 a      1083     1    16     2     8
  3.1335611118462547E+00 a      1084     1    16     2     9
  1.3365576132669992E+00 a      1085     1    16     2    10
  2.6795692807957683E+00 a      1086     1    16     2    11
 -1.9674604483647518E+00 a      1087     1    16     2    12
  2.9471484634675349E-01 a      1088     1    16     2    13
 -3.0310805399276712E+00 a      1089     1    16     2    14
  1.2387989117083231E+00 a      1090     1    16     2    15
  3.6241414412605146E+00 a      1091     1    16     2    16
 -8.7453211921200347E-01 a      1092     1    16     2    17
 -1.4317272802677834E+00 a      1093     1    16     2    18
 -4.9817782436329017E+00 a      1094     1    16     2    19
 -1.7911594020457151E+00 a      1095     1    16     2    20
 -3.7998145184818316E-01 a      1096     1    16     2    21
 -5.6528123203175351E+00 a      1097     1    16     2    22
  3.4789315604205164E+00 a      1098     1    16     2    23
 -3.5112231597003501E-01 a      1099     1    16     2    24
  1.2199865598557347E+00 a      1100     1    16     2    25
 -1.5665378886952577E-01 a      1101     1    17     2     1
  1.1368498017835222E+00 a      1102     1    17     2     2
  1.4022205840073794E+00 a      1103     1    17     2     3
  1.2151181315307838E-02 a      1104     1    17     2     4
  2.3633056918687974E+00 a      1105     1    17     2     5
 -3.5673009077206469E-01 a      1106     1    17     2     6
  1.2779597552227748E+00 a      1107     1    17     2     7
 -7.9625175172426799E-01 a      1108     1    17     2     8
 -1.2707009231303492E+00 a      1109     1    17     2     9
  3.1573360936592704E-01 a      1110     1    17     2    10
 -1.7526824741128235E+00 a      1111     1    17     2    11
  4.8640508026425228E-01 a      1112     1    17     2    12
 -1.3298002834876639E+00 a      1113     1    17     2    13
  1.5085037476108669E+00 a      1114     1    17     2    14
 -2.6170579198345494E+00 a      1115     1    17     2    15
 -5.8051577986677017E-01 a      1116     1    17     2    16
 -1.7935268933195311E-01 a      1117     1    17     2    17
 -6.5569314676921464E-01 a      1118     1    17     2    18
  1.0937221497652814E+00 a      1119     1    17     2    19
  5.9570634283385382E-01 a      1120     1    17     2    20
  1.2871606669167662E-01 a      1121     1    17     2    21
  1.6269818741270741E+00 a      1122     1    17     2    22
 -1.4071173221809903E+00 a      1123     1    17     2    23
 -6.6535828495439775E-01 a      1124     1    17     2    24
 -6.3780709588265094E-01 a      1125     1    17     2    25
 -4.0832996477433003E-01 a      1126     1    18     2     1
 -6.9471030875364781E-01 a      1127     1    18     2     2
 -2.0390475893615340E-02 a      1128     1    18     2     3
 -5.1180032120473418E-01 a      1129     1    18     2     4
  2.1351706681820981E+00 a      1130     1    18     2     5
  1.5504932421502640E-01 a      1131     1    18     2     6
  6.7817611962963986E-01 a      1132     1    18     2     7
  3.1813569260624519E-01 a      1133     1    18     2     8
 -8.1561771430627961E-01 a      1134     1    18     2     9
  6.4787671223817045E-01 a      1135     1    18     2    10
 -2.9758739605630630E-01 a      1136     1    18     2    11
 -3.4235558058895816E+00 a      1137     1    18     2    12
 -1.1923815629964703E-01 a      1138     1    18     2    13
 -3.1204155474923234E+00 a      1139     1    18     2    14
  2.5068129808204986E+00 a      1140     1    18     2    15
 -2.8192575836728984E+00 a      1141     1    18     2    16
  2.7803171214046690E-01 a      1142     1    18     2    17
  2.0199162546996452E+00 a      1143     1    18     2    18
 -1.7250750606153678E+00 a      1144     1    18     2    19
  4.6169189004679212E-01 a      1145     1    18     2    20
 -1.9920147778474899E+00 a      1146     1    18     2    21
 -2.0948517185490671E-02 a      1147     1    18     2    22
 -1.7071410536380085E+00 a      1148     1    18     2    23
 -3.1874084746497050E-01 a      1149     1    18     2    24
 -1.1519919968895787E+00 a      1150     1    18     2    25
 -1.6746757661904266E-01 a      1151     1    19     2     1
  3.3904564584945707E+00 a      1152     1    19     2     2
  1.1450317948822068E-01 a      1153     1    19     2     3
  1.6404126390704392E+00 a      1154     1    19     2     4
 -7.3193064422222143E-01 a      1155     1    19     2     5
 -2.5810786678209561E+00 a      1156     1    19     2     6
 -8.5705963017946862E-01 a      1157     1    19     2     7
 -4.8078850435766346E-02 a      1158     1    19     2     8
 -4.8302152039221435E-01 a      1159     1    19     2     9
 -2.3334441534292218E+00 a      1160     1    19     2    10
  9.9070736726350994E-01 a      1161     1    19     2    11
  1.1111739220138435E+00 a      1162     1    19     2    12
  8.9419973584487514E-02 a      1163     1    19     2    13
  3.8827053619584849E-02 a      1164     1    19     2    14
 -3.3248830198768302E+00 a      1165     1    19     2    15
 -4.6184298798539931E+00 a      1166     1    19     2    16
 -4.1510731241604040E+00 a      1167     1    19     2    17
  1.3748291453336046E+00 a      1168     1    19     2    18
 -2.3422000007724688E+00 a      1169     1    19     2    19
  2.5386032089526851E+00 a      1170     1    19     2    20
  1.2836589553147222E+00 a      1171     1    19     2    21
  3.1434619676332298E+00 a      1172     1    19     2    22
  1.3789481029447088E+00 a      1173     1    19     2    23
  4.2162180406723671E-01 a      1174     1    19     2    24
 -5.5087461914486147E-01 a      1175     1    19     2    25
  4.3703692136033523E-01 a      1176     1    20     2     1
  4.5963779943739147E-01 a      1177     1    20     2     2
  6.8057854861695100E-01 a      1178     1    20     2     3
 -4.8680261042432127E-01 a      1179     1    20     2     4
 -8.3465936260554685E-01 a      1180     1    20     2     5
  4.6344990822241011E-01 a      1181     1    20     2     6
 -4.7575715827956772E-01 a      1182     1    20     2     7
 -1.2070232653826531E+00 a      1183     1    20     2     8
  1.2989029053786560E-01 a      1184     1    20     2     9
  4.2841896302715010E-01 a      1185     1    20     2    10
 -8.8848467947589915E-01 a      1186     1    20     2    11
  5.8209323874885177E+00 a      1187     1    20     2    12
 -4.7151758446970027E-01 a      1188     1    20     2    13
 -2.2433043186796877E+00 a      1189     1    20     2    14
 -1.1059295299003142E+00 a      1190     1    20     2    15
 -1.6902365295229753E+00 a      1191     1    20     2    16
  4.4004130085095836E+00 a      1192     1    20     2    17
  3.8553907862306174E+00 a      1193     1    20     2    18
  2.9735335717166702E+00 a      1194     1    20     2    19
 -3.7494182429723693E+00 a      1195     1    20     2    20
 -1.0253635065939294E+01 a      1196     1    20     2    21
 -7.3638756245113179E-01 a      1197     1    20     2    22
  1.4865111947848255E+00 a      1198     1    20     2    23
  4.7174123435731313E-01 a      1199     1    20     2    24
 -3.5922484836897234E-01 a      1200     1    20     2    25
  2.2017160020541549E+00 a      1201     1    21     2     1
  4.6187878288620898E-01 a      1202     1    21     2     2
 -4.1182383194139174E+00 a      1203     1    21     2     3
 -5.1057912999159583E-01 a      1204     1    21     2     4
  2.6670130204833957E+00 a      1205     1    21     2     5
 -2.7325886569840336E+00 a      1206     1    21     2     6
 -1.5424240409221370E+00 a      1207     1    21     2     7
  7.4599340010686369E-02 a      1208     1    21     2     8
  5.0393724505816255E+00 a      1209     1    21     2     9
 -4.5997274205668752E+00 a      1210     1    21     2    10
  1.2889907757259945E+01 a      1211     1    21     2    11
  9.9045102527365145E+00 a      1212     1    21     2    12
 -2.8405503571077911E-01 a      1213     1    21     2    13
  8.3366361969631146E+00 a      1214     1    21     2    14
  5.7388487461861448E-01 a      1215     1    21     2    15
 -2.2623901696130662E+00 a      1216     1    21     2    16
 -1.8718699501072533E-01 a      1217     1    21     2    17
 -8.9796101566359212E+00 a      1218     1    21     2    18
  1.6498581732503010E+00 a      1219     1    21     2    19
  2.1523838268244819E-01 a      1220     1    21     2    20
 -5.2515936382062405E+00 a      1221     1    21     2    21
 -1.2106443185084677E-01 a      1222     1    21     2    22
 -1.8543175539046091E+00 a      1223     1    21     2    23
  8.0257678178403302E-01 a      1224     1    21     2    24
 -1.0549897597707856E+01 a      1225     1    21     2    25
  7.7943499427565488E-01 a      1226     1    22     2     1
 -1.2684121472827663E+00 a      1227     1    22     2     2
 -7.4421733846186822E-01 a      1228     1    22     2     3
 -3.0536672300838219E-01 a      1229     1    22     2     4
 -6.8014741815670754E-01 a      1230     1    22     2     5
 -1.0780061952807405E+00 a      1231     1    22     2     6
 -8.7015139485801740E-01 a      1232     1    22     2     7
 -1.1197749665706864E+00 a      1233     1    22     2     8
  1.4410702604547487E+00 a      1234     1    22     2     9
 -1.9730831521475543E+00 a      1235     1    22     2    10
  1.0375980494903232E+00 a      1236     1    22     2    11
  2.7284089036315129E-01 a      1237     1    22     2    12
 -3.5322314856697845E-01 a      1238     1    22     2    13
  6.7710440061190158E-01 a      1239     1    22     2    14
  8.6324648067724519E-01 a      1240     1    22     2    15
 -9.8732307716272283E-01 a      1241     1    22     2    16
  4.2115594741697382E-01 a      1242     1    22     2    17
  1.6719263891481824E+00 a      1243     1    22     2    18
 -5.0425138372078857E+00 a      1244     1    22     2    19
 -3.8972321900147511E-01 a      1245     1    22     2    20
  1.8233177501907214E+00 a      1246     1    22     2    21
  1.4631357171046668E+00 a      1247     1    22     2    22
  1.3515655849979830E-01 a      1248     1    22     2    23
  7.9563268483327387E-01 a      1249     1    22     2    24
 -1.2541238913026512E-01 a      1250     1    22     2    25
 -2.3561750983381806E+00 a      1251     1    23     2     1
 -3.6279657843793389E+00 a      1252     1    23     2     2
  1.9541926693048731E-01 a      1253     1    23     2     3
  1.5264465740546231E+00 a      1254     1    23     2     4
 -5.4828523448304656E-01 a      1255     1    23     2     5
  3.2987148909365995E+00 a      1256     1    23     2     6
  1.4617808838162303E+00 a      1257     1    23     2     7
 -3.3368545545526394E-02 a      1258     1    23     2     8
 -5.4096881687148379E-01 a      1259     1    23     2     9
  5.5825303544322420E+00 a      1260     1    23     2    10
 -5.5690248175703305E-01 a      1261     1    23     2    11
  3.3333414298544173E-01 a      1262     1    23     2    12
  1.8089602401983582E-01 a      1263     1    23     2    13
  2.7056707901565074E+00 a      1264     1    23     2    14
  3.5154067798270705E+00 a      1265     1    23     2    15
  3.2908729180298133E+00 a      1266     1    23     2    16
 -3.1131681935484812E+00 a      1267     1    23     2    17
 -5.6055237798079833E+00 a      1268     1    23     2    18
  2.6772843056346103E+00 a      1269     1    23     2    19
 -4.6407544352236565E+00 a      1270     1    23     2    20
 -3.3683871891694430E+00 a      1271     1    23     2    21
 -2.5666233572279782E+00 a      1272     1    23     2    22
  2.8265513765553458E+00 a      1273     1    23     2    23
 -1.4383054469361940E+00 a      1274     1    23     2    24
 -3.6371582567242289E-01 a      1275     1    23     2    25
  9.4009971577894613E-01 a      1276     1    24     2     1
  4.0201203189575159E+00 a      1277     1    24     2     2
  1.1535528666121972E+00 a      1278     1    24     2     3
 -1.3523852282483217E+00 a      1279     1    24     2     4
 -2.6972264917347477E-01 a      1280     1    24     2     5
 -4.0617112205149392E-01 a      1281     1    24     2     6
 -1.0356816274840572E+00 a      1282     1    24     2     7
  3.0892763289404450E+00 a      1283     1    24     2     8
  9.3434835626129298E-01 a      1284     1    24     2     9
  6.3860198686508785E+00 a      1285     1    24     2    10
  8.3989999087750311E-01 a      1286     1    24     2    11
  4.3657977454300916E+00 a      1287     1    24     2    12
 -1.1938502859485173E-01 a      1288     1    24     2    13
 -8.7739682667542496E-01 a      1289     1    24     2    14
  3.4580797589555373E-01 a      1290     1    24     2    15
 -1.4695672096371941E+00 a      1291     1    24     2    16
  4.3465304941978120E+00 a      1292     1    24     2    17
  1.0905618166996565E+01 a      1293     1    24     2    18
  9.8880805414730322E+00 a      1294     1    24     2    19
  1.2872774965819591E+01 a      1295     1    24     2    20
  1.3023733811954097E+01 a      1296     1    24     2    21
 -6.5930235839178106E+00 a      1297     1    24     2    22
  7.1497345742925758E+00 a      1298     1    24     2    23
 -4.3812657557037483E-02 a      1299     1    24     2    24
  2.9615466828228348E-01 a      1300     1    24     2    25
  5.7246024809290230E-01 a      1301     1    25     2     1
 -1.1190009590778747E+00 a      1302     1    25     2     2
  2.7249714188364293E-01 a      1303     1    25     2     3
  1.2372450840052023E+00 a      1304     1    25     2     4
 -2.5660026827824303E+00 a      1305     1    25     2     5
  4.3221694007001971E-01 a      1306     1    25     2     6
  8.9937189007211635E-02 a      1307     1    25     2     7
 -4.2274858884426625E-01 a      1308     1    25     2     8
  1.6662433914474864E-01 a      1309     1    25     2     9
  4.7702737418906321E-01 a      1310     1    25     2    10
  1.3844193855149522E+00 a      1311     1    25     2    11
  2.2389595137794798E+00 a      1312     1    25     2    12
  2.0794121890052344E-01 a      1313     1    25     2    13
  1.0966900004978928E+00 a      1314     1    25     2    14
  4.7459317748825752E-01 a      1315     1    25     2    15
  2.9998398707182843E+00 a      1316     1    25     2    16
 -3.8296930757395198E-01 a      1317     1    25     2    17
 -1.7585970965611160E+00 a      1318     1    25     2    18
 -1.6712201511813429E+00 a      1319     1    25     2    19
 -8.8524239712655384E-01 a      1320     1    25     2    20
 -9.2005900120664852E-01 a      1321     1    25     2    21
  9.4285853374256057E-01 a      1322     1    25     2    22
  1.1601619566821757E+00 a      1323     1    25     2    23
  8.8383761742279909E-01 a      1324     1    25     2    24
  1.6680617726696623E+00 a      1325     1    25     2    25
  2.5324158464298234E+00 b      1326     2     1
 -1.0113901215202123E+01 b      1327     2     2
 -8.5751442967356395E-01 b      1328     2     3
 -5.2178688111654266E+00 b      1329     2     4
  9.7998566408219556E+00 b      1330     2     5
 -3.2008446352500788E+00 b      1331     2     6
  4.4065956795932193E+00 b      1332     2     7
  4.8397974241987402E-01 b      1333     2     8
  4.1588922907198782E+00 b      1334     2     9
 -3.9564557802751610E+00 b      1335     2    10
  1.1303907110334359E+01 b      1336     2    11
  5.0628165446264157E+00 b      1337     2    12
  2.1811733751626061E+00 b      1338     2    13
  3.3649655543724961E+00 b      1339     2    14
 -5.4189498052633969E+00 b      1340     2    15
 -4.0416845757570110E+00 b      1341     2    16
  5.7499664799872647E+00 b      1342     2    17
  4.3133628065533776E+00 b      1343     2    18
  2.1289610369146299E+00 b      1344     2    19
  7.3026126371635778E+00 b      1345     2    20
 -1.5396797684482084E+00 b      1346     2    21
 -1.2543668963551680E+01 b      1347     2    22
  9.1796899546826338E-01 b      1348     2    23
 -3.8743008429583897E-01 b      1349     2    24
 -1.5881254421755330E+01 b      1350     2    25
 -2.9725225514836842E+00 a      1351     2     1     3     1
  9.5690140035022064E-01 a      1352     2     2     3     1
  1.8161902793530558E+00 a      1353     2     3     3     1
 -2.1357866017878862E+00 a      1354     2     4     3     1
  6.3298823321204012E-01 a      1355     2     5     3     1
  1.7127895621552143E+00 a      1356     2     6     3     1
  5.5698977917106509E+00 a      1357     2     7     3     1
 -1.5135105369576780E+00 a      1358     2     8     3     1
 -1.7711153841725646E+00 a      1359     2     9     3     1
  1.0334316648933890E+00 a      1360     2    10     3     1
 -8.1891505432616218E-01 a      1361     2    11     3     1
 -1.3655194554169816E+00 a      1362     2    12     3     1
  8.5488989193856284E+00 a      1363     2    13     3     1
  1.5878944657606446E+00 a      1364     2    14     3     1
 -5.9958403605043997E-01 a      1365     2    15     3     1
  7.8946199609421575E-01 a      1366     2    16     3     1
  4.0718826162057304E+00 a      1367     2    17     3     1
 -6.0095276771361528E-01 a      1368     2    18     3     1
 -2.9563000928245081E-01 a      1369     2    19     3     1
 -6.7893246021586007E-01 a      1370     2    20     3     1
 -7.4489143355370082E+00 a      1371     2    21     3     1
 -1.1117555644151857E+00 a      1372     2    22     3     1
  3.1111505030602351E+00 a      1373     2    23     3     1
 -5.0717334618096999E+00 a      1374     2    24     3     1
 -1.1170470040781983E+00 a      1375     2    25     3     1
  3.9611824243197500E+00 b      1376     3     1
