################################################################################
# Neural network connection values (weights and biases).
################################################################################
# Col  Name       Description
################################################################################
# 1    connection Neural network connection value.
# 2    t          Connection type (a = weight, b = bias).
# 3    index      Index enumerating weights.
# 4    l_s        Starting point layer (end point layer for biases).
# 5    n_s        Starting point neuron in starting layer (end point neuron for biases).
# 6    l_e        End point layer.
# 7    n_e        End point neuron in end layer.
################################################################################
#                      1 2         3     4     5     6     7
#             connection t     index   l_s   n_s   l_e   n_e
############################################################
 -3.1542988119428609E-03 a         1     0     1     1     1
 -1.9223717638064358E-01 a         2     0     1     1     2
  3.3128057699726665E-01 a         3     0     1     1     3
  1.3621013030953258E-01 a         4     0     1     1     4
  6.8201704517296749E-02 a         5     0     1     1     5
  1.6909121469655253E-01 a         6     0     1     1     6
 -1.3880447327804252E-01 a         7     0     1     1     7
  3.6379667552184358E-01 a         8     0     1     1     8
  1.2159420716477130E-01 a         9     0     1     1     9
  1.4823922156377620E-01 a        10     0     1     1    10
 -1.1340764803360827E-01 a        11     0     1     1    11
 -6.9999071093642937E-02 a        12     0     1     1    12
 -1.5079891826931974E-01 a        13     0     1     1    13
  1.4258069400779530E-01 a        14     0     1     1    14
  2.4898321544918420E-01 a        15     0     1     1    15
 -2.1832505820920967E-01 a        16     0     2     1     1
  2.7996380135091120E-01 a        17     0     2     1     2
  1.5566313851690758E-01 a        18     0     2     1     3
 -1.4808693364735923E-01 a        19     0     2     1     4
  3.7936520227327902E-01 a        20     0     2     1     5
  2.5231222578119727E-01 a        21     0     2     1     6
  8.2127232888733095E-02 a        22     0     2     1     7
 -2.8243306860814660E-01 a        23     0     2     1     8
  2.3498122109822667E-01 a        24     0     2     1     9
  1.4521626329552681E-01 a        25     0     2     1    10
 -3.1958156956597739E-01 a        26     0     2     1    11
 -1.1179397353672232E-01 a        27     0     2     1    12
 -3.0772214878303179E-02 a        28     0     2     1    13
 -1.2849303808872645E-01 a        29     0     2     1    14
  3.4975955560531480E-01 a        30     0     2     1    15
 -3.9215152687542394E-02 a        31     0     3     1     1
 -2.2921832243146406E-01 a        32     0     3     1     2
 -2.3359520955547813E-01 a        33     0     3     1     3
  7.5293506008697511E-02 a        34     0     3     1     4
 -2.2302605390911381E-01 a        35     0     3     1     5
  5.2730842567986033E-02 a        36     0     3     1     6
 -9.9993516471282906E-02 a        37     0     3     1     7
 -2.6693604855310354E-01 a        38     0     3     1     8
  3.9251944357079444E-01 a        39     0     3     1     9
 -1.1561648375533065E-01 a        40     0     3     1    10
  8.5218558539901179E-02 a        41     0     3     1    11
  1.1015644070801935E-01 a        42     0     3     1    12
  3.7599299649773280E-02 a        43     0     3     1    13
  1.8153212929101731E-01 a        44     0     3     1    14
 -1.2115864835904280E-01 a        45     0     3     1    15
 -2.4908808827226153E-01 a        46     0     4     1     1
 -2.0878374145442533E-01 a        47     0     4     1     2
 -4.8025876505719586E-02 a        48     0     4     1     3
  1.7393530541374780E-01 a        49     0     4     1     4
 -1.4618379453662991E-01 a        50     0     4     1     5
  8.2166354590097565E-02 a        51     0     4     1     6
 -3.0305759957507095E-01 a        52     0     4     1     7
 -1.7375480604958374E-02 a        53     0     4     1     8
  1.4172600656135126E-01 a        54     0     4     1     9
 -2.8938759504399808E-01 a        55     0     4     1    10
 -1.7973317872559591E-01 a        56     0     4     1    11
  1.1743427379917561E-01 a        57     0     4     1    12
 -4.5843275000989808E-02 a        58     0     4     1    13
  2.9132590092662333E-03 a        59     0     4     1    14
  3.4646009177218517E-01 a        60     0     4     1    15
 -1.6697552685008116E-01 a        61     0     5     1     1
 -2.5226025048125394E-01 a        62     0     5     1     2
  1.4833336805791922E-01 a        63     0     5     1     3
  9.7647211901164321E-02 a        64     0     5     1     4
 -8.9637179972207187E-02 a        65     0     5     1     5
 -7.6389517643711699E-02 a        66     0     5     1     6
  2.4837214008418745E-02 a        67     0     5     1     7
 -8.7854804890803898E-02 a        68     0     5     1     8
 -1.8204264067067957E-01 a        69     0     5     1     9
  3.8574594824054748E-01 a        70     0     5     1    10
 -7.9551481873798388E-02 a        71     0     5     1    11
 -7.6567658498809862E-03 a        72     0     5     1    12
  2.2394861103942493E-01 a        73     0     5     1    13
  1.3009247876212712E-01 a        74     0     5     1    14
  2.7701453203870741E-01 a        75     0     5     1    15
  2.1990747101906830E-01 a        76     0     6     1     1
 -3.4753450486104792E-01 a        77     0     6     1     2
 -2.9092712778320046E-01 a        78     0     6     1     3
 -1.7125795951094405E-01 a        79     0     6     1     4
  3.4282350981992255E-01 a        80     0     6     1     5
  1.7209717740256594E-01 a        81     0     6     1     6
  1.2377090424120610E-01 a        82     0     6     1     7
  2.1884404100708543E-01 a        83     0     6     1     8
  9.0315148680549018E-02 a        84     0     6     1     9
  9.4269290618874318E-02 a        85     0     6     1    10
 -8.6178227271499833E-02 a        86     0     6     1    11
 -2.0895572460559533E-01 a        87     0     6     1    12
 -2.9150487936259678E-01 a        88     0     6     1    13
 -3.6761569479658895E-01 a        89     0     6     1    14
  2.7941761897935502E-01 a        90     0     6     1    15
 -5.6153573296643519E-03 a        91     0     7     1     1
  3.7797712546023328E-02 a        92     0     7     1     2
 -1.5366987921804517E-01 a        93     0     7     1     3
 -1.3148047836179730E-01 a        94     0     7     1     4
 -4.5343211218933248E-02 a        95     0     7     1     5
  6.4919747421426810E-02 a        96     0     7     1     6
  4.9295249585619517E-02 a        97     0     7     1     7
 -1.3973844793065904E-01 a        98     0     7     1     8
  1.6932050801625895E-01 a        99     0     7     1     9
  3.4108038859754686E-01 a       100     0     7     1    10
  1.0405712166764121E-01 a       101     0     7     1    11
 -3.0345596331197677E-01 a       102     0     7     1    12
  5.5232600795220056E-02 a       103     0     7     1    13
  1.0602205527456365E-02 a       104     0     7     1    14
  1.7403914560358313E-01 a       105     0     7     1    15
 -2.4258056229080446E-01 a       106     0     8     1     1
 -2.7729012358558586E-01 a       107     0     8     1     2
 -2.9182871155898121E-01 a       108     0     8     1     3
  2.7604320052538595E-01 a       109     0     8     1     4
  2.6275499555517534E-01 a       110     0     8     1     5
  7.6127733444589493E-02 a       111     0     8     1     6
  2.2872006432035855E-01 a       112     0     8     1     7
  1.5225952885115988E-02 a       113     0     8     1     8
  1.4703343074328709E-01 a       114     0     8     1     9
 -2.0508301153782760E-01 a       115     0     8     1    10
  3.1226796805574630E-01 a       116     0     8     1    11
  2.4750352405799939E-02 a       117     0     8     1    12
  9.4752516064572356E-04 a       118     0     8     1    13
  6.3094950187207371E-02 a       119     0     8     1    14
 -2.0953660711298475E-01 a       120     0     8     1    15
  2.4459848667750231E-01 a       121     0     9     1     1
  1.2191408798574889E-01 a       122     0     9     1     2
 -2.7057956246092718E-01 a       123     0     9     1     3
 -3.5205497309673955E-01 a       124     0     9     1     4
 -2.8977958540000393E-01 a       125     0     9     1     5
 -1.0355797486322427E-01 a       126     0     9     1     6
  9.9092698933647028E-02 a       127     0     9     1     7
  2.0940985929062583E-01 a       128     0     9     1     8
 -2.9002764401421333E-01 a       129     0     9     1     9
  5.6509155712323858E-02 a       130     0     9     1    10
  2.4155426743145780E-01 a       131     0     9     1    11
 -3.2585323105975778E-01 a       132     0     9     1    12
  2.3705996619006092E-01 a       133     0     9     1    13
  2.6276609454254884E-01 a       134     0     9     1    14
  2.1775880055328595E-01 a       135     0     9     1    15
  2.1868786046876441E-02 a       136     0    10     1     1
  1.5620447301661008E-01 a       137     0    10     1     2
 -1.4869471164882334E-01 a       138     0    10     1     3
 -1.4175684186458568E-01 a       139     0    10     1     4
 -3.4175718461097182E-01 a       140     0    10     1     5
  3.7034662777680100E-01 a       141     0    10     1     6
 -6.5800972864969387E-02 a       142     0    10     1     7
 -1.6430031475603418E-01 a       143     0    10     1     8
  6.1922981821153737E-02 a       144     0    10     1     9
  2.2182992080043856E-01 a       145     0    10     1    10
 -7.8661350686192871E-02 a       146     0    10     1    11
 -2.1572271763161341E-01 a       147     0    10     1    12
  2.6458720161175781E-01 a       148     0    10     1    13
  1.2268893000455021E-01 a       149     0    10     1    14
 -3.6938015787217049E-01 a       150     0    10     1    15
  2.4963689700316613E-01 a       151     0    11     1     1
 -2.9716232521883984E-01 a       152     0    11     1     2
 -1.8481622310868015E-01 a       153     0    11     1     3
  3.4726751949052248E-01 a       154     0    11     1     4
  3.7517585117209656E-01 a       155     0    11     1     5
 -3.1790514112184626E-01 a       156     0    11     1     6
  1.6055743106911863E-01 a       157     0    11     1     7
  3.6007729426426455E-01 a       158     0    11     1     8
  6.5525755037104075E-02 a       159     0    11     1     9
  2.3926685915370260E-01 a       160     0    11     1    10
 -1.2150151867701603E-01 a       161     0    11     1    11
 -1.2230202702545453E-01 a       162     0    11     1    12
 -3.5959171083246416E-01 a       163     0    11     1    13
 -1.2108497152840915E-01 a       164     0    11     1    14
 -6.3819717861150385E-02 a       165     0    11     1    15
 -7.8531426152882611E-02 a       166     0    12     1     1
 -7.6753406913217484E-02 a       167     0    12     1     2
 -4.4782184548422074E-02 a       168     0    12     1     3
  3.3896240558904495E-01 a       169     0    12     1     4
  3.6246413351193280E-01 a       170     0    12     1     5
 -2.6137968728589894E-01 a       171     0    12     1     6
 -2.5276174546908359E-01 a       172     0    12     1     7
 -5.1429059264161081E-02 a       173     0    12     1     8
 -7.1539069838755395E-02 a       174     0    12     1     9
  3.9055493609222169E-02 a       175     0    12     1    10
 -1.2647879070251575E-01 a       176     0    12     1    11
 -3.5113951777375607E-01 a       177     0    12     1    12
  3.2262090274342425E-01 a       178     0    12     1    13
  2.8943316047975753E-01 a       179     0    12     1    14
  9.4192138893086155E-02 a       180     0    12     1    15
 -3.6763852340888559E-01 a       181     0    13     1     1
  4.0290000406304410E-01 a       182     0    13     1     2
 -1.0006005237660018E-01 a       183     0    13     1     3
  3.0474765680249805E-01 a       184     0    13     1     4
  2.8278008489385359E-01 a       185     0    13     1     5
 -1.5116403897707231E-01 a       186     0    13     1     6
  2.0631412133581853E-01 a       187     0    13     1     7
  1.3297489383613795E-01 a       188     0    13     1     8
 -2.7068039700805369E-01 a       189     0    13     1     9
  3.2906712488486284E-01 a       190     0    13     1    10
  3.8476309771534001E-01 a       191     0    13     1    11
 -3.2088234934049782E-02 a       192     0    13     1    12
  2.1003209568782338E-01 a       193     0    13     1    13
  8.1194499990813705E-03 a       194     0    13     1    14
  3.5241489850178598E-01 a       195     0    13     1    15
 -3.8934453501937617E-02 a       196     0    14     1     1
  2.2343790690701656E-01 a       197     0    14     1     2
  2.0927554142104110E-01 a       198     0    14     1     3
  1.2893068362486629E-01 a       199     0    14     1     4
 -6.6388014829554504E-02 a       200     0    14     1     5
  8.4082372805996897E-02 a       201     0    14     1     6
 -3.3690912065476641E-01 a       202     0    14     1     7
 -8.5750308215639018E-02 a       203     0    14     1     8
  2.4093401670917347E-01 a       204     0    14     1     9
 -1.1774108793080452E-01 a       205     0    14     1    10
  2.9907655470567435E-01 a       206     0    14     1    11
 -2.7645277028500259E-01 a       207     0    14     1    12
 -3.0800382250546484E-02 a       208     0    14     1    13
 -1.4942864759138152E-01 a       209     0    14     1    14
 -2.5431952763123428E-01 a       210     0    14     1    15
  8.9953686030670083E-02 a       211     0    15     1     1
  4.9443201840392408E-02 a       212     0    15     1     2
  2.4845750721320800E-01 a       213     0    15     1     3
  2.1835261771894274E-01 a       214     0    15     1     4
 -2.3140133830052043E-01 a       215     0    15     1     5
  2.5125490713130427E-01 a       216     0    15     1     6
  3.3042485108072062E-01 a       217     0    15     1     7
 -3.2400488558897922E-01 a       218     0    15     1     8
  2.1680455838661258E-01 a       219     0    15     1     9
 -9.5452651595831939E-02 a       220     0    15     1    10
 -1.2074449276376240E-01 a       221     0    15     1    11
  1.3791724621229981E-01 a       222     0    15     1    12
 -2.5153727500072465E-01 a       223     0    15     1    13
 -3.6696957062996993E-01 a       224     0    15     1    14
  1.0173391949681747E-01 a       225     0    15     1    15
 -2.1340045092945220E-01 a       226     0    16     1     1
 -2.8819011508254300E-01 a       227     0    16     1     2
 -2.3969894489906279E-01 a       228     0    16     1     3
  7.2055533367313624E-03 a       229     0    16     1     4
  3.0739348070787831E-01 a       230     0    16     1     5
  1.9274510313309556E-01 a       231     0    16     1     6
  1.8570554581864626E-01 a       232     0    16     1     7
  6.4571189919579039E-02 a       233     0    16     1     8
  3.5866461064628880E-01 a       234     0    16     1     9
 -2.2805098014615263E-01 a       235     0    16     1    10
 -3.3345960007416367E-02 a       236     0    16     1    11
 -2.3796173249218922E-01 a       237     0    16     1    12
 -2.3529935089292556E-01 a       238     0    16     1    13
  1.1179439178891555E-01 a       239     0    16     1    14
 -3.1382619927301525E-01 a       240     0    16     1    15
  1.3653836195143426E-01 a       241     0    17     1     1
 -9.2702492907972944E-02 a       242     0    17     1     2
  8.2589432067882468E-02 a       243     0    17     1     3
 -4.4450209186753962E-03 a       244     0    17     1     4
 -2.1204123215847048E-01 a       245     0    17     1     5
  9.8077129287074780E-02 a       246     0    17     1     6
 -3.3952979735064698E-01 a       247     0    17     1     7
 -2.5722777911804502E-02 a       248     0    17     1     8
 -5.5470051044304448E-02 a       249     0    17     1     9
 -2.4218065557923438E-01 a       250     0    17     1    10
 -2.5138025261121077E-01 a       251     0    17     1    11
  2.9150310305016837E-02 a       252     0    17     1    12
  3.0538023603659975E-01 a       253     0    17     1    13
 -1.5578773448242650E-01 a       254     0    17     1    14
  2.5633464762153246E-01 a       255     0    17     1    15
 -1.8064265739508301E-02 a       256     0    18     1     1
 -2.1340477682027600E-01 a       257     0    18     1     2
 -2.6152473172999346E-01 a       258     0    18     1     3
  2.3155723872541212E-01 a       259     0    18     1     4
  4.3750905056971649E-02 a       260     0    18     1     5
  2.6692302274863627E-01 a       261     0    18     1     6
  3.3040328735322005E-01 a       262     0    18     1     7
  2.0489370411311600E-01 a       263     0    18     1     8
 -2.2662628730851608E-01 a       264     0    18     1     9
 -7.7115576582184988E-03 a       265     0    18     1    10
  2.9111571669470471E-01 a       266     0    18     1    11
  1.3068539370162566E-01 a       267     0    18     1    12
 -1.6015951643343876E-01 a       268     0    18     1    13
  2.7783132971598895E-01 a       269     0    18     1    14
  3.2829963427401099E-01 a       270     0    18     1    15
 -8.8925322895891612E-02 a       271     0    19     1     1
 -1.2247729961723583E-01 a       272     0    19     1     2
  2.7872622416479709E-01 a       273     0    19     1     3
 -2.3503495629188884E-01 a       274     0    19     1     4
 -1.1994703022589161E-01 a       275     0    19     1     5
  4.2707021578325323E-02 a       276     0    19     1     6
  3.0713233585433020E-01 a       277     0    19     1     7
  1.4651605354778115E-02 a       278     0    19     1     8
 -1.7852932506334541E-04 a       279     0    19     1     9
  2.4614983150830660E-01 a       280     0    19     1    10
 -2.5055184768255467E-01 a       281     0    19     1    11
  2.8235100117154044E-01 a       282     0    19     1    12
 -3.8787218698887171E-01 a       283     0    19     1    13
  3.5754408857818948E-01 a       284     0    19     1    14
 -1.6512762801876901E-01 a       285     0    19     1    15
 -2.3529031855987759E-01 a       286     0    20     1     1
  3.4352279726095580E-01 a       287     0    20     1     2
 -3.4509541761826046E-01 a       288     0    20     1     3
  2.4994562290541072E-01 a       289     0    20     1     4
 -3.1811275993719906E-01 a       290     0    20     1     5
 -3.6820620262448372E-01 a       291     0    20     1     6
 -3.5801849962530573E-02 a       292     0    20     1     7
  1.9482995933314284E-01 a       293     0    20     1     8
  8.4520020504124077E-02 a       294     0    20     1     9
  1.9149252456222521E-01 a       295     0    20     1    10
 -1.6617216143905211E-01 a       296     0    20     1    11
  3.3169938175609037E-01 a       297     0    20     1    12
 -3.8331168666010512E-01 a       298     0    20     1    13
  2.3553876310699851E-01 a       299     0    20     1    14
  1.2786034772149671E-01 a       300     0    20     1    15
  3.5282330639406917E-01 a       301     0    21     1     1
  1.1738177256460790E-01 a       302     0    21     1     2
 -3.2733465518497880E-02 a       303     0    21     1     3
  1.9702217409008937E-01 a       304     0    21     1     4
 -2.4283463751231818E-01 a       305     0    21     1     5
  1.7250716334796194E-02 a       306     0    21     1     6
  2.5858463519970887E-01 a       307     0    21     1     7
 -3.3366410434286581E-01 a       308     0    21     1     8
 -2.0179106527010743E-01 a       309     0    21     1     9
 -1.2699580961955267E-01 a       310     0    21     1    10
  3.1657785664116933E-01 a       311     0    21     1    11
  2.3700734453448027E-01 a       312     0    21     1    12
 -3.4267569545220422E-01 a       313     0    21     1    13
  2.6772586954069977E-01 a       314     0    21     1    14
 -2.3320898892786469E-02 a       315     0    21     1    15
 -1.1325999099257766E-01 a       316     0    22     1     1
  2.0418836121828010E-01 a       317     0    22     1     2
 -3.2886694681814760E-01 a       318     0    22     1     3
  2.4183620925939744E-01 a       319     0    22     1     4
 -2.9329127217805351E-01 a       320     0    22     1     5
  7.8295604224125598E-02 a       321     0    22     1     6
 -3.6698114086488909E-01 a       322     0    22     1     7
 -1.1868193424014979E-01 a       323     0    22     1     8
  2.7939066089261372E-01 a       324     0    22     1     9
  1.8481815053498288E-01 a       325     0    22     1    10
 -2.2040411497766582E-01 a       326     0    22     1    11
 -2.1303935861891976E-01 a       327     0    22     1    12
  3.4546528894973844E-01 a       328     0    22     1    13
  2.4030665798903242E-01 a       329     0    22     1    14
  3.0947396889480983E-01 a       330     0    22     1    15
 -4.8319858078023095E-02 a       331     0    23     1     1
 -1.5397612405912525E-01 a       332     0    23     1     2
  1.1853312474358653E-01 a       333     0    23     1     3
 -1.5560804298680245E-01 a       334     0    23     1     4
  2.1167337586473625E-01 a       335     0    23     1     5
  9.7628768473667707E-03 a       336     0    23     1     6
 -1.9799604651412356E-01 a       337     0    23     1     7
 -5.0069215265766596E-02 a       338     0    23     1     8
  2.2284583815327672E-01 a       339     0    23     1     9
 -1.3961270237612712E-02 a       340     0    23     1    10
  1.0868958774514603E-02 a       341     0    23     1    11
 -2.7991960596900145E-01 a       342     0    23     1    12
  1.2086902510712769E-01 a       343     0    23     1    13
 -3.3857977523154920E-01 a       344     0    23     1    14
 -4.7654192221123458E-02 a       345     0    23     1    15
  5.1631020084136822E-02 a       346     0    24     1     1
 -1.4457678123302178E-01 a       347     0    24     1     2
  3.4157211122983910E-01 a       348     0    24     1     3
  7.9659426219411369E-02 a       349     0    24     1     4
 -2.7587763537667054E-01 a       350     0    24     1     5
 -4.8414776149085646E-02 a       351     0    24     1     6
 -1.6714429586931026E-01 a       352     0    24     1     7
 -3.7218317526432482E-01 a       353     0    24     1     8
 -8.3034307283602407E-02 a       354     0    24     1     9
  1.4625940034523692E-02 a       355     0    24     1    10
  1.3280105829677163E-01 a       356     0    24     1    11
  3.2779772271165045E-03 a       357     0    24     1    12
 -2.2102848682396845E-01 a       358     0    24     1    13
  3.1579503004581871E-01 a       359     0    24     1    14
  3.0816662638481834E-01 a       360     0    24     1    15
  5.3957313343382163E-02 a       361     0    25     1     1
  8.8017579133158441E-02 a       362     0    25     1     2
 -1.4403527296714083E-02 a       363     0    25     1     3
  7.8468898689203606E-02 a       364     0    25     1     4
  2.3636577176827744E-01 a       365     0    25     1     5
 -1.5025570711784170E-01 a       366     0    25     1     6
  3.0518000895788433E-01 a       367     0    25     1     7
 -1.0569584175739506E-01 a       368     0    25     1     8
  2.9777932163083798E-01 a       369     0    25     1     9
 -2.0809517399636984E-01 a       370     0    25     1    10
  1.0884285573089945E-01 a       371     0    25     1    11
 -3.5351784471329979E-02 a       372     0    25     1    12
 -1.4373619691216225E-01 a       373     0    25     1    13
 -2.0032469868456851E-01 a       374     0    25     1    14
 -6.2224838749433756E-03 a       375     0    25     1    15
  2.4687450077513046E-01 a       376     0    26     1     1
 -2.0904137317817037E-01 a       377     0    26     1     2
 -7.9691112558293239E-02 a       378     0    26     1     3
  2.4469774749136888E-01 a       379     0    26     1     4
 -4.3559413649396528E-02 a       380     0    26     1     5
  3.6463203685647810E-01 a       381     0    26     1     6
  4.9230483241731418E-02 a       382     0    26     1     7
 -1.9521973939039020E-01 a       383     0    26     1     8
 -1.5323039242105549E-01 a       384     0    26     1     9
  1.9872202115129439E-01 a       385     0    26     1    10
 -1.0338994658032233E-01 a       386     0    26     1    11
  2.7542226426411107E-02 a       387     0    26     1    12
  2.2622061617538458E-01 a       388     0    26     1    13
  3.1448978016162693E-01 a       389     0    26     1    14
 -3.6580268444524616E-01 a       390     0    26     1    15
 -1.7255244531128611E-01 a       391     0    27     1     1
 -3.2353728939411353E-01 a       392     0    27     1     2
 -3.7395478508386915E-01 a       393     0    27     1     3
  3.1977798665060543E-02 a       394     0    27     1     4
 -1.4343558339030366E-01 a       395     0    27     1     5
  2.7502367623363683E-01 a       396     0    27     1     6
  1.6987106368902968E-01 a       397     0    27     1     7
  3.1841047202466827E-01 a       398     0    27     1     8
  5.4269095271636484E-03 a       399     0    27     1     9
 -6.6213763623562835E-02 a       400     0    27     1    10
 -3.8759115247140025E-01 a       401     0    27     1    11
 -2.3100243196490000E-01 a       402     0    27     1    12
  3.6782585538813889E-01 a       403     0    27     1    13
  3.2835899933981311E-01 a       404     0    27     1    14
  1.8916020177101261E-01 a       405     0    27     1    15
 -3.3335335589730772E-02 b       406     1     1
  1.0071453414867704E-02 b       407     1     2
  6.4054084716827740E-03 b       408     1     3
 -1.1508433161031218E-02 b       409     1     4
  1.5405770123862534E-02 b       410     1     5
 -3.1286770372316766E-02 b       411     1     6
 -2.3459682269235411E-02 b       412     1     7
  2.6629868331996278E-03 b       413     1     8
  3.3562074494557115E-02 b       414     1     9
 -6.3923001163120594E-02 b       415     1    10
 -1.7281879803293102E-02 b       416     1    11
 -2.1076860476322588E-02 b       417     1    12
  1.5864091101675470E-02 b       418     1    13
 -1.6440635315802078E-02 b       419     1    14
 -2.5501966087952216E-02 b       420     1    15
  1.1814379833031649E-01 a       421     1     1     2     1
  2.9963762940710914E-01 a       422     1     1     2     2
  4.4454685464300053E-01 a       423     1     1     2     3
  6.2361548851024573E-02 a       424     1     1     2     4
  1.0615123279171096E-01 a       425     1     1     2     5
 -2.8646658965205923E-01 a       426     1     1     2     6
 -6.5849572784140484E-02 a       427     1     1     2     7
 -3.8916975161904976E-01 a       428     1     1     2     8
  3.2367583879181328E-01 a       429     1     1     2     9
 -2.0437232832136473E-01 a       430     1     1     2    10
 -1.2126303946334245E-01 a       431     1     1     2    11
  2.9648300464081695E-01 a       432     1     1     2    12
 -2.7223701251260551E-01 a       433     1     1     2    13
  2.5212320934364796E-01 a       434     1     1     2    14
 -4.3626491289644875E-01 a       435     1     1     2    15
  3.1401102462642688E-01 a       436     1     2     2     1
 -2.5107117557868694E-02 a       437     1     2     2     2
 -3.6144064752360949E-01 a       438     1     2     2     3
 -1.8592281142422402E-02 a       439     1     2     2     4
  2.5982719948474547E-01 a       440     1     2     2     5
 -2.9264038484662463E-01 a       441     1     2     2     6
 -2.2294815047396177E-01 a       442     1     2     2     7
 -2.2896502319167109E-02 a       443     1     2     2     8
 -3.8547514827232410E-01 a       444     1     2     2     9
  5.1129813765290945E-02 a       445     1     2     2    10
  3.0165460165987540E-01 a       446     1     2     2    11
 -2.3836884321778490E-01 a       447     1     2     2    12
 -3.9748026047608820E-01 a       448     1     2     2    13
  2.8078874336043264E-01 a       449     1     2     2    14
  2.2607190247770051E-01 a       450     1     2     2    15
 -1.2942316437243284E-01 a       451     1     3     2     1
 -3.2279597870156213E-01 a       452     1     3     2     2
  1.0268973958071825E-01 a       453     1     3     2     3
 -2.8679448571290356E-01 a       454     1     3     2     4
 -3.7873077076777223E-01 a       455     1     3     2     5
 -2.1774416766247664E-02 a       456     1     3     2     6
  5.6220425672671298E-02 a       457     1     3     2     7
  1.9260663631910177E-01 a       458     1     3     2     8
 -1.8454093184010215E-01 a       459     1     3     2     9
  8.0070276855557995E-02 a       460     1     3     2    10
 -8.8530851829969517E-02 a       461     1     3     2    11
  2.3974387053746882E-01 a       462     1     3     2    12
 -1.0710023493792552E-01 a       463     1     3     2    13
  3.2040857348393285E-02 a       464     1     3     2    14
 -9.3458579625899596E-02 a       465     1     3     2    15
  2.5148493983236586E-01 a       466     1     4     2     1
  3.3617906502894573E-01 a       467     1     4     2     2
  8.5471134586220188E-02 a       468     1     4     2     3
 -4.0323979056139547E-01 a       469     1     4     2     4
  6.5020181173393338E-02 a       470     1     4     2     5
 -4.2089457327638657E-01 a       471     1     4     2     6
 -3.3985595724233525E-01 a       472     1     4     2     7
  1.8336140571856316E-01 a       473     1     4     2     8
  3.5815282230961609E-01 a       474     1     4     2     9
 -4.1749751584125616E-01 a       475     1     4     2    10
  1.0533072055464136E-01 a       476     1     4     2    11
 -2.0164577984467141E-01 a       477     1     4     2    12
  4.6980655780143482E-01 a       478     1     4     2    13
  9.4517406111133684E-02 a       479     1     4     2    14
 -1.2250452607473716E-01 a       480     1     4     2    15
 -2.1201896978647577E-01 a       481     1     5     2     1
  1.4062598226420694E-01 a       482     1     5     2     2
  5.1753618682540539E-02 a       483     1     5     2     3
 -3.2741647135206436E-01 a       484     1     5     2     4
  6.2031382236216570E-02 a       485     1     5     2     5
  2.7211853337827785E-01 a       486     1     5     2     6
  2.9370793314215726E-01 a       487     1     5     2     7
 -3.0911547475381229E-01 a       488     1     5     2     8
  2.9007842608235973E-01 a       489     1     5     2     9
 -6.2408379111435257E-02 a       490     1     5     2    10
 -8.1295824227297975E-02 a       491     1     5     2    11
  3.9676514300559973E-01 a       492     1     5     2    12
  1.9433567000368132E-01 a       493     1     5     2    13
  1.8742285534146255E-01 a       494     1     5     2    14
 -2.5462551890649687E-01 a       495     1     5     2    15
 -3.0860681150821301E-02 a       496     1     6     2     1
 -1.5774439506401045E-01 a       497     1     6     2     2
  9.6599609340985895E-02 a       498     1     6     2     3
  3.5143630786753566E-01 a       499     1     6     2     4
  1.1983435177801129E-01 a       500     1     6     2     5
  2.2579518478894892E-01 a       501     1     6     2     6
 -4.7414144733103937E-02 a       502     1     6     2     7
 -4.4079993584715055E-01 a       503     1     6     2     8
  3.5246808218140396E-01 a       504     1     6     2     9
 -9.2981062637668629E-02 a       505     1     6     2    10
 -1.4660996514406982E-01 a       506     1     6     2    11
 -4.3216573364786864E-01 a       507     1     6     2    12
 -2.2005309314949204E-01 a       508     1     6     2    13
  3.3260552204494348E-01 a       509     1     6     2    14
 -4.0100601606316472E-01 a       510     1     6     2    15
 -1.9296616021772869E-01 a       511     1     7     2     1
  2.0768610624965383E-01 a       512     1     7     2     2
 -9.3594447615944452E-03 a       513     1     7     2     3
  2.0965632064458131E-01 a       514     1     7     2     4
 -3.4648298285595480E-01 a       515     1     7     2     5
  1.2576611872800950E-01 a       516     1     7     2     6
 -3.7208267944889306E-01 a       517     1     7     2     7
  3.2571165882763614E-01 a       518     1     7     2     8
 -1.0495575606963974E-01 a       519     1     7     2     9
 -2.4228577213875951E-01 a       520     1     7     2    10
  3.1267153831291333E-01 a       521     1     7     2    11
  2.6355388174451816E-01 a       522     1     7     2    12
 -6.8719080484092504E-02 a       523     1     7     2    13
 -2.1011589684324530E-01 a       524     1     7     2    14
 -1.1785312940321843E-01 a       525     1     7     2    15
 -2.9685142051250338E-02 a       526     1     8     2     1
  1.6007196227891529E-01 a       527     1     8     2     2
 -2.8622903529604615E-01 a       528     1     8     2     3
 -4.5629152712843302E-01 a       529     1     8     2     4
  3.1950358876984275E-01 a       530     1     8     2     5
 -1.3206441397658328E-01 a       531     1     8     2     6
 -4.2610656515223805E-01 a       532     1     8     2     7
  5.3183103267254131E-02 a       533     1     8     2     8
  3.9942735640834554E-01 a       534     1     8     2     9
  9.7346962277450710E-02 a       535     1     8     2    10
 -2.8811175942528261E-01 a       536     1     8     2    11
 -1.3916315569058135E-01 a       537     1     8     2    12
  3.0014878408299663E-02 a       538     1     8     2    13
  1.5975888070514654E-02 a       539     1     8     2    14
 -2.4414817911647099E-01 a       540     1     8     2    15
 -4.0348297428753033E-01 a       541     1     9     2     1
 -8.7532019500230665E-02 a       542     1     9     2     2
 -9.5335813692876109E-02 a       543     1     9     2     3
  8.9168293247670841E-03 a       544     1     9     2     4
  1.5394951464733148E-01 a       545     1     9     2     5
 -3.7442591313754331E-01 a       546     1     9     2     6
 -1.4449897964237091E-01 a       547     1     9     2     7
 -4.7499015594717614E-01 a       548     1     9     2     8
  2.9122643514688401E-01 a       549     1     9     2     9
  3.7127318161771694E-01 a       550     1     9     2    10
  1.0916720250264078E-01 a       551     1     9     2    11
  1.4404472179514438E-01 a       552     1     9     2    12
 -2.2904358357037014E-01 a       553     1     9     2    13
  3.8546636141524288E-01 a       554     1     9     2    14
 -1.4185763127628415E-01 a       555     1     9     2    15
  2.2584779923653167E-01 a       556     1    10     2     1
  1.8634926411672512E-01 a       557     1    10     2     2
 -1.1404638801878524E-01 a       558     1    10     2     3
 -3.9302457910871264E-01 a       559     1    10     2     4
 -2.7552049818721190E-02 a       560     1    10     2     5
 -3.5298597572403001E-01 a       561     1    10     2     6
 -1.2971284737546321E-01 a       562     1    10     2     7
  1.8697479588845142E-01 a       563     1    10     2     8
  2.0614743387002707E-01 a       564     1    10     2     9
  4.6267582285836423E-01 a       565     1    10     2    10
  3.6658039652970220E-01 a       566     1    10     2    11
  3.3524422613773047E-01 a       567     1    10     2    12
  1.8130517784995323E-01 a       568     1    10     2    13
 -1.3284940343387247E-01 a       569     1    10     2    14
 -2.7189273396078134E-01 a       570     1    10     2    15
 -4.1386115914856125E-01 a       571     1    11     2     1
  4.0948690786076442E-01 a       572     1    11     2     2
 -2.3616608034769265E-01 a       573     1    11     2     3
 -2.9074034241063718E-01 a       574     1    11     2     4
  3.9284743933380328E-01 a       575     1    11     2     5
  1.2825932795032499E-01 a       576     1    11     2     6
  3.1878796527650299E-01 a       577     1    11     2     7
  1.7717142940114833E-01 a       578     1    11     2     8
  4.7108086810228017E-02 a       579     1    11     2     9
 -3.4665337263110951E-01 a       580     1    11     2    10
  2.7057184214857960E-01 a       581     1    11     2    11
 -4.2846709375169800E-01 a       582     1    11     2    12
  4.4535892015648626E-01 a       583     1    11     2    13
  3.4604600074852654E-01 a       584     1    11     2    14
 -2.9378444518441371E-01 a       585     1    11     2    15
 -2.3846957943416508E-01 a       586     1    12     2     1
 -3.2599353230497002E-01 a       587     1    12     2     2
  3.5134697411143134E-01 a       588     1    12     2     3
 -6.9945174433601834E-02 a       589     1    12     2     4
  3.8290984658302557E-01 a       590     1    12     2     5
 -1.0840787589235618E-01 a       591     1    12     2     6
  3.6881070570077945E-01 a       592     1    12     2     7
  2.3044768242753644E-02 a       593     1    12     2     8
 -4.0448269636610246E-01 a       594     1    12     2     9
  5.1976660187116698E-02 a       595     1    12     2    10
  3.2732512498680183E-01 a       596     1    12     2    11
 -3.4844020708797319E-01 a       597     1    12     2    12
  3.4898619153258292E-01 a       598     1    12     2    13
  2.5324837432591002E-01 a       599     1    12     2    14
 -1.5207377984796872E-01 a       600     1    12     2    15
 -2.7855724724267561E-01 a       601     1    13     2     1
  4.2077645344157627E-01 a       602     1    13     2     2
  1.5378033357906959E-01 a       603     1    13     2     3
 -1.2994779950367102E-01 a       604     1    13     2     4
  4.6047443482823497E-02 a       605     1    13     2     5
 -4.0818353824813958E-01 a       606     1    13     2     6
  3.7349816965747279E-01 a       607     1    13     2     7
  5.1160332279068695E-02 a       608     1    13     2     8
 -4.1674516547332863E-01 a       609     1    13     2     9
  1.7186950893122316E-01 a       610     1    13     2    10
 -1.0210276681915371E-01 a       611     1    13     2    11
  4.2249920614398162E-01 a       612     1    13     2    12
 -1.4342658607021816E-01 a       613     1    13     2    13
 -3.8666898904012625E-01 a       614     1    13     2    14
  2.3789086885643901E-01 a       615     1    13     2    15
  4.1614593216092033E-01 a       616     1    14     2     1
  1.7063852928629128E-01 a       617     1    14     2     2
 -3.4016280680382460E-01 a       618     1    14     2     3
  3.3753646917542213E-01 a       619     1    14     2     4
  2.4498501931434521E-01 a       620     1    14     2     5
 -2.0022261490164697E-01 a       621     1    14     2     6
  2.1643874395460527E-01 a       622     1    14     2     7
 -2.8903937352863035E-01 a       623     1    14     2     8
  1.6010914430960110E-01 a       624     1    14     2     9
  3.3987659858261038E-01 a       625     1    14     2    10
  2.9721623459609797E-01 a       626     1    14     2    11
  3.4759323887211396E-01 a       627     1    14     2    12
 -4.0297671928520318E-01 a       628     1    14     2    13
  2.1443367618583278E-01 a       629     1    14     2    14
 -1.4698498912099600E-01 a       630     1    14     2    15
  4.2777421937734050E-01 a       631     1    15     2     1
 -1.6589750002602000E-01 a       632     1    15     2     2
 -2.5656306020818187E-01 a       633     1    15     2     3
  2.2186681260555402E-01 a       634     1    15     2     4
 -1.9832729178558776E-02 a       635     1    15     2     5
  3.5851461302160226E-01 a       636     1    15     2     6
  3.7100762466785536E-01 a       637     1    15     2     7
  2.3883777677824722E-01 a       638     1    15     2     8
 -1.1608068341400256E-01 a       639     1    15     2     9
  3.3303771139400651E-01 a       640     1    15     2    10
 -6.5953639453223870E-02 a       641     1    15     2    11
  2.7894082806498899E-01 a       642     1    15     2    12
 -9.1262364821757300E-02 a       643     1    15     2    13
  2.0311909929694014E-01 a       644     1    15     2    14
  2.0507446543944371E-01 a       645     1    15     2    15
 -1.3385124120617450E-02 b       646     2     1
  1.4157063284206699E-02 b       647     2     2
 -1.0012895071364730E-01 b       648     2     3
  3.8958043573112909E-02 b       649     2     4
 -8.1443716303451097E-02 b       650     2     5
 -1.2919390620894833E-02 b       651     2     6
  4.1358668601241939E-02 b       652     2     7
 -5.8307341841455406E-03 b       653     2     8
  1.7941980777366789E-02 b       654     2     9
  7.8264003975151274E-03 b       655     2    10
  3.8309339093642404E-02 b       656     2    11
  4.0782908523744306E-03 b       657     2    12
  5.9411822434326911E-02 b       658     2    13
 -1.2473342995892268E-02 b       659     2    14
  3.3539525894275675E-02 b       660     2    15
 -1.0553365452084562E-01 a       661     2     1     3     1
 -9.4033683718669284E-02 a       662     2     2     3     1
  9.5079440723053532E-01 a       663     2     3     3     1
 -9.4870623536143217E-01 a       664     2     4     3     1
  1.0404555549714070E+00 a       665     2     5     3     1
  5.2955347561330901E-01 a       666     2     6     3     1
 -6.1842340718566402E-01 a       667     2     7     3     1
  1.0220391927579799E+00 a       668     2     8     3     1
  1.9215410207342140E-01 a       669     2     9     3     1
  8.5571313940617377E-01 a       670     2    10     3     1
 -4.2378587873435120E-01 a       671     2    11     3     1
 -1.2594841346101662E-01 a       672     2    12     3     1
 -8.9620650340481878E-01 a       673     2    13     3     1
  7.5473921588367088E-01 a       674     2    14     3     1
 -9.9245110756946220E-01 a       675     2    15     3     1
 -4.8958408503014479E-02 b       676     3     1
