################################################################################
# Neural network connection values (weights and biases).
################################################################################
# Col  Name       Description
################################################################################
# 1    connection Neural network connection value.
# 2    t          Connection type (a = weight, b = bias).
# 3    index      Index enumerating weights.
# 4    l_s        Starting point layer (end point layer for biases).
# 5    n_s        Starting point neuron in starting layer (end point neuron for biases).
# 6    l_e        End point layer.
# 7    n_e        End point neuron in end layer.
################################################################################
#                      1 2         3     4     5     6     7
#             connection t     index   l_s   n_s   l_e   n_e
############################################################
  1.8233981237145457E+01 a         1     0     1     1     1
 -9.0034153643601087E+00 a         2     0     1     1     2
 -3.6287807051679049E+00 a         3     0     1     1     3
  8.6633923517147249E+00 a         4     0     1     1     4
 -8.4482808863848504E+00 a         5     0     1     1     5
  4.2499626696327617E+00 a         6     0     1     1     6
 -2.6236652478406355E+00 a         7     0     1     1     7
 -7.6648699012461305E+00 a         8     0     1     1     8
 -1.2264878148955964E+00 a         9     0     1     1     9
  1.6467360773935806E+00 a        10     0     1     1    10
 -7.0633481635984383E+00 a        11     0     1     1    11
  6.0736467658151412E+00 a        12     0     1     1    12
  3.6609665071342077E+00 a        13     0     1     1    13
  4.9290917817774265E+00 a        14     0     1     1    14
  1.8143060699460622E+00 a        15     0     1     1    15
  1.9929721896302335E-01 a        16     0     1     1    16
  8.2203314290751255E+00 a        17     0     1     1    17
 -3.1497489354354191E+00 a        18     0     1     1    18
 -4.6972320899204885E+00 a        19     0     1     1    19
 -7.1470117789383254E+00 a        20     0     1     1    20
  1.2013306487147958E+01 a        21     0     1     1    21
 -5.7489045419078799E+00 a        22     0     1     1    22
 -8.5060257415157565E+00 a        23     0     1     1    23
 -3.4537271888006646E+00 a        24     0     1     1    24
 -1.7516769721813579E+00 a        25     0     1     1    25
 -2.0152477766555918E+01 a        26     0     2     1     1
  1.3335904899258573E+01 a        27     0     2     1     2
  4.6255499643767228E-01 a        28     0     2     1     3
 -6.7078706876642924E+00 a        29     0     2     1     4
  2.4808486593816967E+00 a        30     0     2     1     5
 -1.3231405174642035E+00 a        31     0     2     1     6
  1.1716856718581722E+01 a        32     0     2     1     7
  1.5129822687198573E+01 a        33     0     2     1     8
  6.6989280434779825E+00 a        34     0     2     1     9
 -3.1127122930086033E+00 a        35     0     2     1    10
  6.9414622902724279E+00 a        36     0     2     1    11
 -5.4369812187259647E+00 a        37     0     2     1    12
 -5.1773418231846122E+00 a        38     0     2     1    13
  8.0538759926564634E+00 a        39     0     2     1    14
 -5.6534344232023273E+00 a        40     0     2     1    15
  7.4446613334527463E+00 a        41     0     2     1    16
 -1.0419412021377207E+01 a        42     0     2     1    17
 -8.6559125599632381E-01 a        43     0     2     1    18
  1.5946757776833946E+01 a        44     0     2     1    19
  1.0637546713830215E+01 a        45     0     2     1    20
 -8.7037032843382498E+00 a        46     0     2     1    21
  1.2016307956496059E+01 a        47     0     2     1    22
  1.1310209487587329E+01 a        48     0     2     1    23
  3.9248806911907375E+00 a        49     0     2     1    24
 -1.1525909263807659E+00 a        50     0     2     1    25
 -1.4043010138289510E+01 a        51     0     3     1     1
  4.9560188951226429E+00 a        52     0     3     1     2
  1.2001733949404674E+01 a        53     0     3     1     3
 -1.3321122206076303E+01 a        54     0     3     1     4
  9.6192697620583676E+00 a        55     0     3     1     5
 -8.5862295355314426E+00 a        56     0     3     1     6
 -4.6462261548486833E-01 a        57     0     3     1     7
  7.5993149212596496E+00 a        58     0     3     1     8
  1.0939414337060598E+00 a        59     0     3     1     9
  1.7307802074097693E+00 a        60     0     3     1    10
  7.9900916388897718E+00 a        61     0     3     1    11
  1.7392492969482403E+00 a        62     0     3     1    12
 -1.7239557823928462E+00 a        63     0     3     1    13
 -1.4171448455172865E+01 a        64     0     3     1    14
 -9.2001780590205868E+00 a        65     0     3     1    15
 -3.8456832196658510E+00 a        66     0     3     1    16
 -7.4746968299509842E+00 a        67     0     3     1    17
  8.7163425378162565E+00 a        68     0     3     1    18
  3.7785535002701649E+00 a        69     0     3     1    19
  1.1845277201652875E+01 a        70     0     3     1    20
 -1.4935570087943615E+01 a        71     0     3     1    21
  6.2443523442987052E+00 a        72     0     3     1    22
  1.4760379226481685E+01 a        73     0     3     1    23
  5.0666614202822258E+00 a        74     0     3     1    24
 -3.1165070170126830E-01 a        75     0     3     1    25
  2.3027856968815730E+01 a        76     0     4     1     1
 -1.7345627010673837E+01 a        77     0     4     1     2
 -5.9001470695993830E-01 a        78     0     4     1     3
  8.8910037056970133E+00 a        79     0     4     1     4
  2.6982040426164033E+00 a        80     0     4     1     5
  3.4108113080673452E+00 a        81     0     4     1     6
 -4.7356217178132409E+00 a        82     0     4     1     7
 -2.4629107054269742E+01 a        83     0     4     1     8
 -1.7738961599918809E+01 a        84     0     4     1     9
  2.3715475661017935E+00 a        85     0     4     1    10
 -1.2805823473488884E+01 a        86     0     4     1    11
 -8.1322430313252603E-01 a        87     0     4     1    12
  1.6946181690944950E+00 a        88     0     4     1    13
 -1.0348342387270721E+01 a        89     0     4     1    14
  1.3134916679887624E+01 a        90     0     4     1    15
 -1.4811150656584694E+01 a        91     0     4     1    16
  1.9740079967544766E+01 a        92     0     4     1    17
  4.4466196808431597E+00 a        93     0     4     1    18
 -3.0227561492963435E+01 a        94     0     4     1    19
 -1.6638188456962194E+01 a        95     0     4     1    20
  6.1498836840582616E+00 a        96     0     4     1    21
 -1.8247875898466106E+01 a        97     0     4     1    22
 -2.7552093014994089E+01 a        98     0     4     1    23
 -1.2042309109948460E+01 a        99     0     4     1    24
  4.4042506020249075E+00 a       100     0     4     1    25
 -3.2343264740874185E+00 a       101     0     5     1     1
  5.2591574364652862E+00 a       102     0     5     1     2
 -2.2399532530983631E+01 a       103     0     5     1     3
  1.0892329294554346E+01 a       104     0     5     1     4
 -1.0320990852971672E+01 a       105     0     5     1     5
  3.3164708596641650E+00 a       106     0     5     1     6
 -2.0578342366616282E+00 a       107     0     5     1     7
 -6.6417448055105242E+00 a       108     0     5     1     8
  1.7636144401944897E+01 a       109     0     5     1     9
 -1.0057751169447533E+01 a       110     0     5     1    10
  7.0384982286297557E+00 a       111     0     5     1    11
 -7.1003946775751698E+00 a       112     0     5     1    12
 -4.1899426214264830E+00 a       113     0     5     1    13
  1.3037172585239414E+01 a       114     0     5     1    14
  1.9885726450929852E+01 a       115     0     5     1    15
  1.2751806750122393E+01 a       116     0     5     1    16
 -7.0582267951813380E+00 a       117     0     5     1    17
 -9.1618582578405654E+00 a       118     0     5     1    18
  4.3406627757409275E+00 a       119     0     5     1    19
 -6.4074124196499174E+00 a       120     0     5     1    20
  1.5224767364394951E+01 a       121     0     5     1    21
 -6.7662060737624063E-01 a       122     0     5     1    22
  3.8645262485833212E+00 a       123     0     5     1    23
  1.3991267771901807E+00 a       124     0     5     1    24
  1.1948293772117036E+00 a       125     0     5     1    25
 -1.7518422697005487E+01 a       126     0     6     1     1
 -2.3152686621787404E+00 a       127     0     6     1     2
  4.0636654732053694E+00 a       128     0     6     1     3
 -9.3756259799295183E+00 a       129     0     6     1     4
 -6.4733643677417341E+00 a       130     0     6     1     5
 -1.2622928238108506E+00 a       131     0     6     1     6
 -1.5633670243305643E+01 a       132     0     6     1     7
  2.3651089830070610E+01 a       133     0     6     1     8
  3.8228864919051442E+00 a       134     0     6     1     9
  7.1667956963912456E+00 a       135     0     6     1    10
  9.7544972625536115E+00 a       136     0     6     1    11
  5.5961986082399537E+00 a       137     0     6     1    12
  1.0096000631852355E+01 a       138     0     6     1    13
  5.6194538406288741E+00 a       139     0     6     1    14
 -1.5057670543768934E+01 a       140     0     6     1    15
  1.3616755906309910E+01 a       141     0     6     1    16
 -1.5413874327125356E+01 a       142     0     6     1    17
 -1.6573694033964925E+00 a       143     0     6     1    18
  2.8247742029771036E+01 a       144     0     6     1    19
  4.9513010638290975E+00 a       145     0     6     1    20
  2.6938319832649227E+00 a       146     0     6     1    21
  1.0908232764994549E+01 a       147     0     6     1    22
  1.6092403913762919E+01 a       148     0     6     1    23
  1.8093537799255103E+01 a       149     0     6     1    24
  2.6990412328965694E+00 a       150     0     6     1    25
  1.1614537422251763E+01 a       151     0     7     1     1
  7.3841022855461409E+00 a       152     0     7     1     2
  2.1081418005718600E+01 a       153     0     7     1     3
 -1.5349262406277857E+00 a       154     0     7     1     4
  8.4637824186775710E+00 a       155     0     7     1     5
  3.1268024669103744E+00 a       156     0     7     1     6
 -2.1500705056898735E+00 a       157     0     7     1     7
  3.3024517477605264E+00 a       158     0     7     1     8
 -1.4053197269368871E+01 a       159     0     7     1     9
  7.3802848328570114E+00 a       160     0     7     1    10
 -2.1097338760949981E+01 a       161     0     7     1    11
  4.5450140878000465E+00 a       162     0     7     1    12
  5.0339856657140887E+00 a       163     0     7     1    13
 -9.6233698531389340E+00 a       164     0     7     1    14
 -2.8251008861497382E+01 a       165     0     7     1    15
 -2.2755697034224927E+01 a       166     0     7     1    16
  1.3971693809577122E+01 a       167     0     7     1    17
  3.0560198357973944E+00 a       168     0     7     1    18
 -1.1555298642543214E+01 a       169     0     7     1    19
  8.0455910993017739E+00 a       170     0     7     1    20
 -1.8212009623592962E+01 a       171     0     7     1    21
 -3.6308147880270827E-02 a       172     0     7     1    22
 -1.5673139050820758E+01 a       173     0     7     1    23
  1.2557246649624088E+00 a       174     0     7     1    24
 -1.2181678614667145E+01 a       175     0     7     1    25
  7.4491298093685083E+00 a       176     0     8     1     1
  1.8794150976481671E+01 a       177     0     8     1     2
 -2.9156104012264890E+00 a       178     0     8     1     3
  9.0474608763341386E+00 a       179     0     8     1     4
  5.7766323315632215E+00 a       180     0     8     1     5
  3.4128400758933126E+00 a       181     0     8     1     6
  7.4647465982053451E-01 a       182     0     8     1     7
 -1.4077234015082729E+01 a       183     0     8     1     8
 -3.8561211634499837E+00 a       184     0     8     1     9
 -6.9698867671313653E+00 a       185     0     8     1    10
 -1.0814718791627664E+01 a       186     0     8     1    11
 -4.1674070146259039E+00 a       187     0     8     1    12
 -1.3805756045138025E+01 a       188     0     8     1    13
 -3.7150631046914667E-01 a       189     0     8     1    14
  1.0815021180342139E+01 a       190     0     8     1    15
 -7.7932908124561955E+00 a       191     0     8     1    16
  1.0175520588301897E+01 a       192     0     8     1    17
 -3.7933978984691743E+00 a       193     0     8     1    18
 -1.6292610066203594E+01 a       194     0     8     1    19
  9.0051602038125356E-01 a       195     0     8     1    20
 -1.0036747717142164E+01 a       196     0     8     1    21
  5.1392743833446908E-01 a       197     0     8     1    22
 -5.8143083449839184E+00 a       198     0     8     1    23
 -2.1649704715676801E+01 a       199     0     8     1    24
 -7.5102570498194590E+00 a       200     0     8     1    25
 -3.7683408146928223E+00 a       201     0     9     1     1
 -1.7359209513821483E+01 a       202     0     9     1     2
  7.9182281989994141E-01 a       203     0     9     1     3
  8.5087735018946531E-01 a       204     0     9     1     4
 -9.4345462480870068E-01 a       205     0     9     1     5
 -3.0448499105897149E-02 a       206     0     9     1     6
  6.9828528461377051E+00 a       207     0     9     1     7
  1.1111413696507787E+01 a       208     0     9     1     8
  1.6640616428788508E+00 a       209     0     9     1     9
  4.7544866080699890E+00 a       210     0     9     1    10
  3.8979486945796924E+00 a       211     0     9     1    11
  1.1855658831038679E-01 a       212     0     9     1    12
  2.0754906054318818E+00 a       213     0     9     1    13
 -3.8355942097527826E+00 a       214     0     9     1    14
 -4.0628938925854525E+00 a       215     0     9     1    15
  4.3044187670213470E+00 a       216     0     9     1    16
 -5.2392365142939550E+00 a       217     0     9     1    17
  4.0755880969456468E+00 a       218     0     9     1    18
 -2.0971134750731975E+00 a       219     0     9     1    19
  8.9315198450228994E-01 a       220     0     9     1    20
  6.4732341245235974E+00 a       221     0     9     1    21
 -9.4475731339551838E-01 a       222     0     9     1    22
  5.0387021681909283E-01 a       223     0     9     1    23
  3.2437959682440480E+00 a       224     0     9     1    24
  5.6250915946997013E+00 a       225     0     9     1    25
 -5.8146535773177677E+00 a       226     0    10     1     1
 -1.1876976094487331E+01 a       227     0    10     1     2
 -1.2192465705352284E+01 a       228     0    10     1     3
 -3.7926170113273350E+00 a       229     0    10     1     4
 -1.1337654701742466E+00 a       230     0    10     1     5
 -5.4329609674783645E+00 a       231     0    10     1     6
  3.9799914593015258E+00 a       232     0    10     1     7
 -5.4872627098836046E+00 a       233     0    10     1     8
  5.7633469318921848E-01 a       234     0    10     1     9
 -3.3822439705758010E+00 a       235     0    10     1    10
  1.6350152578073907E+01 a       236     0    10     1    11
  2.0858790868945207E+00 a       237     0    10     1    12
  2.6602561433126066E+00 a       238     0    10     1    13
  1.1130187866394091E-01 a       239     0    10     1    14
  1.3919834766761177E+01 a       240     0    10     1    15
  1.4295804541901658E+01 a       241     0    10     1    16
 -4.1196951021620309E+00 a       242     0    10     1    17
 -6.7092581790037604E+00 a       243     0    10     1    18
  6.7456324407133232E+00 a       244     0    10     1    19
 -6.5101331850501918E+00 a       245     0    10     1    20
  9.5884786118722865E+00 a       246     0    10     1    21
 -1.8553503842821202E+00 a       247     0    10     1    22
  9.4732705154307961E+00 a       248     0    10     1    23
  7.1200239918335251E-01 a       249     0    10     1    24
  1.3937968093240411E+01 a       250     0    10     1    25
  2.8170158725673944E+00 a       251     0    11     1     1
  2.8628188518570008E+00 a       252     0    11     1     2
  1.1688525145150999E+00 a       253     0    11     1     3
  6.3579576699936569E-01 a       254     0    11     1     4
  4.1418307085730879E+00 a       255     0    11     1     5
 -1.5062025389806715E+00 a       256     0    11     1     6
 -8.0815588739513053E+00 a       257     0    11     1     7
 -6.8134911558488804E+00 a       258     0    11     1     8
 -2.7881663087474120E+00 a       259     0    11     1     9
  2.0413309735908408E-01 a       260     0    11     1    10
  1.5868493102581156E+00 a       261     0    11     1    11
 -1.9009538137022228E+00 a       262     0    11     1    12
 -3.5632478146053637E+00 a       263     0    11     1    13
  3.5087168573160055E+00 a       264     0    11     1    14
  5.5689928352620131E+00 a       265     0    11     1    15
 -3.1719213686940173E+00 a       266     0    11     1    16
  1.2759672081247122E+00 a       267     0    11     1    17
 -3.5352031113583009E+00 a       268     0    11     1    18
  4.6008389293893331E-01 a       269     0    11     1    19
  2.4889087288311279E-01 a       270     0    11     1    20
 -4.1856629669000611E+00 a       271     0    11     1    21
  5.0658163867799813E+00 a       272     0    11     1    22
  1.9301098269144040E-01 a       273     0    11     1    23
  2.2562902040246464E+00 a       274     0    11     1    24
 -1.5758365924810778E+00 a       275     0    11     1    25
  7.4768082669748337E-01 a       276     0    12     1     1
  6.2854743535178015E+00 a       277     0    12     1     2
  2.3758056422822520E+00 a       278     0    12     1     3
  9.7984471587106492E-01 a       279     0    12     1     4
 -2.5440925844347366E+00 a       280     0    12     1     5
 -9.6790381799598735E-01 a       281     0    12     1     6
  1.5629895538969538E+00 a       282     0    12     1     7
 -1.3251788583251998E+00 a       283     0    12     1     8
 -3.7219942208314021E+00 a       284     0    12     1     9
  8.5294245174828343E-01 a       285     0    12     1    10
 -2.4340221268104836E+00 a       286     0    12     1    11
 -4.7059248242554315E+00 a       287     0    12     1    12
  3.1539724225937209E+00 a       288     0    12     1    13
  4.4641150629783057E+00 a       289     0    12     1    14
 -2.2474865779187727E+00 a       290     0    12     1    15
 -3.7933194038794489E+00 a       291     0    12     1    16
 -5.1180420760442447E+00 a       292     0    12     1    17
  1.0103174996978659E+00 a       293     0    12     1    18
 -1.9497369578230042E-01 a       294     0    12     1    19
  6.3860319070571796E+00 a       295     0    12     1    20
 -1.7451672237638176E+00 a       296     0    12     1    21
  2.4326559386555213E+00 a       297     0    12     1    22
 -3.9133308165211362E+00 a       298     0    12     1    23
  8.1966572439161638E+00 a       299     0    12     1    24
 -2.0833469027370826E+00 a       300     0    12     1    25
 -1.3489476850984321E+00 a       301     0    13     1     1
  1.8676682808810583E+00 a       302     0    13     1     2
  1.4045424346417365E-01 a       303     0    13     1     3
  2.3836017958991591E+00 a       304     0    13     1     4
 -2.4840395617196225E+00 a       305     0    13     1     5
  2.0718350471882166E-01 a       306     0    13     1     6
  9.3910494278031109E+00 a       307     0    13     1     7
  3.4037698375353624E+00 a       308     0    13     1     8
  4.1278490425305598E+00 a       309     0    13     1     9
 -1.1988564502079051E+00 a       310     0    13     1    10
 -1.2797144301514898E-01 a       311     0    13     1    11
  1.6475610426446290E+00 a       312     0    13     1    12
  7.7866653677266073E-01 a       313     0    13     1    13
 -3.7699568530871508E+00 a       314     0    13     1    14
  3.3341655859719366E-01 a       315     0    13     1    15
 -4.6655390457988272E-01 a       316     0    13     1    16
  9.3498321409983681E-03 a       317     0    13     1    17
  9.8232697517277856E-01 a       318     0    13     1    18
  7.9712045789574726E-01 a       319     0    13     1    19
 -6.1094990969435083E-02 a       320     0    13     1    20
  1.7818284469933725E+00 a       321     0    13     1    21
 -2.4939675176448386E+00 a       322     0    13     1    22
 -9.7191334680525890E-02 a       323     0    13     1    23
 -1.4137409296854997E+00 a       324     0    13     1    24
 -4.1718328475528244E-01 a       325     0    13     1    25
  1.0309678688326200E+00 a       326     0    14     1     1
 -7.7601718307517755E+00 a       327     0    14     1     2
 -3.4756457304855126E+00 a       328     0    14     1     3
 -1.2453063874265902E+00 a       329     0    14     1     4
 -2.3645848702375996E-01 a       330     0    14     1     5
 -2.1409351350631485E+00 a       331     0    14     1     6
  1.9510962166801711E+00 a       332     0    14     1     7
 -2.8375830834703959E+00 a       333     0    14     1     8
 -2.3350934926061359E-01 a       334     0    14     1     9
 -2.1148675214966590E+00 a       335     0    14     1    10
  5.3325821946510397E+00 a       336     0    14     1    11
  5.7742544808228242E+00 a       337     0    14     1    12
 -7.2655827490180480E-01 a       338     0    14     1    13
 -2.5142023402400437E+00 a       339     0    14     1    14
  2.0438561459784292E+00 a       340     0    14     1    15
  2.7326234303101868E+00 a       341     0    14     1    16
  3.3744234214290416E+00 a       342     0    14     1    17
  1.8581891410721396E-01 a       343     0    14     1    18
  1.4721827776635874E+00 a       344     0    14     1    19
  4.1226708076582663E-01 a       345     0    14     1    20
  3.0452273469993503E+00 a       346     0    14     1    21
 -5.7821515724579586E-01 a       347     0    14     1    22
  2.8262436998018989E+00 a       348     0    14     1    23
 -3.5262721591613682E+00 a       349     0    14     1    24
  6.0517750412593674E-01 a       350     0    14     1    25
  2.8006205698132780E-01 a       351     0    15     1     1
 -1.6094379870070725E+00 a       352     0    15     1     2
 -1.0426083283278331E+00 a       353     0    15     1     3
 -7.5295487111629655E-01 a       354     0    15     1     4
 -3.5904277607224766E+00 a       355     0    15     1     5
 -2.4860625105779772E+00 a       356     0    15     1     6
  1.7382696563890548E-01 a       357     0    15     1     7
 -1.7239272408217974E+00 a       358     0    15     1     8
 -7.9859516819066634E-01 a       359     0    15     1     9
  3.3450924876697496E-01 a       360     0    15     1    10
  2.0715173317288760E-01 a       361     0    15     1    11
 -4.1549168640334233E-01 a       362     0    15     1    12
  4.8157880059856423E-01 a       363     0    15     1    13
  2.6159825712106808E+00 a       364     0    15     1    14
 -2.4501905248232698E+00 a       365     0    15     1    15
 -2.1412502765614300E-01 a       366     0    15     1    16
 -2.5439689711841279E-01 a       367     0    15     1    17
  7.6935122843590298E-01 a       368     0    15     1    18
  1.0355479949484176E+00 a       369     0    15     1    19
 -3.2678856770116849E-01 a       370     0    15     1    20
 -1.2389002147238550E+00 a       371     0    15     1    21
 -4.8415564991742865E-01 a       372     0    15     1    22
 -1.1388647656949629E+00 a       373     0    15     1    23
  1.1044335313282789E-02 a       374     0    15     1    24
 -3.8078541945300093E-01 a       375     0    15     1    25
 -1.2779941948137352E+00 a       376     0    16     1     1
  1.1713101769809038E+00 a       377     0    16     1     2
  4.2859516609526405E-01 a       378     0    16     1     3
 -8.1316590701931230E-02 a       379     0    16     1     4
 -4.7580287995090675E-01 a       380     0    16     1     5
  1.1209310850399385E-02 a       381     0    16     1     6
  1.1564760469774416E+01 a       382     0    16     1     7
 -4.9328018653900596E-01 a       383     0    16     1     8
  5.2011667647166684E+00 a       384     0    16     1     9
 -3.9689862322929668E-02 a       385     0    16     1    10
  4.0865845871932266E-01 a       386     0    16     1    11
  7.1177344564980753E+00 a       387     0    16     1    12
  1.7489418471780740E-01 a       388     0    16     1    13
  6.7294390848332397E-01 a       389     0    16     1    14
 -6.3995677740626078E-01 a       390     0    16     1    15
 -4.4198644484709937E-01 a       391     0    16     1    16
 -1.3940688258454959E+00 a       392     0    16     1    17
 -1.5413074443912395E-01 a       393     0    16     1    18
 -2.9585829496052525E-03 a       394     0    16     1    19
 -2.1955616497323174E-01 a       395     0    16     1    20
 -9.4551021266633339E-02 a       396     0    16     1    21
 -6.5073362305797730E-02 a       397     0    16     1    22
 -3.4776626804656985E-01 a       398     0    16     1    23
  5.0951136213171688E-01 a       399     0    16     1    24
  5.2608321677341929E-01 a       400     0    16     1    25
 -1.2375443667340380E+00 a       401     0    17     1     1
  2.6283714588836204E-01 a       402     0    17     1     2
 -2.0967539231435717E-01 a       403     0    17     1     3
 -6.7204743892438723E-01 a       404     0    17     1     4
 -2.3576613182379997E+00 a       405     0    17     1     5
 -1.0585368785071141E+00 a       406     0    17     1     6
  7.2620053304265808E-01 a       407     0    17     1     7
  8.6943913209715507E-01 a       408     0    17     1     8
  2.1403524970484251E+00 a       409     0    17     1     9
 -2.6291495910686944E+00 a       410     0    17     1    10
  1.0663737081833098E+00 a       411     0    17     1    11
  8.2572326440486010E-01 a       412     0    17     1    12
  1.2439422122583537E+00 a       413     0    17     1    13
 -1.3743697651637470E+00 a       414     0    17     1    14
  5.0669416265597655E-01 a       415     0    17     1    15
 -3.1351833254697774E+00 a       416     0    17     1    16
  6.2004890390608425E-01 a       417     0    17     1    17
  4.4747335219127351E-03 a       418     0    17     1    18
  2.4338603533444640E+00 a       419     0    17     1    19
  2.4599520722376225E-01 a       420     0    17     1    20
 -1.9092953164495472E-02 a       421     0    17     1    21
  6.1769681935060505E-01 a       422     0    17     1    22
  2.8680653375442677E+00 a       423     0    17     1    23
  3.4403768942156963E+00 a       424     0    17     1    24
 -3.9415953067688809E+00 a       425     0    17     1    25
  2.2648337441215420E+00 a       426     0    18     1     1
  1.3512216099114443E+01 a       427     0    18     1     2
 -1.3214525525697194E+01 a       428     0    18     1     3
  3.7054397346277317E+00 a       429     0    18     1     4
 -2.2146746834282691E+00 a       430     0    18     1     5
  3.7369742604831528E+00 a       431     0    18     1     6
 -4.3238031562043941E+00 a       432     0    18     1     7
 -6.2771009621857257E+00 a       433     0    18     1     8
 -6.1255682328362306E+00 a       434     0    18     1     9
  3.9785166679474462E+00 a       435     0    18     1    10
 -1.0310593773502921E+01 a       436     0    18     1    11
 -6.6805421891795747E-01 a       437     0    18     1    12
 -5.3222516676321012E+00 a       438     0    18     1    13
 -8.3818437761697862E+00 a       439     0    18     1    14
 -6.6889720654619662E+00 a       440     0    18     1    15
 -8.5071958775954162E+00 a       441     0    18     1    16
 -3.0980708256651557E+00 a       442     0    18     1    17
 -1.4744516403185008E+01 a       443     0    18     1    18
 -3.9410938987439752E+00 a       444     0    18     1    19
 -6.3770446650185875E-01 a       445     0    18     1    20
 -1.3822856793069378E+00 a       446     0    18     1    21
  7.7173166829677236E+00 a       447     0    18     1    22
  2.2566833627220340E+00 a       448     0    18     1    23
 -1.6346067123304395E+00 a       449     0    18     1    24
 -5.5850369343277650E+00 a       450     0    18     1    25
  6.7427604274623498E-01 a       451     0    19     1     1
  9.3813873633089417E-01 a       452     0    19     1     2
  2.2209387022353388E-01 a       453     0    19     1     3
  8.1143856605575171E-01 a       454     0    19     1     4
  9.3611977347987474E-01 a       455     0    19     1     5
  1.8096213024026773E+00 a       456     0    19     1     6
 -1.6255741571801812E+00 a       457     0    19     1     7
 -1.7463440795177334E+00 a       458     0    19     1     8
  8.3864616516576718E-01 a       459     0    19     1     9
  4.1136818075617194E+00 a       460     0    19     1    10
 -2.6553964426266283E+00 a       461     0    19     1    11
 -1.0892064067978739E+00 a       462     0    19     1    12
 -2.9788162445911617E+00 a       463     0    19     1    13
  3.6626666586655099E+00 a       464     0    19     1    14
 -9.3107550618787127E-01 a       465     0    19     1    15
  1.8538328514330471E+00 a       466     0    19     1    16
 -8.7525425571630899E-01 a       467     0    19     1    17
  2.4379155767061160E+00 a       468     0    19     1    18
 -1.3522706111660820E+00 a       469     0    19     1    19
 -1.6181713050753832E-01 a       470     0    19     1    20
 -1.2572243221471342E+00 a       471     0    19     1    21
  3.8051338948927919E-02 a       472     0    19     1    22
 -6.5419907843968594E-01 a       473     0    19     1    23
 -1.7071286728791573E+00 a       474     0    19     1    24
 -6.5006644678428716E-01 a       475     0    19     1    25
 -1.4995940807936663E+00 a       476     0    20     1     1
 -1.5665509589761523E+01 a       477     0    20     1     2
  1.9319960506773207E+01 a       478     0    20     1     3
 -6.6944574880279415E+00 a       479     0    20     1     4
  1.7158730334249675E+01 a       480     0    20     1     5
 -7.9121175791034108E+00 a       481     0    20     1     6
  1.6018741939862821E+01 a       482     0    20     1     7
  7.8444297230273818E+00 a       483     0    20     1     8
  1.2319141992675377E+01 a       484     0    20     1     9
 -6.3872941900041775E+00 a       485     0    20     1    10
  1.1394139037203427E+01 a       486     0    20     1    11
 -1.0778743943819269E-01 a       487     0    20     1    12
  6.6485412948643559E+00 a       488     0    20     1    13
  8.2449918346352025E+00 a       489     0    20     1    14
  1.3598096775081745E+01 a       490     0    20     1    15
  1.4435997576286466E+01 a       491     0    20     1    16
  4.8763568325212603E+00 a       492     0    20     1    17
  3.9808217536792263E+00 a       493     0    20     1    18
  5.5508484274228715E+00 a       494     0    20     1    19
 -5.2901380235871329E+00 a       495     0    20     1    20
  4.2174668800701101E+00 a       496     0    20     1    21
 -1.6875665780518798E+01 a       497     0    20     1    22
  1.8864562991576344E+00 a       498     0    20     1    23
 -6.1134032257400968E+00 a       499     0    20     1    24
  1.5836576062012410E+01 a       500     0    20     1    25
 -1.5535998377957579E+01 a       501     0    21     1     1
  2.3670590482572362E+00 a       502     0    21     1     2
 -1.2640578666768172E+00 a       503     0    21     1     3
 -5.8792147691073404E-01 a       504     0    21     1     4
  8.4567328311147740E+00 a       505     0    21     1     5
 -2.4889081688785071E+00 a       506     0    21     1     6
 -2.9192473277195841E-01 a       507     0    21     1     7
 -1.6348954103183417E+00 a       508     0    21     1     8
  2.3025548549458463E+01 a       509     0    21     1     9
  4.7323521069743881E+00 a       510     0    21     1    10
 -6.2947693017971176E+00 a       511     0    21     1    11
  5.8816048124249543E-01 a       512     0    21     1    12
 -1.6809070948882368E+01 a       513     0    21     1    13
 -1.0431006147207846E+00 a       514     0    21     1    14
  2.1768507907443522E+00 a       515     0    21     1    15
  6.2668805212818341E+00 a       516     0    21     1    16
  2.4235531471126177E+00 a       517     0    21     1    17
 -2.2548221210254225E+00 a       518     0    21     1    18
 -5.4118287188996979E+00 a       519     0    21     1    19
  8.3266340533436001E+00 a       520     0    21     1    20
  3.2681287793784937E+00 a       521     0    21     1    21
  2.3234239024116796E-02 a       522     0    21     1    22
  1.1330464744299062E+01 a       523     0    21     1    23
 -2.3152886902114929E+01 a       524     0    21     1    24
 -1.4606100113188800E+01 a       525     0    21     1    25
  7.4718630521862792E+00 a       526     0    22     1     1
 -1.3943474052098370E+00 a       527     0    22     1     2
  1.3694661366024026E+00 a       528     0    22     1     3
 -4.6173475627737588E+00 a       529     0    22     1     4
 -1.6739392100627537E+00 a       530     0    22     1     5
 -8.9887062246914062E-01 a       531     0    22     1     6
 -9.8299645978743766E-01 a       532     0    22     1     7
 -5.3645600748632516E+00 a       533     0    22     1     8
 -6.9379679805685672E+00 a       534     0    22     1     9
  1.6079621729387714E+00 a       535     0    22     1    10
  4.5500589924374140E+00 a       536     0    22     1    11
  5.9871079412023880E+00 a       537     0    22     1    12
  1.5514119321156304E+01 a       538     0    22     1    13
 -5.8660776528879648E+00 a       539     0    22     1    14
 -2.9522288112652468E+00 a       540     0    22     1    15
 -1.1558130029015357E+01 a       541     0    22     1    16
  1.0287433724730985E+00 a       542     0    22     1    17
 -2.2822827204828551E+00 a       543     0    22     1    18
  1.1054307289125438E+01 a       544     0    22     1    19
 -5.6315320277582828E+00 a       545     0    22     1    20
  5.5395462008889034E+00 a       546     0    22     1    21
 -1.0984697465909949E+01 a       547     0    22     1    22
 -6.2575790945073999E+00 a       548     0    22     1    23
  1.2601088581973364E+01 a       549     0    22     1    24
  8.1050316980506221E+00 a       550     0    22     1    25
  1.8033307682178588E+01 a       551     0    23     1     1
 -1.4238373714801802E+00 a       552     0    23     1     2
 -1.0024684983936295E+01 a       553     0    23     1     3
  4.3584390971519760E+00 a       554     0    23     1     4
 -2.5104599778444786E+01 a       555     0    23     1     5
  1.0095490997418914E+01 a       556     0    23     1     6
  9.4631553391601333E+00 a       557     0    23     1     7
  1.1579787487023793E+01 a       558     0    23     1     8
 -1.4974516230805669E+01 a       559     0    23     1     9
 -3.4202334064300750E+00 a       560     0    23     1    10
 -2.4989387927286705E-01 a       561     0    23     1    11
 -1.1138209322553156E+01 a       562     0    23     1    12
  6.8519638439110042E-01 a       563     0    23     1    13
 -5.3429956694261826E-01 a       564     0    23     1    14
 -4.2148985726605144E+00 a       565     0    23     1    15
 -8.3111294648197376E+00 a       566     0    23     1    16
 -1.5929399897797012E+01 a       567     0    23     1    17
  2.9591931685830268E+01 a       568     0    23     1    18
 -4.0991314116317668E+00 a       569     0    23     1    19
 -5.9790599690775919E+00 a       570     0    23     1    20
 -1.0193691342416683E+01 a       571     0    23     1    21
  6.1517755376293515E-01 a       572     0    23     1    22
 -9.7261242478386958E+00 a       573     0    23     1    23
  1.9243413378765894E+01 a       574     0    23     1    24
  1.9547969260373785E+00 a       575     0    23     1    25
 -6.9294646860742830E+00 a       576     0    24     1     1
 -5.9110537060994188E+00 a       577     0    24     1     2
  2.6798821975575073E+00 a       578     0    24     1     3
 -5.2041070268472400E-01 a       579     0    24     1     4
  2.3107074116121078E+00 a       580     0    24     1     5
 -5.8592430638844730E+00 a       581     0    24     1     6
 -4.1812378204899385E+00 a       582     0    24     1     7
 -7.4714287302501594E+00 a       583     0    24     1     8
 -1.6281343389873366E+00 a       584     0    24     1     9
  7.5760859824595739E-01 a       585     0    24     1    10
  6.5462565095118164E+00 a       586     0    24     1    11
  1.5528212392908953E+00 a       587     0    24     1    12
 -7.7319021695727508E-01 a       588     0    24     1    13
  7.6956072454999092E+00 a       589     0    24     1    14
  9.1435303631901299E-01 a       590     0    24     1    15
 -1.7917611350506470E+00 a       591     0    24     1    16
 -2.2653302837273537E-01 a       592     0    24     1    17
 -2.6625573435769905E+00 a       593     0    24     1    18
 -4.8519515197419212E+00 a       594     0    24     1    19
  1.3380272232704804E+01 a       595     0    24     1    20
  4.6976089829307508E+00 a       596     0    24     1    21
  9.4599405570222004E+00 a       597     0    24     1    22
  3.5108595814586776E+00 a       598     0    24     1    23
 -1.6686339613799468E+00 a       599     0    24     1    24
 -4.1453382895962205E+00 a       600     0    24     1    25
  8.9437422122533530E+00 a       601     0    25     1     1
  9.0590182427633104E-01 a       602     0    25     1     2
  4.0851033266256795E+00 a       603     0    25     1     3
  1.1808690495245604E+00 a       604     0    25     1     4
  1.5797935118245854E-01 a       605     0    25     1     5
  4.1723355405172873E+00 a       606     0    25     1     6
 -3.0827636216876324E+00 a       607     0    25     1     7
  1.2129593031986099E+01 a       608     0    25     1     8
  3.3783137813233455E+00 a       609     0    25     1     9
 -5.7090624898217719E+00 a       610     0    25     1    10
 -2.4129801377390225E+00 a       611     0    25     1    11
 -1.2316038362400836E+00 a       612     0    25     1    12
 -2.2246535220263848E+00 a       613     0    25     1    13
  1.4835023704970700E+00 a       614     0    25     1    14
  3.4089862211147044E+00 a       615     0    25     1    15
  5.2106149932768515E+00 a       616     0    25     1    16
  6.3202726878544546E-01 a       617     0    25     1    17
  3.9452951817789623E+00 a       618     0    25     1    18
 -1.2578792796431837E+00 a       619     0    25     1    19
 -8.9379607891354258E+00 a       620     0    25     1    20
 -8.5478926318769819E+00 a       621     0    25     1    21
 -2.2113938709277390E+00 a       622     0    25     1    22
 -1.8402084140745492E+00 a       623     0    25     1    23
  3.0544154948812876E+00 a       624     0    25     1    24
  5.9931161412005309E+00 a       625     0    25     1    25
 -1.3933872372503462E+01 a       626     0    26     1     1
  1.1804800088176817E+01 a       627     0    26     1     2
 -2.8663002901423007E-01 a       628     0    26     1     3
 -9.9440226313010271E-01 a       629     0    26     1     4
  1.7903704958536728E+00 a       630     0    26     1     5
  1.6551111989652947E+00 a       631     0    26     1     6
 -1.2698461578256220E+01 a       632     0    26     1     7
 -5.4669446694597417E+00 a       633     0    26     1     8
  9.7163161005196450E+00 a       634     0    26     1     9
  3.0377772092232314E+00 a       635     0    26     1    10
 -6.6372942980140728E+00 a       636     0    26     1    11
  6.4553308715391573E+00 a       637     0    26     1    12
 -8.8674642327618720E+00 a       638     0    26     1    13
 -1.1172267962325111E+00 a       639     0    26     1    14
 -8.3471797818801718E+00 a       640     0    26     1    15
 -9.0439147506802553E-01 a       641     0    26     1    16
  1.3201567304192160E+01 a       642     0    26     1    17
 -1.5239474226180967E+01 a       643     0    26     1    18
  7.0724259421572544E+00 a       644     0    26     1    19
 -3.0850844102868522E+00 a       645     0    26     1    20
  2.1840503592942726E+00 a       646     0    26     1    21
  1.6711497524661820E+00 a       647     0    26     1    22
  2.8322166396388497E+00 a       648     0    26     1    23
 -1.2427552756689488E+01 a       649     0    26     1    24
 -2.2364331382828322E+00 a       650     0    26     1    25
  1.7178257571096012E+00 a       651     0    27     1     1
 -5.8950341947451557E-01 a       652     0    27     1     2
  2.2478731143702855E+00 a       653     0    27     1     3
 -7.9501297782778563E-02 a       654     0    27     1     4
  2.0033621587879380E+00 a       655     0    27     1     5
  1.2395914874772092E-01 a       656     0    27     1     6
 -2.9364953672703114E+00 a       657     0    27     1     7
  1.0449517475670422E+00 a       658     0    27     1     8
 -5.4931170021363220E+00 a       659     0    27     1     9
  1.6960708439410180E-02 a       660     0    27     1    10
 -9.5585702801475503E-01 a       661     0    27     1    11
 -2.7231361712673428E+00 a       662     0    27     1    12
  8.3374508086473653E-01 a       663     0    27     1    13
 -2.0422652388809293E+00 a       664     0    27     1    14
  1.2390925429782482E+00 a       665     0    27     1    15
  1.9521373083738380E-01 a       666     0    27     1    16
 -7.4970714586299971E+00 a       667     0    27     1    17
  9.0333485949529735E-01 a       668     0    27     1    18
 -1.3133559627818878E+00 a       669     0    27     1    19
  1.0919001521428810E-01 a       670     0    27     1    20
 -4.8524312254282181E-01 a       671     0    27     1    21
  8.3421853766716084E-02 a       672     0    27     1    22
  9.9909418258335336E-01 a       673     0    27     1    23
  2.6941072021273887E-01 a       674     0    27     1    24
 -7.8739538347555524E-02 a       675     0    27     1    25
 -5.2635894687595475E-01 b       676     1     1
  1.4698930020475329E+00 b       677     1     2
  7.8903693276972175E-01 b       678     1     3
 -9.0914766098123290E-01 b       679     1     4
 -2.1874691603459953E+00 b       680     1     5
  2.0056867247365191E+00 b       681     1     6
  5.4193657349317341E+00 b       682     1     7
  2.1287429929273366E-01 b       683     1     8
  2.5945538052517056E+00 b       684     1     9
 -1.0361066039121674E+00 b       685     1    10
 -7.4076504759290437E-02 b       686     1    11
  2.3221116308780041E+00 b       687     1    12
 -7.9442147394203955E-01 b       688     1    13
 -1.4383476855709838E+00 b       689     1    14
  7.3617657812044623E-01 b       690     1    15
 -2.0658784813247446E+00 b       691     1    16
 -2.1069247357773206E+00 b       692     1    17
  2.6267735407197462E-01 b       693     1    18
  5.9006670547140805E-01 b       694     1    19
  1.2692986373172385E-01 b       695     1    20
 -9.6048425931597148E-01 b       696     1    21
 -5.4951846667685667E-01 b       697     1    22
  4.2277291042133502E-01 b       698     1    23
 -1.3162868888717252E+00 b       699     1    24
 -1.2473971206405126E+00 b       700     1    25
 -4.1392092092889665E-01 a       701     1     1     2     1
  1.3564816797317764E-01 a       702     1     1     2     2
  9.6402834379774660E-01 a       703     1     1     2     3
  7.1295657297256509E-01 a       704     1     1     2     4
 -1.7871586833669870E+00 a       705     1     1     2     5
  4.1488956852375430E-01 a       706     1     1     2     6
  8.0754644443550250E-01 a       707     1     1     2     7
  2.5003634858805990E-01 a       708     1     1     2     8
 -5.5732184523303885E-01 a       709     1     1     2     9
  5.7995063767692222E-02 a       710     1     1     2    10
 -8.4565944259904924E-01 a       711     1     1     2    11
  2.3298721282787446E-01 a       712     1     1     2    12
 -2.5034805697595613E-01 a       713     1     1     2    13
 -2.6345226771251946E+00 a       714     1     1     2    14
  1.1952103879599016E+00 a       715     1     1     2    15
  1.5652563370152905E-01 a       716     1     1     2    16
  1.7292527025109394E+00 a       717     1     1     2    17
 -1.4357434541684416E-01 a       718     1     1     2    18
 -4.0188480498760792E-01 a       719     1     1     2    19
  2.9749699894245496E-01 a       720     1     1     2    20
 -1.8232832236475838E-01 a       721     1     1     2    21
  4.5196463642159823E-01 a       722     1     1     2    22
 -8.8832807157435453E-02 a       723     1     1     2    23
  3.3534368235757001E-01 a       724     1     1     2    24
  4.3828967611874625E-01 a       725     1     1     2    25
 -8.3141895610980299E-01 a       726     1     2     2     1
 -4.2920667815828917E-01 a       727     1     2     2     2
 -5.0472105538824152E+00 a       728     1     2     2     3
  1.7145976231465399E+00 a       729     1     2     2     4
  3.4266239351778203E+00 a       730     1     2     2     5
 -1.1757774626179569E+00 a       731     1     2     2     6
 -1.8408222945810502E+00 a       732     1     2     2     7
  3.2493211228267653E+00 a       733     1     2     2     8
 -6.7064937857026115E+00 a       734     1     2     2     9
 -1.4461301171496959E+00 a       735     1     2     2    10
 -2.1465757600029129E+00 a       736     1     2     2    11
  7.4685110537970223E-01 a       737     1     2     2    12
 -7.9658932929167114E-01 a       738     1     2     2    13
 -1.9165659499847432E-01 a       739     1     2     2    14
 -1.0210672360652815E+00 a       740     1     2     2    15
  1.1639366123050188E+00 a       741     1     2     2    16
  3.0500771151537942E-01 a       742     1     2     2    17
  3.2964628229865262E-02 a       743     1     2     2    18
  1.6667352355767979E+00 a       744     1     2     2    19
  1.2335290871386342E+00 a       745     1     2     2    20
 -6.2176244533504033E-01 a       746     1     2     2    21
  5.2812807437262070E-02 a       747     1     2     2    22
  8.2800845366378850E-01 a       748     1     2     2    23
 -3.4369616661667052E-01 a       749     1     2     2    24
 -9.7194774300796449E-01 a       750     1     2     2    25
 -2.6172785556719322E+00 a       751     1     3     2     1
  4.1996362227230644E-01 a       752     1     3     2     2
  1.1677616476241184E+00 a       753     1     3     2     3
 -9.3679154675238263E-01 a       754     1     3     2     4
 -1.0544076068845567E+00 a       755     1     3     2     5
  1.3518969161812728E+00 a       756     1     3     2     6
 -5.4390678048544638E-01 a       757     1     3     2     7
 -1.6307295969792721E-01 a       758     1     3     2     8
 -7.9543857823770936E-01 a       759     1     3     2     9
 -1.4416204716833317E-02 a       760     1     3     2    10
  3.0640724129631383E+00 a       761     1     3     2    11
 -1.1157131153768478E+00 a       762     1     3     2    12
 -4.1486126866342282E-01 a       763     1     3     2    13
 -4.7583472815380973E-01 a       764     1     3     2    14
 -1.8431572151078415E-01 a       765     1     3     2    15
 -5.7415391388345838E-01 a       766     1     3     2    16
 -8.9745713892277656E-01 a       767     1     3     2    17
 -9.2242046629910424E-01 a       768     1     3     2    18
 -2.6741551501658933E+00 a       769     1     3     2    19
 -1.9018020232234933E-01 a       770     1     3     2    20
  6.7647409856258733E-01 a       771     1     3     2    21
  5.8049590974385512E-01 a       772     1     3     2    22
  5.5636564823390411E-02 a       773     1     3     2    23
  1.3316621425606761E+00 a       774     1     3     2    24
  9.0432378715971917E-01 a       775     1     3     2    25
 -1.9534180247734629E+00 a       776     1     4     2     1
  2.1493218819720799E+00 a       777     1     4     2     2
 -4.6591611672008648E+00 a       778     1     4     2     3
 -9.4946146330093895E-01 a       779     1     4     2     4
 -4.4851232011141073E+00 a       780     1     4     2     5
  1.2005225631916567E+00 a       781     1     4     2     6
  1.3311053515839297E+00 a       782     1     4     2     7
 -4.8909828090901986E-01 a       783     1     4     2     8
  2.3920146631362235E-01 a       784     1     4     2     9
  5.7837397205876873E-01 a       785     1     4     2    10
  9.3215925350722562E-01 a       786     1     4     2    11
  7.5738056069947390E-01 a       787     1     4     2    12
  2.1456180851381068E-01 a       788     1     4     2    13
  6.4824097932451430E-01 a       789     1     4     2    14
 -1.5105228604183798E+00 a       790     1     4     2    15
 -2.6269579603499937E+00 a       791     1     4     2    16
 -2.2944042062907641E+00 a       792     1     4     2    17
 -4.2843061474950556E-01 a       793     1     4     2    18
 -2.9145224734090402E+00 a       794     1     4     2    19
  6.8564449187896906E-02 a       795     1     4     2    20
  1.2883098472459065E-01 a       796     1     4     2    21
 -1.2537710650046954E+00 a       797     1     4     2    22
  2.1924151278742801E+00 a       798     1     4     2    23
  5.2795462242150204E-01 a       799     1     4     2    24
 -4.2766513025565356E-01 a       800     1     4     2    25
 -7.8955022925492422E+00 a       801     1     5     2     1
  6.3301609581535190E-01 a       802     1     5     2     2
  6.7681433563295119E+00 a       803     1     5     2     3
 -1.8500346137521271E+00 a       804     1     5     2     4
 -4.4109736810059612E+00 a       805     1     5     2     5
  1.7814545362006440E+00 a       806     1     5     2     6
  3.2392492543852396E+00 a       807     1     5     2     7
 -4.6937777513477519E+00 a       808     1     5     2     8
  4.7353806717206370E-01 a       809     1     5     2     9
  7.5226217777718007E-01 a       810     1     5     2    10
  1.6777638035861431E+00 a       811     1     5     2    11
  1.0195234963394910E+00 a       812     1     5     2    12
 -7.2117384404517781E-01 a       813     1     5     2    13
  2.0650877166109836E+00 a       814     1     5     2    14
 -1.6962219647159495E+00 a       815     1     5     2    15
 -2.6983070643183424E+00 a       816     1     5     2    16
 -2.0921096100797865E+00 a       817     1     5     2    17
  1.1730885379166365E+00 a       818     1     5     2    18
  2.0918375845892925E+00 a       819     1     5     2    19
  3.2549124562553273E+00 a       820     1     5     2    20
 -5.2163224680971405E+00 a       821     1     5     2    21
 -1.9439839700181607E+00 a       822     1     5     2    22
  1.2272970491049551E-02 a       823     1     5     2    23
  1.1805257058448813E+00 a       824     1     5     2    24
  1.6648474311873127E-01 a       825     1     5     2    25
 -4.5081062843769759E-01 a       826     1     6     2     1
 -2.4165480224228122E+00 a       827     1     6     2     2
 -2.8019005941140831E+00 a       828     1     6     2     3
 -1.1988661013040676E+00 a       829     1     6     2     4
  1.9546612469119817E+00 a       830     1     6     2     5
  2.8008810210341974E+00 a       831     1     6     2     6
  6.7611488009821447E-02 a       832     1     6     2     7
 -5.7892294411574419E-01 a       833     1     6     2     8
 -5.3840727047648578E+00 a       834     1     6     2     9
 -1.5661996965559102E+00 a       835     1     6     2    10
  2.4446751323734710E+00 a       836     1     6     2    11
 -1.3330712354851091E+00 a       837     1     6     2    12
  1.2379657775571118E+00 a       838     1     6     2    13
 -1.8511635980109031E+00 a       839     1     6     2    14
 -1.9617298464015280E+00 a       840     1     6     2    15
  3.3757060147592077E-01 a       841     1     6     2    16
 -2.8879307277360815E+00 a       842     1     6     2    17
  5.8306638475424579E+00 a       843     1     6     2    18
  1.4842582963652606E-01 a       844     1     6     2    19
  9.9055534122086220E-01 a       845     1     6     2    20
  1.9460978962478874E+00 a       846     1     6     2    21
  1.5173296824084239E+00 a       847     1     6     2    22
 -4.0071972672851182E+00 a       848     1     6     2    23
  6.3507908098339594E-01 a       849     1     6     2    24
  1.0973894866784302E+00 a       850     1     6     2    25
 -2.1009385809023207E+00 a       851     1     7     2     1
 -2.6893702752711794E+00 a       852     1     7     2     2
 -3.7361322936463215E-01 a       853     1     7     2     3
 -6.5836026586342489E-01 a       854     1     7     2     4
 -6.2415280324915123E+00 a       855     1     7     2     5
 -1.9819029166582840E+00 a       856     1     7     2     6
  1.0746249206399130E+00 a       857     1     7     2     7
 -6.5769573956061791E+00 a       858     1     7     2     8
  1.7479932919409091E+00 a       859     1     7     2     9
 -3.6434911435628590E+00 a       860     1     7     2    10
  1.3444544162620668E+01 a       861     1     7     2    11
  4.0822911623002973E+00 a       862     1     7     2    12
  6.1533338840142782E-02 a       863     1     7     2    13
  1.8021905627671233E+00 a       864     1     7     2    14
 -3.0189568668036300E+00 a       865     1     7     2    15
 -7.4205992380104915E+00 a       866     1     7     2    16
 -6.2236869876368868E+00 a       867     1     7     2    17
 -8.2707692604572960E-02 a       868     1     7     2    18
 -8.3375315510203241E-01 a       869     1     7     2    19
  5.6669148804107570E+00 a       870     1     7     2    20
 -7.5156736532001416E+00 a       871     1     7     2    21
 -1.9354802895894765E+00 a       872     1     7     2    22
  5.7232281058579417E+00 a       873     1     7     2    23
  1.3665488542159845E-01 a       874     1     7     2    24
  7.3672189558111070E+00 a       875     1     7     2    25
  5.1586232567215018E-01 a       876     1     8     2     1
  3.9462747105778684E-01 a       877     1     8     2     2
 -2.4885057328011460E+00 a       878     1     8     2     3
 -1.4854594409134918E+00 a       879     1     8     2     4
 -1.8633123621680676E+00 a       880     1     8     2     5
  9.0079676446000356E-01 a       881     1     8     2     6
 -1.5512822811236268E-01 a       882     1     8     2     7
 -2.3050897616741792E-01 a       883     1     8     2     8
  1.3073025718290423E+00 a       884     1     8     2     9
  1.0182262644010298E-01 a       885     1     8     2    10
  1.3449101495921398E+00 a       886     1     8     2    11
  1.6583052213919042E-01 a       887     1     8     2    12
  6.6556789140015393E-01 a       888     1     8     2    13
  6.4977784605518929E-01 a       889     1     8     2    14
 -1.5996157879679156E+00 a       890     1     8     2    15
 -1.7367863042991840E+00 a       891     1     8     2    16
  1.8864698383383500E+00 a       892     1     8     2    17
 -1.2583100442288251E+00 a       893     1     8     2    18
  8.1382467272534426E-02 a       894     1     8     2    19
 -1.1575186701384323E+00 a       895     1     8     2    20
  1.0566357827159438E+00 a       896     1     8     2    21
 -7.3280311851723878E-01 a       897     1     8     2    22
 -1.1396222421912974E+00 a       898     1     8     2    23
  2.7411771032252907E-02 a       899     1     8     2    24
  3.9169119774508204E-01 a       900     1     8     2    25
  1.9428701155020480E+01 a       901     1     9     2     1
 -2.8750273636926005E-01 a       902     1     9     2     2
 -2.8305579537983494E+00 a       903     1     9     2     3
 -5.1237980929111560E-01 a       904     1     9     2     4
 -1.1197163017476730E-01 a       905     1     9     2     5
 -1.4484705244284377E+00 a       906     1     9     2     6
  3.4449934962946074E+00 a       907     1     9     2     7
 -4.0805733626143113E+00 a       908     1     9     2     8
  3.4304285967114756E-01 a       909     1     9     2     9
 -1.7089496779629247E+00 a       910     1     9     2    10
 -3.3273533930644966E-01 a       911     1     9     2    11
  2.3560123267232980E+00 a       912     1     9     2    12
 -1.2201466364604532E+00 a       913     1     9     2    13
  2.0401670041870998E+00 a       914     1     9     2    14
 -1.0344331592966997E+01 a       915     1     9     2    15
  6.7252600748861209E+00 a       916     1     9     2    16
 -6.7291577108129825E+00 a       917     1     9     2    17
 -1.0476354281403992E+01 a       918     1     9     2    18
 -1.3384015386296457E+00 a       919     1     9     2    19
  2.2832805338408240E+00 a       920     1     9     2    20
 -3.9895173049130115E+00 a       921     1     9     2    21
 -5.6826482683300772E-01 a       922     1     9     2    22
  3.9493414619495999E+00 a       923     1     9     2    23
  9.0701006945032547E-01 a       924     1     9     2    24
  7.2952650853375278E-01 a       925     1     9     2    25
  1.9861468646543665E+00 a       926     1    10     2     1
  3.7581644129155478E-01 a       927     1    10     2     2
 -4.1499226978328263E+00 a       928     1    10     2     3
 -7.5108288478068086E-01 a       929     1    10     2     4
  7.5085008672261122E-01 a       930     1    10     2     5
 -5.2201565308897510E-02 a       931     1    10     2     6
 -1.0230143319291065E+00 a       932     1    10     2     7
 -6.9946860248955112E-01 a       933     1    10     2     8
 -3.7653072412308699E+00 a       934     1    10     2     9
 -1.2117865762946733E-01 a       935     1    10     2    10
 -4.2901852304866228E+00 a       936     1    10     2    11
  7.1691967792857203E-01 a       937     1    10     2    12
  6.8024630678264530E-02 a       938     1    10     2    13
 -1.9529543051259987E-01 a       939     1    10     2    14
 -2.8525397273371809E+00 a       940     1    10     2    15
  2.5851930912683674E+00 a       941     1    10     2    16
 -4.8716977606853105E+00 a       942     1    10     2    17
  2.6762987883552447E+00 a       943     1    10     2    18
  3.7425939566099353E-01 a       944     1    10     2    19
 -1.8048456010186451E+00 a       945     1    10     2    20
  5.3516041196113850E-01 a       946     1    10     2    21
 -6.8244397243273469E-01 a       947     1    10     2    22
 -1.2694805874178756E+00 a       948     1    10     2    23
 -2.0077301775497962E+00 a       949     1    10     2    24
  1.6272349456055104E+00 a       950     1    10     2    25
  1.4023542848023001E+00 a       951     1    11     2     1
  4.3148005604397494E-01 a       952     1    11     2     2
  1.2007232823136211E+00 a       953     1    11     2     3
 -4.6908297451408892E-01 a       954     1    11     2     4
 -6.5959115200406659E-01 a       955     1    11     2     5
 -1.0528435989632587E+00 a       956     1    11     2     6
 -7.2166729549280528E-01 a       957     1    11     2     7
  1.7653637483970410E+00 a       958     1    11     2     8
  9.0502741886702309E-01 a       959     1    11     2     9
 -8.9907259539590056E-01 a       960     1    11     2    10
 -2.4078048098241803E-01 a       961     1    11     2    11
 -2.8230773310863422E-01 a       962     1    11     2    12
 -8.0816547195168995E-02 a       963     1    11     2    13
  5.7536231955492712E-01 a       964     1    11     2    14
  7.7885184963278387E-01 a       965     1    11     2    15
  1.8313652520854246E-01 a       966     1    11     2    16
  8.4189329122817769E-01 a       967     1    11     2    17
 -6.2137163531874851E-01 a       968     1    11     2    18
  5.1038320054928321E-01 a       969     1    11     2    19
  1.1332383576849976E+00 a       970     1    11     2    20
  5.8460062022979964E-01 a       971     1    11     2    21
  6.9256030356150367E-01 a       972     1    11     2    22
  5.2688073414880310E-01 a       973     1    11     2    23
 -5.6760836354087429E-01 a       974     1    11     2    24
  3.5939233102124979E-01 a       975     1    11     2    25
 -4.2848164751517670E+00 a       976     1    12     2     1
  1.0887659342186935E+00 a       977     1    12     2     2
 -8.0534691704085031E+00 a       978     1    12     2     3
  1.8390169563876776E-01 a       979     1    12     2     4
  4.1187094135532094E+00 a       980     1    12     2     5
 -1.2383279675330065E-02 a       981     1    12     2     6
 -3.4523623276063145E+00 a       982     1    12     2     7
  1.3848417833357700E+00 a       983     1    12     2     8
 -2.1322759401751190E-01 a       984     1    12     2     9
  8.4221686936406234E-02 a       985     1    12     2    10
  1.6210709258651999E+00 a       986     1    12     2    11
 -5.8182493316360762E-01 a       987     1    12     2    12
 -1.0800274016865803E+00 a       988     1    12     2    13
 -6.4611186681122729E-02 a       989     1    12     2    14
 -1.6202843418406573E+01 a       990     1    12     2    15
  1.2726490768421108E+00 a       991     1    12     2    16
 -4.1189268257740146E+00 a       992     1    12     2    17
  3.9151581462051654E-01 a       993     1    12     2    18
  2.4571978926116481E-01 a       994     1    12     2    19
 -8.0523074555077945E-01 a       995     1    12     2    20
  4.9694076183724768E-03 a       996     1    12     2    21
  3.2972629244460444E-01 a       997     1    12     2    22
 -1.6605841435383788E+00 a       998     1    12     2    23
 -2.7230040644401399E-01 a       999     1    12     2    24
 -2.8618848854840895E-01 a      1000     1    12     2    25
  1.8445015781079044E+00 a      1001     1    13     2     1
 -1.3925910625535582E+00 a      1002     1    13     2     2
 -4.5048214093730032E-01 a      1003     1    13     2     3
  8.1259350981182343E-01 a      1004     1    13     2     4
 -2.1102641500330352E+00 a      1005     1    13     2     5
 -1.5758088925456901E+00 a      1006     1    13     2     6
 -1.3013317099680091E-01 a      1007     1    13     2     7
 -9.4506187061796598E-01 a      1008     1    13     2     8
  2.4132605833462658E-03 a      1009     1    13     2     9
 -3.4344967338226077E-03 a      1010     1    13     2    10
  3.1116696688243323E-01 a      1011     1    13     2    11
 -7.8203658617639071E-01 a      1012     1    13     2    12
 -7.5411989398404389E-01 a      1013     1    13     2    13
 -1.7567598691841893E-01 a      1014     1    13     2    14
  8.1502396482123141E-01 a      1015     1    13     2    15
 -2.0977851280323784E-02 a      1016     1    13     2    16
 -4.2908681319753544E-01 a      1017     1    13     2    17
 -4.7833854867225263E+00 a      1018     1    13     2    18
  1.0645606762571289E+00 a      1019     1    13     2    19
  6.2841412513334038E-01 a      1020     1    13     2    20
 -1.2399428582594432E+00 a      1021     1    13     2    21
  2.2574128735909853E+00 a      1022     1    13     2    22
 -5.6825307122696878E-01 a      1023     1    13     2    23
  1.9267792404535200E+00 a      1024     1    13     2    24
 -1.1615464015876931E+00 a      1025     1    13     2    25
  5.2147398143691195E+00 a      1026     1    14     2     1
  1.3421883678462385E+00 a      1027     1    14     2     2
 -3.2814832433449830E+00 a      1028     1    14     2     3
 -1.1711775371167268E+00 a      1029     1    14     2     4
 -4.9765107382924203E+00 a      1030     1    14     2     5
  9.5059976929034362E-01 a      1031     1    14     2     6
 -1.1532896036061868E+00 a      1032     1    14     2     7
  7.7942144591514095E-01 a      1033     1    14     2     8
  1.8411644132248570E+00 a      1034     1    14     2     9
  8.0800680706694539E-01 a      1035     1    14     2    10
 -1.4881411824478497E+00 a      1036     1    14     2    11
 -6.6018733353544592E-02 a      1037     1    14     2    12
 -1.8437222263796391E+00 a      1038     1    14     2    13
  8.8650838076375776E-02 a      1039     1    14     2    14
 -5.3366221580062208E+00 a      1040     1    14     2    15
 -1.3569563898255044E+00 a      1041     1    14     2    16
  1.0787573319087884E+00 a      1042     1    14     2    17
 -1.1002186549214155E+00 a      1043     1    14     2    18
 -1.5996986404709852E+00 a      1044     1    14     2    19
 -9.8882571966266775E-01 a      1045     1    14     2    20
 -8.4588113269993315E-01 a      1046     1    14     2    21
 -5.0263600542032094E-01 a      1047     1    14     2    22
  7.1189545652288133E-01 a      1048     1    14     2    23
 -2.5959117567402261E+00 a      1049     1    14     2    24
 -1.0889398736173554E+00 a      1050     1    14     2    25
  1.6304524759502288E+00 a      1051     1    15     2     1
  5.6943948997734861E-01 a      1052     1    15     2     2
 -1.5783967054559576E+00 a      1053     1    15     2     3
  2.5224933293141022E-01 a      1054     1    15     2     4
 -3.8744997342030998E+00 a      1055     1    15     2     5
  1.1488465830371128E+00 a      1056     1    15     2     6
 -1.1988689313754324E+00 a      1057     1    15     2     7
 -1.2178386938937849E+00 a      1058     1    15     2     8
  8.2277095997039462E-01 a      1059     1    15     2     9
 -7.7897412371797792E-01 a      1060     1    15     2    10
 -4.1638062762286471E-01 a      1061     1    15     2    11
 -7.3893817061818734E-01 a      1062     1    15     2    12
 -2.9120049179024807E-02 a      1063     1    15     2    13
 -7.5222342788781549E-01 a      1064     1    15     2    14
 -2.1101342978681528E-01 a      1065     1    15     2    15
 -3.6192707125684603E-01 a      1066     1    15     2    16
 -8.3384269044497850E-01 a      1067     1    15     2    17
 -8.9219210067120158E-01 a      1068     1    15     2    18
 -1.7302749332243388E+00 a      1069     1    15     2    19
 -6.9926937137485601E-01 a      1070     1    15     2    20
  6.5496163388269035E-01 a      1071     1    15     2    21
  3.2945536860662522E-01 a      1072     1    15     2    22
  1.4360106880332946E-01 a      1073     1    15     2    23
  2.3495644654011039E+00 a      1074     1    15     2    24
 -8.2399708637023827E-01 a      1075     1    15     2    25
 -7.5489371746071363E+00 a      1076     1    16     2     1
  3.2728152983157495E+00 a      1077     1    16     2     2
 -5.7217277793349215E+00 a      1078     1    16     2     3
 -6.2354230321927027E+00 a      1079     1    16     2     4
 -2.2094371385418099E+00 a      1080     1    16     2     5
  4.3129708844294887E+00 a      1081     1    16     2     6
  5.6416956383204775E-01 a      1082     1    16     2     7
 -4.7304374966752212E+00 a      1083     1    16     2     8
  5.9079983404044556E-01 a      1084     1    16     2     9
 -7.7222034215556610E+00 a      1085     1    16     2    10
  3.9358781298002214E+00 a      1086     1    16     2    11
 -1.8914570195114219E-01 a      1087     1    16     2    12
  1.6082866232404358E+00 a      1088     1    16     2    13
 -1.3655305159222362E+00 a      1089     1    16     2    14
 -4.0865588938878048E+00 a      1090     1    16     2    15
 -5.5282732764417961E+00 a      1091     1    16     2    16
 -8.1649995680723144E+00 a      1092     1    16     2    17
  3.9885414192477335E+00 a      1093     1    16     2    18
 -8.8758679996854504E+00 a      1094     1    16     2    19
 -3.2443882380569398E+00 a      1095     1    16     2    20
  4.8007997701334606E+00 a      1096     1    16     2    21
 -7.3648422950486259E+00 a      1097     1    16     2    22
 -1.3525367842180345E+00 a      1098     1    16     2    23
 -2.3983087122140442E-01 a      1099     1    16     2    24
  1.9813421464489436E+00 a      1100     1    16     2    25
  8.3059973500701076E+00 a      1101     1    17     2     1
  2.0153547787270361E+00 a      1102     1    17     2     2
 -5.4761929528795212E+00 a      1103     1    17     2     3
  8.1832144808221063E-01 a      1104     1    17     2     4
  9.0551224130966368E+00 a      1105     1    17     2     5
 -8.1481440537317484E-01 a      1106     1    17     2     6
 -2.1486909988752232E+00 a      1107     1    17     2     7
  5.2257587125655034E+00 a      1108     1    17     2     8
  2.1662500899033295E+00 a      1109     1    17     2     9
  1.1535298989830713E+00 a      1110     1    17     2    10
  2.0484968093532552E+00 a      1111     1    17     2    11
  1.4569306712852224E-02 a      1112     1    17     2    12
 -2.8712675619604217E-01 a      1113     1    17     2    13
  1.6627137634470530E+00 a      1114     1    17     2    14
  6.8795449634536254E+00 a      1115     1    17     2    15
  4.3345552343955278E+00 a      1116     1    17     2    16
 -3.1941738092087126E+00 a      1117     1    17     2    17
  2.8437378996876683E+00 a      1118     1    17     2    18
  1.8301463726169762E+00 a      1119     1    17     2    19
  3.2463897170550871E+00 a      1120     1    17     2    20
  6.0035820779923998E-01 a      1121     1    17     2    21
 -4.0070460160742072E-01 a      1122     1    17     2    22
  2.9983467316299406E-01 a      1123     1    17     2    23
  1.2382723812984994E-01 a      1124     1    17     2    24
  8.3538172470083449E-01 a      1125     1    17     2    25
 -8.6812002259477317E-01 a      1126     1    18     2     1
 -1.0097092673383801E+00 a      1127     1    18     2     2
  8.8927782123692267E-01 a      1128     1    18     2     3
  1.3977450175987025E-01 a      1129     1    18     2     4
  2.6066922766091132E+00 a      1130     1    18     2     5
  2.0199124060065271E-01 a      1131     1    18     2     6
  6.4051847729483369E-01 a      1132     1    18     2     7
  1.3199708353234335E-01 a      1133     1    18     2     8
 -1.5999318277284966E+00 a      1134     1    18     2     9
  3.4476318700403508E-01 a      1135     1    18     2    10
  5.0666818017977400E-02 a      1136     1    18     2    11
 -6.3303595180842143E-01 a      1137     1    18     2    12
  5.3271813714335370E-01 a      1138     1    18     2    13
 -3.6512056133616860E-01 a      1139     1    18     2    14
 -1.6249885467610800E-01 a      1140     1    18     2    15
 -6.4444003276407713E-01 a      1141     1    18     2    16
 -1.3858178606869782E+00 a      1142     1    18     2    17
  7.1979592119987723E-01 a      1143     1    18     2    18
 -7.6562589684696158E-01 a      1144     1    18     2    19
  8.4102758041536413E-02 a      1145     1    18     2    20
  1.2290103932744725E+00 a      1146     1    18     2    21
  1.3070476422055179E+00 a      1147     1    18     2    22
  5.7171837042266616E-01 a      1148     1    18     2    23
 -1.3044991020229993E-01 a      1149     1    18     2    24
  2.8092975205759291E-01 a      1150     1    18     2    25
  9.9642645197829949E-01 a      1151     1    19     2     1
 -4.8721449138283759E-02 a      1152     1    19     2     2
  6.2334084974839792E+00 a      1153     1    19     2     3
  2.0265655637226726E-01 a      1154     1    19     2     4
  2.7547543785814304E+00 a      1155     1    19     2     5
 -9.2888542484149239E-01 a      1156     1    19     2     6
  3.2877043246383153E-01 a      1157     1    19     2     7
 -3.4170042053264177E-01 a      1158     1    19     2     8
  9.2473317756357543E-01 a      1159     1    19     2     9
  2.8784036095998433E-01 a      1160     1    19     2    10
  1.0927475681426310E-02 a      1161     1    19     2    11
 -8.5280360537532851E-01 a      1162     1    19     2    12
  4.9195971417360984E-02 a      1163     1    19     2    13
 -2.1565368485641087E-01 a      1164     1    19     2    14
  3.9279802133547372E+00 a      1165     1    19     2    15
  1.2811057604579008E+00 a      1166     1    19     2    16
  1.0578121648749541E+00 a      1167     1    19     2    17
  2.3294350861418134E+00 a      1168     1    19     2    18
  2.8064675793531522E+00 a      1169     1    19     2    19
 -7.4852870804733385E-01 a      1170     1    19     2    20
  9.8580275869955347E-01 a      1171     1    19     2    21
  1.5360742026478933E+00 a      1172     1    19     2    22
 -1.5826192814651299E+00 a      1173     1    19     2    23
 -1.1720859987640518E-01 a      1174     1    19     2    24
  2.8964612195360212E-01 a      1175     1    19     2    25
  6.1287040990039043E-01 a      1176     1    20     2     1
 -1.8317011142125106E-01 a      1177     1    20     2     2
 -6.7520775641838160E-01 a      1178     1    20     2     3
 -1.2611245328332921E+00 a      1179     1    20     2     4
 -3.5508693032405341E+00 a      1180     1    20     2     5
  3.0130028246827228E-01 a      1181     1    20     2     6
  4.7622393172087618E-01 a      1182     1    20     2     7
 -7.7182460176650336E-01 a      1183     1    20     2     8
  9.4290704829909056E-01 a      1184     1    20     2     9
 -2.0388511742296478E-01 a      1185     1    20     2    10
  6.2480467233644488E-01 a      1186     1    20     2    11
  3.5272912461089956E-01 a      1187     1    20     2    12
 -6.0878264583893393E-01 a      1188     1    20     2    13
  6.7474373808190646E-01 a      1189     1    20     2    14
  3.6056365465655147E+00 a      1190     1    20     2    15
 -1.2189901174006719E+00 a      1191     1    20     2    16
  5.1076511515980394E-01 a      1192     1    20     2    17
  7.8576604411051643E-01 a      1193     1    20     2    18
 -1.7370722469718272E+00 a      1194     1    20     2    19
 -2.2660189149550225E-01 a      1195     1    20     2    20
 -1.8374057719085324E-01 a      1196     1    20     2    21
  7.6616737229679999E-01 a      1197     1    20     2    22
 -8.4566137931595264E-01 a      1198     1    20     2    23
 -3.4578775182774640E-01 a      1199     1    20     2    24
  2.2940504702166784E+00 a      1200     1    20     2    25
  2.3936924207890815E+00 a      1201     1    21     2     1
  1.2905975965703749E+00 a      1202     1    21     2     2
  5.1346724833356152E+00 a      1203     1    21     2     3
  1.9899328443038875E+00 a      1204     1    21     2     4
  4.7631964180690417E-01 a      1205     1    21     2     5
 -2.1097856585495185E+00 a      1206     1    21     2     6
 -1.3161126247198890E-01 a      1207     1    21     2     7
  9.1271466958783110E-01 a      1208     1    21     2     8
 -3.9386905476224719E-02 a      1209     1    21     2     9
 -7.7238233929934119E-01 a      1210     1    21     2    10
 -7.7344508993805217E-01 a      1211     1    21     2    11
  3.0765101055538058E-01 a      1212     1    21     2    12
 -8.4051937062459170E-01 a      1213     1    21     2    13
  7.7947421143623996E-01 a      1214     1    21     2    14
  3.0504553404028392E+00 a      1215     1    21     2    15
  5.4200741898690130E-01 a      1216     1    21     2    16
  3.5163469444803148E+00 a      1217     1    21     2    17
  4.1124248752945081E-01 a      1218     1    21     2    18
  5.2433434086308728E-01 a      1219     1    21     2    19
 -5.6980619767238416E-01 a      1220     1    21     2    20
  1.5488788225375696E-01 a      1221     1    21     2    21
  6.0846224623609935E-01 a      1222     1    21     2    22
 -2.0403977746172730E-01 a      1223     1    21     2    23
  5.2007375390766920E-02 a      1224     1    21     2    24
  3.2548288685437449E-01 a      1225     1    21     2    25
 -6.0691112441187321E-02 a      1226     1    22     2     1
 -1.3438394039856305E+00 a      1227     1    22     2     2
 -3.0554068780755763E+00 a      1228     1    22     2     3
 -9.3350332479553266E-01 a      1229     1    22     2     4
 -1.1317372990647510E+00 a      1230     1    22     2     5
 -6.3864765181478966E-01 a      1231     1    22     2     6
  1.0255868354770057E+00 a      1232     1    22     2     7
  9.2602775842907559E-01 a      1233     1    22     2     8
  1.8654011891264644E-01 a      1234     1    22     2     9
  4.9168308041269378E-02 a      1235     1    22     2    10
  2.6042825720852676E+00 a      1236     1    22     2    11
 -1.3228884650363555E+00 a      1237     1    22     2    12
  1.7122932839264946E-02 a      1238     1    22     2    13
  1.1399472874377986E-01 a      1239     1    22     2    14
 -2.1769787496624704E+00 a      1240     1    22     2    15
 -1.8731325667408645E+00 a      1241     1    22     2    16
  8.3445162934361172E-01 a      1242     1    22     2    17
 -1.7750186771966261E+00 a      1243     1    22     2    18
 -3.2384123839012058E-01 a      1244     1    22     2    19
 -3.4100954789451528E-02 a      1245     1    22     2    20
 -6.5371239973117190E-01 a      1246     1    22     2    21
 -1.5616935141743200E+00 a      1247     1    22     2    22
  7.9261874032949842E-01 a      1248     1    22     2    23
  7.7471748571143217E-01 a      1249     1    22     2    24
 -3.6700580424220095E+00 a      1250     1    22     2    25
 -6.6292940247415488E-01 a      1251     1    23     2     1
 -1.7688288453071983E+00 a      1252     1    23     2     2
  1.0709873792335427E+00 a      1253     1    23     2     3
 -8.4452298264080927E-01 a      1254     1    23     2     4
 -2.9242818221779858E+00 a      1255     1    23     2     5
 -7.4814912618519636E-01 a      1256     1    23     2     6
  4.1781448863170562E-02 a      1257     1    23     2     7
 -4.9053440666514619E-01 a      1258     1    23     2     8
  1.0116254348159359E+00 a      1259     1    23     2     9
  1.6615719755836655E-01 a      1260     1    23     2    10
 -8.7082527521043751E-01 a      1261     1    23     2    11
  8.4222640722412978E-01 a      1262     1    23     2    12
  6.9066792996994419E-01 a      1263     1    23     2    13
  8.1017588335182877E-01 a      1264     1    23     2    14
 -1.1793966168474446E-01 a      1265     1    23     2    15
 -5.1994830199946473E-01 a      1266     1    23     2    16
 -1.5273776664813363E+00 a      1267     1    23     2    17
  1.2978328024228669E+00 a      1268     1    23     2    18
  7.4435858068278438E-01 a      1269     1    23     2    19
 -1.3361319660143698E+00 a      1270     1    23     2    20
  1.2026973635776166E+00 a      1271     1    23     2    21
 -7.6080495566271478E-01 a      1272     1    23     2    22
 -7.1002132558465181E-01 a      1273     1    23     2    23
 -1.2570852344979448E+00 a      1274     1    23     2    24
  4.9548960477602888E-01 a      1275     1    23     2    25
  2.8559107852114851E-01 a      1276     1    24     2     1
 -3.7617819831323673E-01 a      1277     1    24     2     2
 -1.5085697568523944E+00 a      1278     1    24     2     3
  1.5620449781341031E-01 a      1279     1    24     2     4
  1.2793011883561971E+00 a      1280     1    24     2     5
 -1.0692630917790335E-02 a      1281     1    24     2     6
  1.3166391872269658E+00 a      1282     1    24     2     7
  2.3912472011988134E-01 a      1283     1    24     2     8
 -2.9691169023185080E+00 a      1284     1    24     2     9
 -2.9164395557837559E+00 a      1285     1    24     2    10
  6.5664171188300369E-01 a      1286     1    24     2    11
 -5.6683948689202390E-01 a      1287     1    24     2    12
  9.3840690869200205E-01 a      1288     1    24     2    13
 -9.0178805731006950E-01 a      1289     1    24     2    14
 -2.9165318158243521E+00 a      1290     1    24     2    15
 -3.6389969426229157E-01 a      1291     1    24     2    16
  3.1196414158724957E+00 a      1292     1    24     2    17
  2.4856747070921941E+00 a      1293     1    24     2    18
 -6.8030507053183831E-01 a      1294     1    24     2    19
 -9.0210996270648658E-01 a      1295     1    24     2    20
  7.4924632623548693E-01 a      1296     1    24     2    21
  1.4151614664335512E+00 a      1297     1    24     2    22
 -7.1468811313951042E-01 a      1298     1    24     2    23
 -5.3679830282915952E-01 a      1299     1    24     2    24
  7.4293163777391613E-01 a      1300     1    24     2    25
  1.0962994947880480E+00 a      1301     1    25     2     1
 -8.7965109695229970E-01 a      1302     1    25     2     2
 -5.4213222980006681E-01 a      1303     1    25     2     3
  1.8902438499951280E+00 a      1304     1    25     2     4
  4.4279253089254595E+00 a      1305     1    25     2     5
 -2.2122861018130749E-01 a      1306     1    25     2     6
  6.2690200821728514E-01 a      1307     1    25     2     7
 -2.4734060228660937E+00 a      1308     1    25     2     8
  1.6636912456911372E+00 a      1309     1    25     2     9
  1.3403710915850070E-01 a      1310     1    25     2    10
  7.6469551153396720E-01 a      1311     1    25     2    11
 -1.5491076117700808E-01 a      1312     1    25     2    12
 -5.7500647423358742E-01 a      1313     1    25     2    13
 -1.7436016460445292E+00 a      1314     1    25     2    14
 -6.1164127473648244E-01 a      1315     1    25     2    15
 -4.3780860817859030E-01 a      1316     1    25     2    16
  2.0004604354248920E+00 a      1317     1    25     2    17
 -5.1282933567629529E-01 a      1318     1    25     2    18
  1.2722151837673510E+00 a      1319     1    25     2    19
 -9.0551116126206321E-01 a      1320     1    25     2    20
 -9.6844723687488574E-02 a      1321     1    25     2    21
  1.1618531136139740E+00 a      1322     1    25     2    22
 -4.6278553390850768E-01 a      1323     1    25     2    23
  2.7993154427262545E-01 a      1324     1    25     2    24
  4.4767278772187175E-01 a      1325     1    25     2    25
 -1.4159422832854414E+01 b      1326     2     1
  1.4152745480296240E+01 b      1327     2     2
  5.4740784553565787E+00 b      1328     2     3
 -4.9312821912357769E+00 b      1329     2     4
 -4.0170781177230772E+00 b      1330     2     5
  3.6746323864206771E+00 b      1331     2     6
  3.6449318969853852E+00 b      1332     2     7
  1.5103873054621848E+00 b      1333     2     8
  1.0362249207038802E+01 b      1334     2     9
 -2.3377197982888949E+00 b      1335     2    10
 -1.3116210913355305E+01 b      1336     2    11
 -3.6405005600927955E+00 b      1337     2    12
  1.9167447063405510E-01 b      1338     2    13
 -2.0914928455218673E+00 b      1339     2    14
  1.9241285603149176E+01 b      1340     2    15
 -7.0527249679742523E+00 b      1341     2    16
  9.2785975843616448E+00 b      1342     2    17
  8.0999848021436041E+00 b      1343     2    18
 -5.9359271926067683E+00 b      1344     2    19
 -8.5918600992322052E+00 b      1345     2    20
  6.2370305393776873E+00 b      1346     2    21
 -7.5144929793510373E+00 b      1347     2    22
 -3.1336423204662802E+00 b      1348     2    23
 -5.1816928668918152E+00 b      1349     2    24
 -7.1548050529694125E+00 b      1350     2    25
  2.0129544785780356E+00 a      1351     2     1     3     1
 -2.3067759309375946E+00 a      1352     2     2     3     1
 -4.2371754744998358E-01 a      1353     2     3     3     1
  1.8459381737691276E+00 a      1354     2     4     3     1
  5.0012218682284997E-02 a      1355     2     5     3     1
 -1.2609110434460655E+00 a      1356     2     6     3     1
  1.3580778712958776E+00 a      1357     2     7     3     1
  1.6281267536179775E+00 a      1358     2     8     3     1
  6.6227103698299228E-01 a      1359     2     9     3     1
  9.4248181855101105E+00 a      1360     2    10     3     1
 -6.2036624276140717E-01 a      1361     2    11     3     1
  1.7891675756518413E+00 a      1362     2    12     3     1
 -2.8177323135120576E+00 a      1363     2    13     3     1
  1.4554014565444664E+00 a      1364     2    14     3     1
  1.4157225685915438E+00 a      1365     2    15     3     1
 -5.5453654017495746E-01 a      1366     2    16     3     1
 -3.1116756603682239E-01 a      1367     2    17     3     1
 -4.3010578488980361E-01 a      1368     2    18     3     1
 -6.7496986789315039E-01 a      1369     2    19     3     1
  8.4055357859263091E-01 a      1370     2    20     3     1
 -1.5138345024815907E+00 a      1371     2    21     3     1
 -1.8429323116157763E+00 a      1372     2    22     3     1
 -1.3943055406282914E+00 a      1373     2    23     3     1
 -3.0972907339556839E+00 a      1374     2    24     3     1
 -4.7728668336776164E-01 a      1375     2    25     3     1
  7.5345836198461500E+00 b      1376     3     1
