################################################################################
# Neural network connection values (weights and biases).
################################################################################
# Col  Name       Description
################################################################################
# 1    connection Neural network connection value.
# 2    t          Connection type (a = weight, b = bias).
# 3    index      Index enumerating weights.
# 4    l_s        Starting point layer (end point layer for biases).
# 5    n_s        Starting point neuron in starting layer (end point neuron for biases).
# 6    l_e        End point layer.
# 7    n_e        End point neuron in end layer.
################################################################################
#                      1 2         3     4     5     6     7
#             connection t     index   l_s   n_s   l_e   n_e
############################################################
 -1.3579533059871329E+00 a         1     0     1     1     1
 -1.0270142525820705E+00 a         2     0     1     1     2
  7.6059182570761896E-01 a         3     0     1     1     3
  2.2236470657725857E-01 a         4     0     1     1     4
 -3.8566398157431792E-02 a         5     0     1     1     5
  2.9862291948442882E-01 a         6     0     1     1     6
  3.1318545547641169E-01 a         7     0     1     1     7
 -1.5988297714557185E+00 a         8     0     1     1     8
  1.2724570711276795E-01 a         9     0     1     1     9
  2.6381738234998131E-01 a        10     0     1     1    10
 -2.6763137941599534E-02 a        11     0     1     1    11
 -1.0234955022594629E-01 a        12     0     1     1    12
 -3.7565966844004972E-01 a        13     0     1     1    13
  1.3778496063099630E+00 a        14     0     1     1    14
 -7.9164887427893016E-01 a        15     0     1     1    15
  1.0380076236714839E+00 a        16     0     1     1    16
  1.4905037331079694E+00 a        17     0     1     1    17
  8.0314864288343546E-01 a        18     0     1     1    18
  8.0579523528468722E-01 a        19     0     1     1    19
 -1.2151222957934904E+00 a        20     0     1     1    20
 -7.3546966764841537E-01 a        21     0     1     1    21
 -1.2491799699253334E+00 a        22     0     1     1    22
  1.8013916923568937E-01 a        23     0     1     1    23
 -7.1908594492107791E-02 a        24     0     1     1    24
 -2.4144386249506156E-01 a        25     0     1     1    25
  1.9580363382997734E+00 a        26     0     2     1     1
 -1.7054276333917524E+00 a        27     0     2     1     2
 -6.2947609519212011E-01 a        28     0     2     1     3
  2.5657381959095421E-01 a        29     0     2     1     4
  3.5478089717920808E-01 a        30     0     2     1     5
 -1.1532661899873311E+00 a        31     0     2     1     6
 -4.8321860879869222E-01 a        32     0     2     1     7
  1.3346786647673037E+00 a        33     0     2     1     8
  2.3902986109278632E-01 a        34     0     2     1     9
  6.0734785190989092E-02 a        35     0     2     1    10
  7.9212947574471193E-01 a        36     0     2     1    11
 -1.5039838199368552E-01 a        37     0     2     1    12
  7.0897572159410574E-02 a        38     0     2     1    13
 -1.3746834517347228E+00 a        39     0     2     1    14
  4.0995913074676182E-01 a        40     0     2     1    15
 -7.9209759488593479E-01 a        41     0     2     1    16
 -3.4334827872267626E-01 a        42     0     2     1    17
 -6.8117205329419173E-01 a        43     0     2     1    18
 -1.6184267295701815E+00 a        44     0     2     1    19
 -1.9878901960054121E-01 a        45     0     2     1    20
  1.2702693383560040E-01 a        46     0     2     1    21
 -2.4744823207720310E-01 a        47     0     2     1    22
  2.3915158603540110E-01 a        48     0     2     1    23
  6.3452698343367009E-01 a        49     0     2     1    24
 -2.1701756137729070E-01 a        50     0     2     1    25
 -2.9893430977183999E-01 a        51     0     3     1     1
 -1.7224435543210750E-01 a        52     0     3     1     2
  5.3527038643161787E-02 a        53     0     3     1     3
  7.7551951916332462E-01 a        54     0     3     1     4
  7.6383914143427680E-03 a        55     0     3     1     5
 -3.6331823623896331E-01 a        56     0     3     1     6
  6.1919407458410103E-01 a        57     0     3     1     7
  2.2175010437554596E+00 a        58     0     3     1     8
 -3.0228645804321946E-01 a        59     0     3     1     9
  8.2612933256858545E-01 a        60     0     3     1    10
  6.3921683099827473E-02 a        61     0     3     1    11
  1.6498841269912204E-01 a        62     0     3     1    12
  1.0525000056463365E+00 a        63     0     3     1    13
 -1.2245716539657590E+00 a        64     0     3     1    14
 -8.3467647855453930E-01 a        65     0     3     1    15
 -7.9523852511553506E-01 a        66     0     3     1    16
 -1.0746666841483523E+00 a        67     0     3     1    17
 -5.7317237588863823E-01 a        68     0     3     1    18
 -1.0291495400878219E+00 a        69     0     3     1    19
  1.7032105744993339E-01 a        70     0     3     1    20
  1.0634829883996113E+00 a        71     0     3     1    21
  1.0886408982791251E-01 a        72     0     3     1    22
 -9.3449901190917850E-01 a        73     0     3     1    23
 -1.1270986497341273E+00 a        74     0     3     1    24
  6.6400456219116821E-01 a        75     0     3     1    25
 -1.0504186781582887E+00 a        76     0     4     1     1
 -2.8879224985431906E-01 a        77     0     4     1     2
  5.7483262111067490E-01 a        78     0     4     1     3
 -8.7626897823321503E-02 a        79     0     4     1     4
  2.7737537567748577E-01 a        80     0     4     1     5
  4.7043150487484720E-01 a        81     0     4     1     6
  8.7263204180344257E-03 a        82     0     4     1     7
 -1.1117058155656929E+00 a        83     0     4     1     8
  1.8129272143807310E-01 a        84     0     4     1     9
 -1.2169583630690741E+00 a        85     0     4     1    10
 -2.3890739128305058E-01 a        86     0     4     1    11
  3.2193459022192067E-01 a        87     0     4     1    12
 -1.3837157961296376E+00 a        88     0     4     1    13
  1.1529126030691934E+00 a        89     0     4     1    14
 -3.0249041191708925E-01 a        90     0     4     1    15
  1.0858068843707216E+00 a        91     0     4     1    16
 -1.6323373201988059E-01 a        92     0     4     1    17
 -4.1189041325466180E-01 a        93     0     4     1    18
  1.4573805867267720E+00 a        94     0     4     1    19
  1.7768798307930131E-01 a        95     0     4     1    20
  2.9170568331505059E-01 a        96     0     4     1    21
 -2.9861752108477713E-01 a        97     0     4     1    22
 -5.7298745035429188E-01 a        98     0     4     1    23
 -1.8728993493464774E-01 a        99     0     4     1    24
  3.1224697643204841E-01 a       100     0     4     1    25
 -5.7095461554537874E-01 a       101     0     5     1     1
  5.3666223806043323E-01 a       102     0     5     1     2
 -1.0077893436459565E-01 a       103     0     5     1     3
  3.3581225814531290E-01 a       104     0     5     1     4
  3.1382766959057690E-01 a       105     0     5     1     5
 -1.5994788063971410E-01 a       106     0     5     1     6
  2.4576867634938387E-01 a       107     0     5     1     7
  7.3866674686369593E-01 a       108     0     5     1     8
  6.9378054433217456E-02 a       109     0     5     1     9
  1.5242994727932152E-01 a       110     0     5     1    10
  2.8376692224057010E-01 a       111     0     5     1    11
  4.7553681244283516E-03 a       112     0     5     1    12
 -6.5132697077149790E-02 a       113     0     5     1    13
  2.8726291850258726E-02 a       114     0     5     1    14
  8.3031901207068742E-02 a       115     0     5     1    15
 -2.7522799434966594E-01 a       116     0     5     1    16
  2.4282946310436934E-01 a       117     0     5     1    17
 -5.6304692896249120E-01 a       118     0     5     1    18
  8.5679673598160222E-01 a       119     0     5     1    19
  8.2190078634159044E-02 a       120     0     5     1    20
  5.7163059522053861E-02 a       121     0     5     1    21
  1.5015254578380550E-02 a       122     0     5     1    22
  2.0858051025408361E-01 a       123     0     5     1    23
  6.5391552208133918E-01 a       124     0     5     1    24
 -1.0368553184411552E-01 a       125     0     5     1    25
 -4.2753940937922247E-01 a       126     0     6     1     1
  1.2552263449219858E-01 a       127     0     6     1     2
 -6.2437719602069697E-01 a       128     0     6     1     3
 -1.1882490779234797E-01 a       129     0     6     1     4
 -6.1527524219168050E-01 a       130     0     6     1     5
  5.9129881076193880E-01 a       131     0     6     1     6
 -3.3205712845897012E-01 a       132     0     6     1     7
 -4.5387189300805020E-01 a       133     0     6     1     8
  2.4048997508357089E-01 a       134     0     6     1     9
  2.7462429389539206E-01 a       135     0     6     1    10
 -8.1071244197358561E-01 a       136     0     6     1    11
 -2.7340743387086552E-01 a       137     0     6     1    12
  1.4877441894547212E+00 a       138     0     6     1    13
 -1.0947256789633363E-01 a       139     0     6     1    14
 -1.1760344080923094E-01 a       140     0     6     1    15
 -2.1792725245990383E-01 a       141     0     6     1    16
 -2.9123540299587081E-01 a       142     0     6     1    17
  9.9824109701897451E-02 a       143     0     6     1    18
  1.8229541801480803E-01 a       144     0     6     1    19
 -1.8523386401332009E-01 a       145     0     6     1    20
  5.7941533319532910E-03 a       146     0     6     1    21
  8.5917428432523302E-01 a       147     0     6     1    22
  6.2458830404522381E-01 a       148     0     6     1    23
 -4.8911533112428962E-01 a       149     0     6     1    24
  1.2652857756912803E-01 a       150     0     6     1    25
  3.6587681224027824E-01 a       151     0     7     1     1
  6.6602523558119645E-02 a       152     0     7     1     2
  3.6757191375078052E-01 a       153     0     7     1     3
 -3.4130559124099230E-01 a       154     0     7     1     4
  4.5258047005018048E-01 a       155     0     7     1     5
 -2.0220376079901761E-01 a       156     0     7     1     6
 -9.1593260037448920E-01 a       157     0     7     1     7
 -1.2548547554858536E+00 a       158     0     7     1     8
  5.6923165714514901E-01 a       159     0     7     1     9
  2.9927792394739217E-01 a       160     0     7     1    10
  8.8608965286937968E-01 a       161     0     7     1    11
 -2.4114979083756410E-01 a       162     0     7     1    12
 -1.3696130692843134E+00 a       163     0     7     1    13
  9.7728130923215739E-01 a       164     0     7     1    14
  5.8429762741565927E-01 a       165     0     7     1    15
 -1.5856058385090693E-01 a       166     0     7     1    16
  5.8758184133907565E-01 a       167     0     7     1    17
  1.0312585723175223E+00 a       168     0     7     1    18
 -5.7770445499908507E-01 a       169     0     7     1    19
 -5.4224655561622137E-01 a       170     0     7     1    20
 -1.3381197411978052E+00 a       171     0     7     1    21
 -7.3708778359928048E-02 a       172     0     7     1    22
  3.0030588354490428E-01 a       173     0     7     1    23
 -1.2386969704445018E-01 a       174     0     7     1    24
  1.5906931546603234E-02 a       175     0     7     1    25
  1.3919573087848069E+00 a       176     0     8     1     1
  7.2270337931329170E-02 a       177     0     8     1     2
  1.6870447319175186E-01 a       178     0     8     1     3
 -4.0097417460392352E-02 a       179     0     8     1     4
  4.3655550591559139E-01 a       180     0     8     1     5
  3.0099518074177423E-01 a       181     0     8     1     6
  3.2736193053054674E-01 a       182     0     8     1     7
 -5.0601090476576716E-01 a       183     0     8     1     8
 -6.2054417340934287E-01 a       184     0     8     1     9
 -5.2504595853587366E-01 a       185     0     8     1    10
  2.9566900145619798E-02 a       186     0     8     1    11
  1.1223022739372093E-01 a       187     0     8     1    12
  1.3875558166992650E+00 a       188     0     8     1    13
  6.5245301887158380E-01 a       189     0     8     1    14
  1.9792573178371828E-01 a       190     0     8     1    15
 -2.3366594759707357E-01 a       191     0     8     1    16
  5.0589813412675866E-01 a       192     0     8     1    17
  6.6117083732754867E-01 a       193     0     8     1    18
 -7.3715101614335277E-01 a       194     0     8     1    19
  3.5761310891615883E-01 a       195     0     8     1    20
 -1.9356775433426329E-01 a       196     0     8     1    21
 -3.5376090657819903E-01 a       197     0     8     1    22
  3.5690182056127207E-01 a       198     0     8     1    23
  6.9048783046880335E-01 a       199     0     8     1    24
 -1.4381721836112257E-01 a       200     0     8     1    25
 -4.9827819956153385E-01 a       201     0     9     1     1
 -6.2810224553952099E-01 a       202     0     9     1     2
  4.3792265630028226E-01 a       203     0     9     1     3
 -9.1116662773393831E-01 a       204     0     9     1     4
 -3.2360057784450941E-01 a       205     0     9     1     5
 -6.9423424015903412E-01 a       206     0     9     1     6
 -7.8056882459383037E-01 a       207     0     9     1     7
  4.3122431022166424E-01 a       208     0     9     1     8
 -3.4616821966702965E-01 a       209     0     9     1     9
 -6.6420329067050851E-02 a       210     0     9     1    10
 -2.4828772505566510E-01 a       211     0     9     1    11
  1.7389886594739692E-01 a       212     0     9     1    12
 -5.2352663705389924E-01 a       213     0     9     1    13
 -3.5090716231829766E-01 a       214     0     9     1    14
 -2.0792586087446208E-01 a       215     0     9     1    15
 -1.9109335415569834E-01 a       216     0     9     1    16
 -5.2445810054624675E-01 a       217     0     9     1    17
 -3.5470081017277877E-01 a       218     0     9     1    18
  2.0153916436071212E-01 a       219     0     9     1    19
 -3.0874318067861722E-01 a       220     0     9     1    20
  4.1101897559642275E-01 a       221     0     9     1    21
  9.3455245858879155E-02 a       222     0     9     1    22
 -2.5239968177380584E-01 a       223     0     9     1    23
 -2.7811641513244164E-02 a       224     0     9     1    24
 -5.1443323854784551E-01 a       225     0     9     1    25
 -3.5033354997157005E-02 a       226     0    10     1     1
 -1.0516378430578577E-01 a       227     0    10     1     2
 -7.2161830720467002E-01 a       228     0    10     1     3
 -1.3923286488900835E+00 a       229     0    10     1     4
 -1.3368824024067707E+00 a       230     0    10     1     5
 -3.2761181468299849E-01 a       231     0    10     1     6
  8.4284159134072956E-01 a       232     0    10     1     7
  4.9833192890291544E-01 a       233     0    10     1     8
 -1.4233669856002920E+00 a       234     0    10     1     9
  3.3528387972310719E-01 a       235     0    10     1    10
 -8.1217748797573175E-01 a       236     0    10     1    11
  6.1574569894145503E-01 a       237     0    10     1    12
 -2.8974103108670912E-01 a       238     0    10     1    13
 -9.1464956208442005E-01 a       239     0    10     1    14
 -5.2835602907223789E-01 a       240     0    10     1    15
  3.7817259727933639E-01 a       241     0    10     1    16
 -6.4005562090254819E-01 a       242     0    10     1    17
  1.3256108577616993E-01 a       243     0    10     1    18
 -3.7180233168066978E-01 a       244     0    10     1    19
  1.2880914214392869E+00 a       245     0    10     1    20
  5.5025636914711511E-02 a       246     0    10     1    21
  8.1858432609019149E-01 a       247     0    10     1    22
 -2.7055639628331579E-01 a       248     0    10     1    23
 -3.0588726680061779E-01 a       249     0    10     1    24
  3.1772661117719730E-02 a       250     0    10     1    25
 -5.4616625124345197E-01 a       251     0    11     1     1
  3.3558676102017354E-01 a       252     0    11     1     2
 -2.7540394895232423E-01 a       253     0    11     1     3
  9.0812229103043707E-02 a       254     0    11     1     4
 -2.2946752922333086E-01 a       255     0    11     1     5
  6.4386721191441731E-01 a       256     0    11     1     6
  1.5172943414395490E-01 a       257     0    11     1     7
 -9.0929284810136701E-01 a       258     0    11     1     8
  4.2663665138038331E-01 a       259     0    11     1     9
 -5.7767315084636228E-01 a       260     0    11     1    10
 -2.0040021353529130E-01 a       261     0    11     1    11
 -3.3968147531701581E-01 a       262     0    11     1    12
  1.2025602930376558E+00 a       263     0    11     1    13
  1.1115178025667638E+00 a       264     0    11     1    14
  8.0372040573300352E-01 a       265     0    11     1    15
 -1.1167171365941324E-01 a       266     0    11     1    16
 -7.1069663195442712E-01 a       267     0    11     1    17
 -2.3534083005931411E-01 a       268     0    11     1    18
 -9.0217017240107911E-01 a       269     0    11     1    19
  1.3768493537127244E+00 a       270     0    11     1    20
  1.1017551119451810E-01 a       271     0    11     1    21
 -1.0085435637288374E+00 a       272     0    11     1    22
  3.3541496428201895E-01 a       273     0    11     1    23
 -4.5380491025262287E-01 a       274     0    11     1    24
 -7.4720508872121694E-01 a       275     0    11     1    25
 -3.8852473240241531E-01 a       276     0    12     1     1
  1.6007019639423201E-01 a       277     0    12     1     2
  2.5121058699281706E-01 a       278     0    12     1     3
  1.5042958913033375E-01 a       279     0    12     1     4
  9.6017888740395285E-01 a       280     0    12     1     5
  2.8502762764125451E-02 a       281     0    12     1     6
 -3.9935225421433984E-01 a       282     0    12     1     7
 -3.9313060273531469E-01 a       283     0    12     1     8
  1.8486216027539524E+00 a       284     0    12     1     9
 -9.1694316052668678E-01 a       285     0    12     1    10
 -4.3163172398834593E-01 a       286     0    12     1    11
 -8.8230830051390718E-01 a       287     0    12     1    12
  4.4022594692636807E-01 a       288     0    12     1    13
  2.1851113376442030E-01 a       289     0    12     1    14
  2.0430132152157798E-01 a       290     0    12     1    15
 -1.1056206440600566E-01 a       291     0    12     1    16
  1.8785900644682466E-01 a       292     0    12     1    17
 -2.0007833087807891E-01 a       293     0    12     1    18
 -1.2780144753523640E-01 a       294     0    12     1    19
  1.7820522287434254E-01 a       295     0    12     1    20
  6.9648408045572444E-02 a       296     0    12     1    21
 -2.8147477588790509E-01 a       297     0    12     1    22
  5.1669055892075877E-01 a       298     0    12     1    23
 -4.1975073978740246E-01 a       299     0    12     1    24
 -5.9964067593520942E-01 a       300     0    12     1    25
  3.9243525392926620E-01 a       301     0    13     1     1
 -3.5485572196499870E-01 a       302     0    13     1     2
  2.7671106340426294E-01 a       303     0    13     1     3
  2.3229686498431826E-01 a       304     0    13     1     4
 -3.9871149461743097E-02 a       305     0    13     1     5
  1.1378828997380673E-01 a       306     0    13     1     6
  3.6872006397025459E-01 a       307     0    13     1     7
  5.2000326192039470E-01 a       308     0    13     1     8
 -8.4664954670012646E-04 a       309     0    13     1     9
  1.0359738185359282E+00 a       310     0    13     1    10
  1.7544452061564833E-01 a       311     0    13     1    11
  3.1537876599045014E-02 a       312     0    13     1    12
 -5.0860563259696978E-01 a       313     0    13     1    13
 -3.6181408043218471E-01 a       314     0    13     1    14
 -4.4247199511821178E-01 a       315     0    13     1    15
  2.9261186534311973E-01 a       316     0    13     1    16
  7.9372223249793183E-01 a       317     0    13     1    17
  3.2704952496016548E-01 a       318     0    13     1    18
  2.5703612455366409E-01 a       319     0    13     1    19
 -1.0429904483919785E+00 a       320     0    13     1    20
 -1.1873114164365710E-01 a       321     0    13     1    21
  4.8072492394479066E-01 a       322     0    13     1    22
 -4.0808098497410294E-01 a       323     0    13     1    23
  9.9352453042397121E-02 a       324     0    13     1    24
  1.1205357272383543E+00 a       325     0    13     1    25
 -5.2626995207731897E-01 a       326     0    14     1     1
  4.6853525976606064E-01 a       327     0    14     1     2
 -1.8949877490138967E-01 a       328     0    14     1     3
  4.2065400324537278E-01 a       329     0    14     1     4
 -1.1164111440734952E+00 a       330     0    14     1     5
 -1.0522108491491899E+00 a       331     0    14     1     6
 -5.7539868975744668E-01 a       332     0    14     1     7
  3.3266517249510813E-01 a       333     0    14     1     8
 -2.7937804106430479E+00 a       334     0    14     1     9
  1.5719141528173741E-01 a       335     0    14     1    10
  9.2172378028110596E-02 a       336     0    14     1    11
  2.0940766188824508E-01 a       337     0    14     1    12
 -3.2529324694833417E-01 a       338     0    14     1    13
 -2.1469055826815103E-01 a       339     0    14     1    14
  2.0140605146016122E-01 a       340     0    14     1    15
 -1.3308425499017493E-01 a       341     0    14     1    16
 -1.2750461746170846E-01 a       342     0    14     1    17
  4.5326015024632871E-01 a       343     0    14     1    18
  4.7393503739174786E-01 a       344     0    14     1    19
  5.3729125013382795E-01 a       345     0    14     1    20
 -2.6252300045510657E-01 a       346     0    14     1    21
 -3.5865289728287464E-01 a       347     0    14     1    22
 -3.2151110356744511E-01 a       348     0    14     1    23
 -2.9769671904419703E-01 a       349     0    14     1    24
 -4.9548728645791623E-01 a       350     0    14     1    25
  1.3193578917097776E-01 a       351     0    15     1     1
  5.6854907021075385E-01 a       352     0    15     1     2
 -3.9322694040274114E-01 a       353     0    15     1     3
  6.7609090141145869E-02 a       354     0    15     1     4
  7.0812566680051273E-02 a       355     0    15     1     5
  1.5453576545206604E-01 a       356     0    15     1     6
 -3.0090794634021478E-01 a       357     0    15     1     7
 -1.0603986760585386E-02 a       358     0    15     1     8
 -1.0102028364263076E-01 a       359     0    15     1     9
 -5.8295821933794523E-01 a       360     0    15     1    10
 -2.8159675590505839E-01 a       361     0    15     1    11
 -7.9613543433537037E-01 a       362     0    15     1    12
  5.6201850053867138E-02 a       363     0    15     1    13
  2.4966510846294404E-01 a       364     0    15     1    14
  1.2427373326370206E-01 a       365     0    15     1    15
  2.5344875400347899E-01 a       366     0    15     1    16
 -1.0368621750635770E-01 a       367     0    15     1    17
 -7.7984699599871476E-02 a       368     0    15     1    18
 -5.9433704983085887E-02 a       369     0    15     1    19
 -4.9608296247952419E-02 a       370     0    15     1    20
 -3.9251366044548031E-01 a       371     0    15     1    21
 -2.0975339090803144E-01 a       372     0    15     1    22
  9.7041986200250147E-02 a       373     0    15     1    23
 -2.5095070925320762E-01 a       374     0    15     1    24
 -1.3889050515992618E-01 a       375     0    15     1    25
  1.9417913120967167E-01 a       376     0    16     1     1
 -1.5635700514261772E-01 a       377     0    16     1     2
  2.2637881626831568E-02 a       378     0    16     1     3
  2.2881148676537210E-03 a       379     0    16     1     4
  1.7282850566183061E-01 a       380     0    16     1     5
  6.5650133522475895E-02 a       381     0    16     1     6
  6.7957952161029466E-03 a       382     0    16     1     7
 -7.1665340369167330E-02 a       383     0    16     1     8
  6.3832634265782850E-01 a       384     0    16     1     9
  2.6849108296869523E-01 a       385     0    16     1    10
 -1.0619137424294937E-02 a       386     0    16     1    11
  2.9121674096754613E-03 a       387     0    16     1    12
 -3.9846898849596107E-02 a       388     0    16     1    13
  1.4763119150976517E-01 a       389     0    16     1    14
 -1.3518851159668749E-01 a       390     0    16     1    15
  1.2272028381602394E-01 a       391     0    16     1    16
  1.9032738482933498E-01 a       392     0    16     1    17
 -1.2493804461329422E-01 a       393     0    16     1    18
 -1.5384931885942188E-01 a       394     0    16     1    19
  6.4590523044392167E-02 a       395     0    16     1    20
  1.0444890849627296E-01 a       396     0    16     1    21
 -1.1316032314077605E-01 a       397     0    16     1    22
  1.5561613501302338E-02 a       398     0    16     1    23
  1.3782864718658544E-03 a       399     0    16     1    24
  1.7373556091720180E-01 a       400     0    16     1    25
 -8.2831624370886925E-02 a       401     0    17     1     1
  5.5217699230792650E-01 a       402     0    17     1     2
 -2.4220492598528964E-01 a       403     0    17     1     3
  1.0473087416796703E+00 a       404     0    17     1     4
  2.7012374408039713E-01 a       405     0    17     1     5
  1.2995604957636431E-01 a       406     0    17     1     6
 -3.4945005390667788E-01 a       407     0    17     1     7
 -1.1699676136609180E-02 a       408     0    17     1     8
  3.9425265560851935E-01 a       409     0    17     1     9
  6.9659819417850510E-01 a       410     0    17     1    10
  4.2479203710013669E-01 a       411     0    17     1    11
  2.6651912725297427E-01 a       412     0    17     1    12
 -2.8358076133915278E-01 a       413     0    17     1    13
 -6.9522674745486934E-01 a       414     0    17     1    14
  1.1221454330560199E-01 a       415     0    17     1    15
  3.0648707190357188E-01 a       416     0    17     1    16
  3.6989505031555382E-02 a       417     0    17     1    17
  1.4006811993020046E-02 a       418     0    17     1    18
  7.7770769609849452E-03 a       419     0    17     1    19
  6.3542433762690975E-02 a       420     0    17     1    20
 -5.2920918651538940E-01 a       421     0    17     1    21
 -1.0571453869205825E+00 a       422     0    17     1    22
 -2.4464661961248227E-01 a       423     0    17     1    23
  4.4029070371454887E-01 a       424     0    17     1    24
  3.8518282271290138E-01 a       425     0    17     1    25
 -1.1500095578514360E+00 a       426     0    18     1     1
  3.4921800156052086E-03 a       427     0    18     1     2
 -2.3197770545961602E-01 a       428     0    18     1     3
 -2.8905028005100197E-01 a       429     0    18     1     4
  2.4957724384876347E-02 a       430     0    18     1     5
  1.0765929225507853E+00 a       431     0    18     1     6
  5.6204275045257501E-01 a       432     0    18     1     7
 -5.7705625637225455E-01 a       433     0    18     1     8
 -1.4307133400043293E+00 a       434     0    18     1     9
 -1.0484657977742293E+00 a       435     0    18     1    10
  1.1141565390193215E+00 a       436     0    18     1    11
  3.5177162257882599E-01 a       437     0    18     1    12
  2.7756492176970854E-01 a       438     0    18     1    13
  2.0294469813665150E-01 a       439     0    18     1    14
 -8.5271265852863021E-01 a       440     0    18     1    15
 -1.3682709472300976E+00 a       441     0    18     1    16
 -2.5867143547058186E-01 a       442     0    18     1    17
  1.3073439795153192E+00 a       443     0    18     1    18
 -2.5372882554746556E-01 a       444     0    18     1    19
  4.9418025875869326E-01 a       445     0    18     1    20
 -1.8454646261976033E+00 a       446     0    18     1    21
  5.1025758621461503E-01 a       447     0    18     1    22
  4.4156639539211212E-01 a       448     0    18     1    23
 -1.6455522219428889E-01 a       449     0    18     1    24
  4.1401156422217428E-01 a       450     0    18     1    25
 -8.9584122936037802E-01 a       451     0    19     1     1
  1.0771567624267899E+00 a       452     0    19     1     2
 -4.4796947802660421E-02 a       453     0    19     1     3
 -8.6704152226254411E-02 a       454     0    19     1     4
  3.6130416020001038E-01 a       455     0    19     1     5
  2.0793545615287065E-01 a       456     0    19     1     6
  4.9792230335415877E-01 a       457     0    19     1     7
  5.4942109606249422E-02 a       458     0    19     1     8
  6.0105021301541176E-02 a       459     0    19     1     9
 -7.1626151635873059E-01 a       460     0    19     1    10
  5.7249207865374040E-02 a       461     0    19     1    11
 -1.5313031419591172E-01 a       462     0    19     1    12
  7.7413946522795251E-03 a       463     0    19     1    13
 -3.6135456914517633E-01 a       464     0    19     1    14
  1.7834096725490181E-01 a       465     0    19     1    15
 -9.8292257688758461E-02 a       466     0    19     1    16
 -9.7229113647066184E-02 a       467     0    19     1    17
  8.6179982347193804E-02 a       468     0    19     1    18
  6.3940324838368864E-03 a       469     0    19     1    19
 -8.6012004003588560E-01 a       470     0    19     1    20
  2.3318004261341255E-01 a       471     0    19     1    21
  8.0331400305598932E-01 a       472     0    19     1    22
  1.5666019456539709E-01 a       473     0    19     1    23
 -2.6342504551056033E-02 a       474     0    19     1    24
  2.1295476745236985E-01 a       475     0    19     1    25
  1.1870044708456278E+00 a       476     0    20     1     1
 -1.0652961836047377E+00 a       477     0    20     1     2
  9.7909458189849019E-01 a       478     0    20     1     3
 -7.4103042093986549E-01 a       479     0    20     1     4
 -1.2175588844929448E+00 a       480     0    20     1     5
 -3.2178931557755752E-01 a       481     0    20     1     6
  1.1273199286617059E+00 a       482     0    20     1     7
  8.1233805040894058E-01 a       483     0    20     1     8
  3.5074436605774550E-01 a       484     0    20     1     9
  6.7188696896126687E-01 a       485     0    20     1    10
  6.6132334220442901E-02 a       486     0    20     1    11
  2.0009013051481329E-02 a       487     0    20     1    12
 -5.4807907447955173E-01 a       488     0    20     1    13
 -2.1665193970574350E+00 a       489     0    20     1    14
  9.8034853542345668E-01 a       490     0    20     1    15
  2.3685744869120775E+00 a       491     0    20     1    16
  9.2684740484690054E-01 a       492     0    20     1    17
 -1.9706020041901234E-01 a       493     0    20     1    18
 -8.3152485601507553E-01 a       494     0    20     1    19
  3.5861062214714884E-02 a       495     0    20     1    20
  2.2263269973623370E+00 a       496     0    20     1    21
 -6.9390083987321594E-01 a       497     0    20     1    22
  8.9865902907396678E-01 a       498     0    20     1    23
 -6.8570581658892271E-01 a       499     0    20     1    24
 -2.2136478207562940E+00 a       500     0    20     1    25
 -3.8252689562131642E-01 a       501     0    21     1     1
  1.4646675394833708E+00 a       502     0    21     1     2
  2.2724995457810395E-02 a       503     0    21     1     3
  9.4692176892952906E-01 a       504     0    21     1     4
  5.8458229868767553E-01 a       505     0    21     1     5
  3.2757845575707495E-01 a       506     0    21     1     6
 -8.4187231936909956E-01 a       507     0    21     1     7
  9.8479832175724213E-01 a       508     0    21     1     8
  5.9580688687423211E-01 a       509     0    21     1     9
 -2.1319619540988566E-01 a       510     0    21     1    10
  1.0318200430665438E+00 a       511     0    21     1    11
  1.8176434212142953E-01 a       512     0    21     1    12
  8.9394959206889379E-01 a       513     0    21     1    13
  6.8365305520382336E-01 a       514     0    21     1    14
 -1.2072099827179017E+00 a       515     0    21     1    15
 -7.1762418193743363E-02 a       516     0    21     1    16
  3.6545284233931036E-01 a       517     0    21     1    17
 -5.6791234096117371E-01 a       518     0    21     1    18
 -6.7458125694524163E-01 a       519     0    21     1    19
 -7.3616968878029043E-01 a       520     0    21     1    20
  1.4370611703447689E+00 a       521     0    21     1    21
  1.7556658977902455E+00 a       522     0    21     1    22
 -3.5454964397543764E-01 a       523     0    21     1    23
  1.9529350809030384E+00 a       524     0    21     1    24
 -8.0462862728712903E-01 a       525     0    21     1    25
  9.0602748899058494E-01 a       526     0    22     1     1
 -3.9192812799316257E-01 a       527     0    22     1     2
 -4.6856135696525186E-01 a       528     0    22     1     3
 -2.8084252032363360E-01 a       529     0    22     1     4
 -5.7663638468620526E-01 a       530     0    22     1     5
 -1.0106668144200781E+00 a       531     0    22     1     6
  3.2739551885861257E-01 a       532     0    22     1     7
  5.3757507119876391E-01 a       533     0    22     1     8
 -6.1687168141223969E-01 a       534     0    22     1     9
 -8.1374589604374359E-01 a       535     0    22     1    10
  7.9711933959111514E-01 a       536     0    22     1    11
 -5.2073819917995001E-01 a       537     0    22     1    12
 -4.2870929517216627E-01 a       538     0    22     1    13
  1.5116442069043015E+00 a       539     0    22     1    14
 -1.0736508771189250E+00 a       540     0    22     1    15
  1.0077030762983465E+00 a       541     0    22     1    16
 -4.3976459908784138E-01 a       542     0    22     1    17
  4.8456319563044442E-01 a       543     0    22     1    18
  1.1118607938179732E+00 a       544     0    22     1    19
  6.3852521464566858E-01 a       545     0    22     1    20
 -2.1045806648147111E-01 a       546     0    22     1    21
 -1.1529431633982230E+00 a       547     0    22     1    22
  2.2566083773602827E-01 a       548     0    22     1    23
 -1.9393287583177476E+00 a       549     0    22     1    24
 -5.6348659580128746E-01 a       550     0    22     1    25
  6.0845398286476268E-02 a       551     0    23     1     1
 -9.8452801740554918E-01 a       552     0    23     1     2
 -8.2906139761897890E-01 a       553     0    23     1     3
  5.6641951083104292E-01 a       554     0    23     1     4
 -1.5014475139453234E-01 a       555     0    23     1     5
 -3.2279819814889599E-01 a       556     0    23     1     6
 -1.9777678406424654E-01 a       557     0    23     1     7
 -1.5107135652677832E+00 a       558     0    23     1     8
 -4.4880197987930476E-01 a       559     0    23     1     9
 -1.0000485138579436E+00 a       560     0    23     1    10
 -1.2854182544275174E+00 a       561     0    23     1    11
 -8.0087399601310982E-01 a       562     0    23     1    12
 -6.4895795693576330E-01 a       563     0    23     1    13
  1.3193030575005016E-01 a       564     0    23     1    14
  1.0408820187943368E+00 a       565     0    23     1    15
 -1.1603770476445716E+00 a       566     0    23     1    16
 -5.6520827223661629E-01 a       567     0    23     1    17
 -1.7450316243417099E-01 a       568     0    23     1    18
  1.6803299736747510E+00 a       569     0    23     1    19
 -3.6050575561586640E-01 a       570     0    23     1    20
 -8.1041260662956394E-01 a       571     0    23     1    21
 -1.1428715745489195E+00 a       572     0    23     1    22
 -6.6740020265777900E-01 a       573     0    23     1    23
  1.1896222269401507E-01 a       574     0    23     1    24
  2.7413807828338186E+00 a       575     0    23     1    25
  6.2095119608672666E-01 a       576     0    24     1     1
  1.7382455103691035E+00 a       577     0    24     1     2
  1.4841106594222236E-01 a       578     0    24     1     3
  4.5345156365442807E-01 a       579     0    24     1     4
  2.8870946039653811E-01 a       580     0    24     1     5
 -3.0035130404674304E-01 a       581     0    24     1     6
 -1.2682809383752376E+00 a       582     0    24     1     7
 -7.5598289275390140E-02 a       583     0    24     1     8
  4.0009461207067865E-01 a       584     0    24     1     9
  3.1519059479765871E-01 a       585     0    24     1    10
 -8.6168798397562618E-01 a       586     0    24     1    11
 -1.1793943487420775E-02 a       587     0    24     1    12
  3.9557439008041773E-01 a       588     0    24     1    13
  7.8966691528014421E-01 a       589     0    24     1    14
  6.2841867780131777E-01 a       590     0    24     1    15
  8.1800694400757504E-02 a       591     0    24     1    16
 -2.6804077238395344E-02 a       592     0    24     1    17
 -1.5859740812831209E+00 a       593     0    24     1    18
 -9.4555025637355838E-01 a       594     0    24     1    19
  2.6086849427095482E-01 a       595     0    24     1    20
 -7.4242655447526462E-01 a       596     0    24     1    21
 -9.0536903527014367E-01 a       597     0    24     1    22
  2.8891036575718221E-01 a       598     0    24     1    23
  4.0827073632202310E-01 a       599     0    24     1    24
 -2.1577757850458429E-01 a       600     0    24     1    25
  1.0241237150750919E+00 a       601     0    25     1     1
 -3.4880309058354753E-01 a       602     0    25     1     2
  6.2187962580406266E-03 a       603     0    25     1     3
 -1.0994715928701032E-01 a       604     0    25     1     4
  4.2463472621713438E-01 a       605     0    25     1     5
 -7.8661831515230443E-02 a       606     0    25     1     6
  1.7158197267933368E+00 a       607     0    25     1     7
 -4.6745530343869157E-01 a       608     0    25     1     8
  8.6605379973856933E-01 a       609     0    25     1     9
  2.3845317158496724E+00 a       610     0    25     1    10
  3.9243816130215192E-01 a       611     0    25     1    11
  5.7998096050459336E-01 a       612     0    25     1    12
 -3.5422246555443349E-01 a       613     0    25     1    13
 -8.1681557231338897E-01 a       614     0    25     1    14
  9.6569205994189930E-02 a       615     0    25     1    15
  6.7072652275150108E-02 a       616     0    25     1    16
  6.8452445525489444E-02 a       617     0    25     1    17
 -3.7961892892883820E-01 a       618     0    25     1    18
  5.4572439543434270E-02 a       619     0    25     1    19
 -7.3357749604053624E-01 a       620     0    25     1    20
 -1.9687272127723476E-01 a       621     0    25     1    21
 -7.9778685663085402E-01 a       622     0    25     1    22
  8.6128164186215370E-02 a       623     0    25     1    23
  3.0824128527991895E-01 a       624     0    25     1    24
  1.3938839805539913E+00 a       625     0    25     1    25
 -6.6081519100274200E-01 a       626     0    26     1     1
 -4.3048161798489465E-01 a       627     0    26     1     2
  2.8574504039122117E-01 a       628     0    26     1     3
 -1.4656103387512804E+00 a       629     0    26     1     4
  6.8208049493396661E-01 a       630     0    26     1     5
  1.2225038768975975E+00 a       631     0    26     1     6
  1.3103332266691414E-01 a       632     0    26     1     7
  1.6443221997286361E-01 a       633     0    26     1     8
  1.2265652745410591E+00 a       634     0    26     1     9
 -9.7172024915788496E-02 a       635     0    26     1    10
  1.0697373566699222E+00 a       636     0    26     1    11
  2.6976007341771224E-01 a       637     0    26     1    12
  8.5498905752689069E-01 a       638     0    26     1    13
 -8.5688659170737105E-02 a       639     0    26     1    14
 -1.1169631326656608E-01 a       640     0    26     1    15
 -2.1274818230302625E-02 a       641     0    26     1    16
  4.7902304603792134E-01 a       642     0    26     1    17
 -2.4101759151278002E-01 a       643     0    26     1    18
 -3.1246543346166472E-01 a       644     0    26     1    19
  6.9699046076010973E-01 a       645     0    26     1    20
 -5.7272413920861565E-01 a       646     0    26     1    21
  2.3284071644962561E+00 a       647     0    26     1    22
 -3.7011411356998758E-02 a       648     0    26     1    23
  2.0656494139659387E-01 a       649     0    26     1    24
 -6.3733438467008330E-01 a       650     0    26     1    25
 -1.2334734177803126E-01 a       651     0    27     1     1
 -8.0669485693745643E-02 a       652     0    27     1     2
  2.1943134057590735E-01 a       653     0    27     1     3
  8.6657212278099222E-02 a       654     0    27     1     4
 -1.2686699899175675E+00 a       655     0    27     1     5
 -1.3981140320213470E-01 a       656     0    27     1     6
 -1.1527049837495815E-01 a       657     0    27     1     7
  2.9900537992681303E-02 a       658     0    27     1     8
 -1.6689090139893217E+00 a       659     0    27     1     9
 -2.1511367460624489E-01 a       660     0    27     1    10
  1.6795251448002715E-01 a       661     0    27     1    11
 -1.8922429379119136E-03 a       662     0    27     1    12
  6.0143532350538681E-02 a       663     0    27     1    13
 -5.0767221034866930E-02 a       664     0    27     1    14
 -5.2276858858302860E-03 a       665     0    27     1    15
 -1.7396606940853651E-01 a       666     0    27     1    16
 -4.2328052798838567E-01 a       667     0    27     1    17
  2.0517614237308235E-01 a       668     0    27     1    18
  1.8214284474201192E-01 a       669     0    27     1    19
 -1.1469200348015091E-01 a       670     0    27     1    20
  8.1724801265483649E-02 a       671     0    27     1    21
 -1.1181765460242663E-02 a       672     0    27     1    22
  1.8081826670704049E-01 a       673     0    27     1    23
 -1.6606898792799046E-01 a       674     0    27     1    24
 -5.3748077648018075E-02 a       675     0    27     1    25
  1.3434469535736722E+00 a       676     0    28     1     1
 -1.8855276196973297E-01 a       677     0    28     1     2
  3.8598239231908325E-02 a       678     0    28     1     3
  2.9062045598419350E-01 a       679     0    28     1     4
 -3.6314979984265520E-02 a       680     0    28     1     5
 -6.9355423774434655E-02 a       681     0    28     1     6
 -8.0191901037035218E-02 a       682     0    28     1     7
 -5.4174372242652580E-01 a       683     0    28     1     8
  2.0091357113879330E-01 a       684     0    28     1     9
 -9.0558583890077693E-01 a       685     0    28     1    10
 -4.7230055849856672E-01 a       686     0    28     1    11
  2.3052008800843082E-01 a       687     0    28     1    12
 -9.1170449950873989E-01 a       688     0    28     1    13
 -1.3980765244861042E+00 a       689     0    28     1    14
 -2.1731505624604761E-01 a       690     0    28     1    15
  6.6748321606519820E-02 a       691     0    28     1    16
  7.4649516514456771E-01 a       692     0    28     1    17
  1.2944780224745778E-01 a       693     0    28     1    18
 -8.5771566845059440E-03 a       694     0    28     1    19
  1.2088172880496888E-01 a       695     0    28     1    20
  1.4467569083429266E-01 a       696     0    28     1    21
  1.0049838024522839E+00 a       697     0    28     1    22
 -5.9363841658796179E-01 a       698     0    28     1    23
  1.3398260922392360E-01 a       699     0    28     1    24
 -4.5948038010524206E-01 a       700     0    28     1    25
 -8.8050655268953282E-01 b       701     1     1
 -1.8592875342688746E+00 b       702     1     2
 -8.4126131766380285E-01 b       703     1     3
  1.0811373049187956E+00 b       704     1     4
 -1.2881379044384997E+00 b       705     1     5
  7.8516355428296336E-01 b       706     1     6
  1.6916943225583025E-01 b       707     1     7
 -7.4776358087697004E-02 b       708     1     8
 -1.2953617910543067E+00 b       709     1     9
 -3.3750687560724513E-01 b       710     1    10
  1.3476720198559462E+00 b       711     1    11
  1.1738519531126506E+00 b       712     1    12
 -3.0051577129172249E-02 b       713     1    13
  6.1984489285356315E-01 b       714     1    14
 -5.8757073015285766E-01 b       715     1    15
  3.4467381676780195E-01 b       716     1    16
  1.7534858011314955E-01 b       717     1    17
 -8.3359506541083972E-01 b       718     1    18
 -9.5608925629552075E-02 b       719     1    19
  4.4848450869021478E-01 b       720     1    20
 -1.2587875070842895E+00 b       721     1    21
 -7.4912037634353101E-01 b       722     1    22
  8.8608782911161488E-01 b       723     1    23
 -4.4237055500527350E-01 b       724     1    24
  2.9383689942785685E-01 b       725     1    25
 -1.2119508086483242E-02 a       726     1     1     2     1
 -5.3277597232751794E-01 a       727     1     1     2     2
  1.4938082577449027E-01 a       728     1     1     2     3
  8.5621093118373320E-02 a       729     1     1     2     4
 -5.4487337469785690E-01 a       730     1     1     2     5
 -4.2501001465769422E-01 a       731     1     1     2     6
  1.3755331115859379E-01 a       732     1     1     2     7
  2.3355126047434341E-01 a       733     1     1     2     8
 -1.6728233075994182E-02 a       734     1     1     2     9
  1.5880016727921775E-01 a       735     1     1     2    10
 -9.7103630286750776E-03 a       736     1     1     2    11
 -2.2975593934735011E-01 a       737     1     1     2    12
 -1.7424467759493378E-01 a       738     1     1     2    13
 -4.5780296106335749E-01 a       739     1     1     2    14
  6.2274224797754615E-02 a       740     1     1     2    15
  6.0018880858188550E-01 a       741     1     1     2    16
  9.6654631933733082E-02 a       742     1     1     2    17
  1.8875878431180160E-01 a       743     1     1     2    18
  1.9957926833298587E-01 a       744     1     1     2    19
  2.7595184638823961E-01 a       745     1     1     2    20
 -8.0786186055866765E-02 a       746     1     1     2    21
 -1.2261557573728479E-01 a       747     1     1     2    22
 -1.0373945256267983E-01 a       748     1     1     2    23
 -3.5621299094373032E-02 a       749     1     1     2    24
 -1.5357828595206099E-01 a       750     1     1     2    25
 -8.9043413125545512E-01 a       751     1     2     2     1
 -4.6927471596428999E-01 a       752     1     2     2     2
 -4.7131640076921605E-01 a       753     1     2     2     3
 -4.6226768264787188E-01 a       754     1     2     2     4
  5.4664895191883583E-02 a       755     1     2     2     5
 -4.4362956770448275E-01 a       756     1     2     2     6
  6.8599016241626132E-01 a       757     1     2     2     7
  3.7182336630057551E-02 a       758     1     2     2     8
  2.6142547284299827E-01 a       759     1     2     2     9
 -7.5417460768864319E-01 a       760     1     2     2    10
 -2.6289238202070117E-02 a       761     1     2     2    11
  9.2778242833522151E-02 a       762     1     2     2    12
  1.1286804384459657E-01 a       763     1     2     2    13
 -2.1909382125712704E-01 a       764     1     2     2    14
 -1.9571792266494159E-01 a       765     1     2     2    15
 -4.9474701419039235E-01 a       766     1     2     2    16
 -3.6892185676698908E-01 a       767     1     2     2    17
  4.1234898816067828E-01 a       768     1     2     2    18
 -3.6065705849935009E-01 a       769     1     2     2    19
  1.1942704400241029E-01 a       770     1     2     2    20
  7.1016772704251231E-03 a       771     1     2     2    21
  2.2088165828977027E-01 a       772     1     2     2    22
  1.9554323235407550E-01 a       773     1     2     2    23
 -1.0516470070663315E-01 a       774     1     2     2    24
  8.0020086976061533E-01 a       775     1     2     2    25
  1.6926739091634255E-01 a       776     1     3     2     1
  2.7563956206283985E-01 a       777     1     3     2     2
  4.4981125418226992E-01 a       778     1     3     2     3
 -2.2772591250941634E-01 a       779     1     3     2     4
  5.2877308695856851E-01 a       780     1     3     2     5
  3.0797523369446656E-03 a       781     1     3     2     6
 -2.9505739186217089E-01 a       782     1     3     2     7
  3.4235242584890885E-01 a       783     1     3     2     8
  5.1575929977166068E-01 a       784     1     3     2     9
 -1.9255395443799875E-01 a       785     1     3     2    10
 -1.0032239132467645E-01 a       786     1     3     2    11
  1.4703121317310328E+00 a       787     1     3     2    12
 -1.5400845894367282E-01 a       788     1     3     2    13
  9.4949746494768428E-01 a       789     1     3     2    14
 -1.7667953362265478E-02 a       790     1     3     2    15
  5.5957918332895518E-01 a       791     1     3     2    16
  2.2561049300183680E-02 a       792     1     3     2    17
 -4.7358303359564043E-02 a       793     1     3     2    18
  5.4759800792580304E-01 a       794     1     3     2    19
  5.1971752045574873E-02 a       795     1     3     2    20
  1.8614123342903433E-01 a       796     1     3     2    21
 -1.8894958089173966E-01 a       797     1     3     2    22
  3.9787790673134793E-01 a       798     1     3     2    23
 -4.2129154048315393E-01 a       799     1     3     2    24
 -3.5282333657545567E-01 a       800     1     3     2    25
 -9.3497439318822173E-01 a       801     1     4     2     1
 -1.7491220623508341E+00 a       802     1     4     2     2
 -8.5259886270864516E-01 a       803     1     4     2     3
 -4.1546502898942356E-01 a       804     1     4     2     4
  2.5419250835521889E-01 a       805     1     4     2     5
 -5.5668986346483649E-03 a       806     1     4     2     6
  8.6276869742796947E-01 a       807     1     4     2     7
 -9.9149418429151662E-02 a       808     1     4     2     8
 -1.8873017510373435E-01 a       809     1     4     2     9
 -9.8752294306311203E-02 a       810     1     4     2    10
  3.2206624048617311E-01 a       811     1     4     2    11
 -4.7682237092548302E-01 a       812     1     4     2    12
  4.2906010162460018E-01 a       813     1     4     2    13
  7.4814479951645274E-01 a       814     1     4     2    14
 -3.9400117635496175E-02 a       815     1     4     2    15
 -4.2726916664652453E-01 a       816     1     4     2    16
  1.2989115050153757E-02 a       817     1     4     2    17
 -7.4451041952081709E-01 a       818     1     4     2    18
 -7.5192939986580487E-01 a       819     1     4     2    19
  4.0080839469216001E-01 a       820     1     4     2    20
 -1.3677652960075171E-01 a       821     1     4     2    21
 -7.3023981721601185E-03 a       822     1     4     2    22
 -5.2992718442506126E-01 a       823     1     4     2    23
  1.3758704219392792E-01 a       824     1     4     2    24
 -4.6034760485554782E-01 a       825     1     4     2    25
  3.3081799551412516E-01 a       826     1     5     2     1
 -2.0751801337095552E-01 a       827     1     5     2     2
  4.2790704557655268E-01 a       828     1     5     2     3
  6.2996242861540624E-02 a       829     1     5     2     4
  2.1974772451774435E-01 a       830     1     5     2     5
  9.4503937730851362E-02 a       831     1     5     2     6
 -1.1096146120784771E+00 a       832     1     5     2     7
  1.2275307332508645E-01 a       833     1     5     2     8
 -1.0766999714284484E+00 a       834     1     5     2     9
 -9.4468382237632564E-01 a       835     1     5     2    10
 -9.0695721818942410E-01 a       836     1     5     2    11
 -5.6696302136218284E-02 a       837     1     5     2    12
  3.5424439817186321E-01 a       838     1     5     2    13
  5.4517563019850147E-02 a       839     1     5     2    14
  1.1577867332444806E-02 a       840     1     5     2    15
  4.0190899511097927E-01 a       841     1     5     2    16
  1.1425415670812521E-01 a       842     1     5     2    17
  1.9398429104762924E-01 a       843     1     5     2    18
  2.3523938274603401E-01 a       844     1     5     2    19
 -5.3534301634984231E-02 a       845     1     5     2    20
  2.3329257775813683E-01 a       846     1     5     2    21
  1.4424658603316357E-01 a       847     1     5     2    22
 -2.2138113881678179E-01 a       848     1     5     2    23
 -8.7811233367999314E-02 a       849     1     5     2    24
 -1.7334558594120588E+00 a       850     1     5     2    25
  1.4206346631258343E-01 a       851     1     6     2     1
  1.3958568967152080E-02 a       852     1     6     2     2
  5.7448188833921221E-01 a       853     1     6     2     3
  3.7146988602909597E-01 a       854     1     6     2     4
 -3.5937987048352282E-01 a       855     1     6     2     5
 -5.0743183178824602E-01 a       856     1     6     2     6
  1.5097638427587751E-01 a       857     1     6     2     7
 -2.0086555816533028E-01 a       858     1     6     2     8
  1.8377338574036423E-01 a       859     1     6     2     9
  3.9619903135828416E-02 a       860     1     6     2    10
 -1.6806837575436515E-01 a       861     1     6     2    11
 -9.1911375084927160E-01 a       862     1     6     2    12
 -1.1074699127028329E-02 a       863     1     6     2    13
  5.5516379118976367E-01 a       864     1     6     2    14
  1.0550880924918105E-01 a       865     1     6     2    15
  7.1499315993408763E-01 a       866     1     6     2    16
  3.4985189625203572E-01 a       867     1     6     2    17
 -1.7337921184721678E-02 a       868     1     6     2    18
  4.2929457329463733E-01 a       869     1     6     2    19
  5.9919406638948425E-01 a       870     1     6     2    20
  5.7101586613338395E-01 a       871     1     6     2    21
 -4.7325356248021318E-02 a       872     1     6     2    22
 -3.3877141515922937E-01 a       873     1     6     2    23
  9.6554979674722416E-02 a       874     1     6     2    24
 -3.6289351281645371E-01 a       875     1     6     2    25
 -6.1163260883360537E-01 a       876     1     7     2     1
 -3.2602745321187127E-01 a       877     1     7     2     2
  9.4436196106783291E-02 a       878     1     7     2     3
 -7.0556062736927916E-01 a       879     1     7     2     4
 -1.7226989759463393E-01 a       880     1     7     2     5
  4.6601530545193093E-01 a       881     1     7     2     6
 -5.1572582644318810E-01 a       882     1     7     2     7
  1.8027417281798297E-01 a       883     1     7     2     8
  3.8486063606399107E-01 a       884     1     7     2     9
 -3.5863671942416858E-01 a       885     1     7     2    10
  2.5625767702881330E-01 a       886     1     7     2    11
 -6.1938909101377526E-01 a       887     1     7     2    12
 -1.4954683492480039E-01 a       888     1     7     2    13
 -7.6027754447079443E-01 a       889     1     7     2    14
  3.1131100115498322E-01 a       890     1     7     2    15
 -5.0110860012626390E-01 a       891     1     7     2    16
 -1.3470983198932890E-01 a       892     1     7     2    17
  7.1273902326501144E-03 a       893     1     7     2    18
 -1.4401359931453092E-02 a       894     1     7     2    19
 -1.4016218298267860E-01 a       895     1     7     2    20
 -2.6788280832724803E-02 a       896     1     7     2    21
 -2.6136884463775170E-02 a       897     1     7     2    22
  1.2937971889875558E-02 a       898     1     7     2    23
  3.6036148112863575E-01 a       899     1     7     2    24
  2.6835212704713551E-01 a       900     1     7     2    25
 -7.6657611482905647E-02 a       901     1     8     2     1
  4.1196573997061170E-01 a       902     1     8     2     2
  9.1554530125235323E-01 a       903     1     8     2     3
  1.0854343352710094E+00 a       904     1     8     2     4
 -2.8358429649411226E-01 a       905     1     8     2     5
  5.3627499667441549E-02 a       906     1     8     2     6
  6.1403606159198454E-01 a       907     1     8     2     7
 -3.0542035203636564E-01 a       908     1     8     2     8
 -4.9431766642611424E-01 a       909     1     8     2     9
  9.0870140849554826E-01 a       910     1     8     2    10
  1.1321564828594213E+00 a       911     1     8     2    11
 -8.8764040162211899E-02 a       912     1     8     2    12
 -2.0989860413365261E-02 a       913     1     8     2    13
 -1.7461635651532695E-01 a       914     1     8     2    14
 -6.5866428621238116E-01 a       915     1     8     2    15
 -4.8499781965303851E-01 a       916     1     8     2    16
  3.0009614065805734E-01 a       917     1     8     2    17
  1.5023445801727867E-01 a       918     1     8     2    18
  6.1271384618313510E-02 a       919     1     8     2    19
 -4.7239281766001706E-01 a       920     1     8     2    20
  9.7176916592143636E-01 a       921     1     8     2    21
  5.9821784895799246E-01 a       922     1     8     2    22
  9.5471395251990429E-02 a       923     1     8     2    23
 -2.6343546428944992E-01 a       924     1     8     2    24
 -2.8481405410689387E-01 a       925     1     8     2    25
 -2.6315458220761073E-01 a       926     1     9     2     1
  8.1704773951252996E-01 a       927     1     9     2     2
 -5.2526625181248243E-01 a       928     1     9     2     3
  9.3261828497970745E-01 a       929     1     9     2     4
 -1.3172783809890395E-01 a       930     1     9     2     5
  2.7822323846863778E-01 a       931     1     9     2     6
  9.5263803424731675E-01 a       932     1     9     2     7
  4.1545473309821929E-01 a       933     1     9     2     8
  8.4348927177452260E-01 a       934     1     9     2     9
  3.6668069846019991E-01 a       935     1     9     2    10
  1.4832763974864954E-01 a       936     1     9     2    11
  3.7631108618558640E-01 a       937     1     9     2    12
 -5.6179907843271826E-01 a       938     1     9     2    13
  2.7184474527364284E-02 a       939     1     9     2    14
 -1.7813120231324281E-01 a       940     1     9     2    15
 -5.0616881190656271E-01 a       941     1     9     2    16
  2.3487791607444275E-01 a       942     1     9     2    17
  5.1383014332101928E-01 a       943     1     9     2    18
 -3.1354431163221397E-01 a       944     1     9     2    19
 -8.3734866505683195E-02 a       945     1     9     2    20
  1.7133382380092327E-01 a       946     1     9     2    21
  2.0912592320914186E-01 a       947     1     9     2    22
 -3.3537899542201094E-01 a       948     1     9     2    23
  4.6570072416740625E-02 a       949     1     9     2    24
  2.5322504891737280E-01 a       950     1     9     2    25
  9.7328930192831870E-02 a       951     1    10     2     1
 -9.5974462134259850E-02 a       952     1    10     2     2
  5.1558235068427694E-01 a       953     1    10     2     3
 -7.7507557576217856E-02 a       954     1    10     2     4
 -1.4343032130620581E-01 a       955     1    10     2     5
 -2.3100410836591967E-01 a       956     1    10     2     6
  4.7962252044217618E-01 a       957     1    10     2     7
  1.9090840123069416E-01 a       958     1    10     2     8
 -3.8638490119770241E-01 a       959     1    10     2     9
  2.9193530431507714E-01 a       960     1    10     2    10
 -6.7559310276477058E-01 a       961     1    10     2    11
  4.7484877663946198E-02 a       962     1    10     2    12
  1.9862017063354342E-01 a       963     1    10     2    13
  8.8480511643879711E-02 a       964     1    10     2    14
  2.8123472205664890E-01 a       965     1    10     2    15
 -5.4371273276064926E-02 a       966     1    10     2    16
  1.2080804081034437E-01 a       967     1    10     2    17
 -1.2179224564799407E-01 a       968     1    10     2    18
  3.2706936355369060E-02 a       969     1    10     2    19
  5.1623316273316733E-01 a       970     1    10     2    20
 -3.5603146009960379E-01 a       971     1    10     2    21
 -4.5101755454989123E-02 a       972     1    10     2    22
  2.8253438793953339E-01 a       973     1    10     2    23
  8.5018487511790683E-02 a       974     1    10     2    24
 -3.2120255531720897E-02 a       975     1    10     2    25
  2.3765203846298541E-01 a       976     1    11     2     1
  2.4165999406455704E-01 a       977     1    11     2     2
  4.5547635868326819E-01 a       978     1    11     2     3
 -1.5072526738582037E-01 a       979     1    11     2     4
 -1.2030717595411332E-01 a       980     1    11     2     5
  2.8867206476348184E-01 a       981     1    11     2     6
  6.6276687894503272E-01 a       982     1    11     2     7
  3.5249194258327649E-01 a       983     1    11     2     8
  1.2206812555519771E-01 a       984     1    11     2     9
 -7.1373892411097606E-01 a       985     1    11     2    10
 -1.2045851586244834E-01 a       986     1    11     2    11
  3.0339742737205377E-01 a       987     1    11     2    12
  6.4835318745374251E-02 a       988     1    11     2    13
 -7.9949968382542236E-01 a       989     1    11     2    14
  2.9933362861194557E-01 a       990     1    11     2    15
 -9.6288307044026591E-02 a       991     1    11     2    16
  1.4008926153474638E-01 a       992     1    11     2    17
 -1.6603920361359836E-01 a       993     1    11     2    18
 -5.9519788561378806E-01 a       994     1    11     2    19
  2.7501850890977686E-01 a       995     1    11     2    20
 -1.3347924530156569E-01 a       996     1    11     2    21
  3.4672894898050205E-01 a       997     1    11     2    22
  2.9405370436146711E-01 a       998     1    11     2    23
  3.2811032881059443E-01 a       999     1    11     2    24
 -1.1632815837417447E+00 a      1000     1    11     2    25
  5.1004393946070805E-03 a      1001     1    12     2     1
 -8.8371609413062724E-01 a      1002     1    12     2     2
  4.3362563393959291E-01 a      1003     1    12     2     3
 -2.1288241004356992E-01 a      1004     1    12     2     4
 -1.7155925697676478E-02 a      1005     1    12     2     5
  1.0189211421187652E+00 a      1006     1    12     2     6
 -6.9501840462610687E-01 a      1007     1    12     2     7
  3.5381590815032650E-02 a      1008     1    12     2     8
 -2.3766180545071558E-01 a      1009     1    12     2     9
  6.1886723651559472E-01 a      1010     1    12     2    10
 -3.1584923767885048E-01 a      1011     1    12     2    11
  4.4648504411723022E-01 a      1012     1    12     2    12
 -1.3981618947773653E+00 a      1013     1    12     2    13
 -5.2050196923671022E-01 a      1014     1    12     2    14
  3.5695828308335237E-01 a      1015     1    12     2    15
  2.0027553272722096E-01 a      1016     1    12     2    16
  2.2380601978729650E-01 a      1017     1    12     2    17
  8.5398233904927490E-01 a      1018     1    12     2    18
 -1.3410876953380685E-01 a      1019     1    12     2    19
  4.3149769332507870E-01 a      1020     1    12     2    20
 -4.4746768465388131E-01 a      1021     1    12     2    21
 -4.4275013675781910E-01 a      1022     1    12     2    22
 -2.5614685365761342E-01 a      1023     1    12     2    23
 -1.5191291612566951E-01 a      1024     1    12     2    24
 -2.3880391450816066E-01 a      1025     1    12     2    25
  2.9223607522112369E-02 a      1026     1    13     2     1
 -3.9969683536479828E-01 a      1027     1    13     2     2
 -1.3664732990862685E-01 a      1028     1    13     2     3
 -2.2130274595509000E-01 a      1029     1    13     2     4
  3.1045291281674953E-01 a      1030     1    13     2     5
  9.8117902643295851E-01 a      1031     1    13     2     6
  5.6293482280404461E-01 a      1032     1    13     2     7
 -2.9259189406825559E-01 a      1033     1    13     2     8
 -7.8328549972879236E-01 a      1034     1    13     2     9
  3.4184321436714160E-01 a      1035     1    13     2    10
 -6.3839023371011633E-02 a      1036     1    13     2    11
 -3.2948406231213673E-01 a      1037     1    13     2    12
  2.6520078098315836E-01 a      1038     1    13     2    13
  2.7804308796641419E-01 a      1039     1    13     2    14
 -6.0420271630555640E-03 a      1040     1    13     2    15
 -2.8764891108158730E-01 a      1041     1    13     2    16
  3.2022299877871568E-01 a      1042     1    13     2    17
  5.7067259920882386E-02 a      1043     1    13     2    18
 -2.4949751086337157E-01 a      1044     1    13     2    19
 -2.4420186304170612E-02 a      1045     1    13     2    20
  2.8902058828921784E-01 a      1046     1    13     2    21
  1.3771019215324079E-01 a      1047     1    13     2    22
 -4.2961957457867006E-01 a      1048     1    13     2    23
 -3.0472598923743449E-01 a      1049     1    13     2    24
 -3.3811780302770889E-01 a      1050     1    13     2    25
 -3.2044682785195122E-01 a      1051     1    14     2     1
  4.0436357612214052E-01 a      1052     1    14     2     2
 -2.6526657003255727E-01 a      1053     1    14     2     3
 -6.1660788913401147E-02 a      1054     1    14     2     4
 -1.8905409136645954E-01 a      1055     1    14     2     5
 -5.1127762489417450E-01 a      1056     1    14     2     6
 -2.5289510493211181E-01 a      1057     1    14     2     7
 -6.7376310627441496E-02 a      1058     1    14     2     8
  5.5516119274462905E-01 a      1059     1    14     2     9
 -5.9800780987335267E-01 a      1060     1    14     2    10
 -3.9997620569333758E-02 a      1061     1    14     2    11
 -5.3987530238681060E-02 a      1062     1    14     2    12
 -1.4159506342671782E-01 a      1063     1    14     2    13
 -3.3915596679750709E-01 a      1064     1    14     2    14
 -9.3629872720415765E-03 a      1065     1    14     2    15
 -2.3868454461534214E-01 a      1066     1    14     2    16
  1.1929859865690556E-01 a      1067     1    14     2    17
 -9.2212406705590763E-02 a      1068     1    14     2    18
 -9.2975023931860551E-02 a      1069     1    14     2    19
  6.3470674354029435E-02 a      1070     1    14     2    20
 -5.1439078826357487E-01 a      1071     1    14     2    21
 -2.8399868077148488E-01 a      1072     1    14     2    22
 -5.6172259711525463E-01 a      1073     1    14     2    23
  3.1697939883168780E-01 a      1074     1    14     2    24
 -4.6319695961137175E-01 a      1075     1    14     2    25
 -6.0832015205456100E-02 a      1076     1    15     2     1
 -4.3315676033836664E-01 a      1077     1    15     2     2
  1.7451805995787762E-02 a      1078     1    15     2     3
 -4.4849921467233260E-02 a      1079     1    15     2     4
  1.9365306058662518E-01 a      1080     1    15     2     5
  5.3062426940611185E-01 a      1081     1    15     2     6
 -4.2607130177280111E-01 a      1082     1    15     2     7
  9.1244359768902972E-01 a      1083     1    15     2     8
 -7.8037442302709245E-02 a      1084     1    15     2     9
  3.6002474280560764E-01 a      1085     1    15     2    10
 -4.9263596613483784E-01 a      1086     1    15     2    11
  3.2472476797718808E-01 a      1087     1    15     2    12
  5.4772674136759303E-01 a      1088     1    15     2    13
 -4.0257433621854061E-01 a      1089     1    15     2    14
 -1.5327133031655821E-01 a      1090     1    15     2    15
 -1.0020090326999072E+00 a      1091     1    15     2    16
 -7.3700244035392604E-01 a      1092     1    15     2    17
 -2.1962694615001499E-01 a      1093     1    15     2    18
 -6.1017872003216556E-01 a      1094     1    15     2    19
 -5.7815970278592521E-01 a      1095     1    15     2    20
 -5.1338917905334980E-01 a      1096     1    15     2    21
 -2.5144756069909335E-04 a      1097     1    15     2    22
 -1.8911109301142681E-01 a      1098     1    15     2    23
 -2.0050041003784219E-01 a      1099     1    15     2    24
 -3.0823415463783405E-01 a      1100     1    15     2    25
  6.0222897289807120E-01 a      1101     1    16     2     1
 -2.1109421101091425E-01 a      1102     1    16     2     2
  3.5261536233874619E-01 a      1103     1    16     2     3
  2.4546694584924919E-01 a      1104     1    16     2     4
  5.5324554469684450E-01 a      1105     1    16     2     5
  2.1329503032569869E-01 a      1106     1    16     2     6
 -1.0615253357752656E-01 a      1107     1    16     2     7
  5.0333176462065354E-01 a      1108     1    16     2     8
  7.7957658767663718E-01 a      1109     1    16     2     9
  6.0645038681512364E-01 a      1110     1    16     2    10
 -8.1865312600143803E-01 a      1111     1    16     2    11
 -1.2352241712734766E+00 a      1112     1    16     2    12
 -6.5778427490156818E-02 a      1113     1    16     2    13
  3.5345426917336586E-01 a      1114     1    16     2    14
  3.8401618609284943E-01 a      1115     1    16     2    15
 -1.5849976716837225E-01 a      1116     1    16     2    16
  4.8467854068825478E-02 a      1117     1    16     2    17
  4.7691247111825841E-01 a      1118     1    16     2    18
  3.1290473494751597E-01 a      1119     1    16     2    19
  1.0638763240465579E-01 a      1120     1    16     2    20
 -1.5141500938677271E-01 a      1121     1    16     2    21
  3.5097329777288327E-01 a      1122     1    16     2    22
 -3.4253700915849597E-04 a      1123     1    16     2    23
  2.0574434920392795E-03 a      1124     1    16     2    24
  3.6383603644678753E-01 a      1125     1    16     2    25
 -1.7626925676730076E-01 a      1126     1    17     2     1
  5.3114583531006376E-01 a      1127     1    17     2     2
 -3.8415874704933528E-01 a      1128     1    17     2     3
  1.9283042758748731E-01 a      1129     1    17     2     4
 -1.8716252522144525E-01 a      1130     1    17     2     5
  1.5616479923261187E-01 a      1131     1    17     2     6
  3.3406485223435284E-01 a      1132     1    17     2     7
 -1.2438305158252663E-01 a      1133     1    17     2     8
  4.3409802312713647E-01 a      1134     1    17     2     9
 -3.4437507702470377E-01 a      1135     1    17     2    10
 -1.2942174228834652E-01 a      1136     1    17     2    11
 -1.4521697445902368E-01 a      1137     1    17     2    12
  2.1661856630382600E-01 a      1138     1    17     2    13
  4.4385518246303901E-01 a      1139     1    17     2    14
 -2.4568956010188497E-01 a      1140     1    17     2    15
 -2.0820159988400944E-01 a      1141     1    17     2    16
 -2.7924802417543471E-02 a      1142     1    17     2    17
  1.7601463334442694E-01 a      1143     1    17     2    18
  1.4105577046775034E-01 a      1144     1    17     2    19
 -1.3039133415721529E-01 a      1145     1    17     2    20
  7.0209119916031390E-02 a      1146     1    17     2    21
  2.5805628514814938E-01 a      1147     1    17     2    22
 -3.2964819800952294E-01 a      1148     1    17     2    23
  3.2363235008532909E-01 a      1149     1    17     2    24
 -6.0109020744099617E-01 a      1150     1    17     2    25
 -4.1037409742228487E-01 a      1151     1    18     2     1
 -8.4158117368425739E-02 a      1152     1    18     2     2
 -3.5179176644889387E-01 a      1153     1    18     2     3
 -7.8478814088057777E-02 a      1154     1    18     2     4
  6.9081108951046089E-01 a      1155     1    18     2     5
 -3.6352700700155022E-01 a      1156     1    18     2     6
  4.8845826492838795E-01 a      1157     1    18     2     7
 -3.9714562529975450E-01 a      1158     1    18     2     8
  4.2125218090334604E-01 a      1159     1    18     2     9
 -6.7300204517786177E-01 a      1160     1    18     2    10
 -4.7343506320260875E-01 a      1161     1    18     2    11
 -2.2596591947743317E-02 a      1162     1    18     2    12
  2.6547553196924523E-01 a      1163     1    18     2    13
 -7.4763791190472884E-01 a      1164     1    18     2    14
  2.2702038402878286E-01 a      1165     1    18     2    15
 -9.7624431982398552E-01 a      1166     1    18     2    16
 -1.6370502663828548E-01 a      1167     1    18     2    17
 -1.5721973032881004E-01 a      1168     1    18     2    18
  2.8824794369582007E-01 a      1169     1    18     2    19
  4.2330054377380838E-01 a      1170     1    18     2    20
  2.4383499753782098E-01 a      1171     1    18     2    21
 -7.4801694516068429E-01 a      1172     1    18     2    22
 -6.5840546980000580E-01 a      1173     1    18     2    23
  1.2427091713714903E-02 a      1174     1    18     2    24
 -6.2763704186516911E-01 a      1175     1    18     2    25
  2.2370760859554592E-01 a      1176     1    19     2     1
  1.0058070913621044E-02 a      1177     1    19     2     2
 -4.7097248297818339E-01 a      1178     1    19     2     3
 -7.2316450642597938E-02 a      1179     1    19     2     4
  1.6497402549415874E-01 a      1180     1    19     2     5
  9.6018725480158010E-02 a      1181     1    19     2     6
 -4.0709830882055903E-01 a      1182     1    19     2     7
  1.4231840449709651E-01 a      1183     1    19     2     8
  8.7982765721726841E-01 a      1184     1    19     2     9
 -1.7568700166639678E-01 a      1185     1    19     2    10
  2.7887582794018806E-01 a      1186     1    19     2    11
 -3.5615647695955363E-02 a      1187     1    19     2    12
 -2.6955687404923317E-01 a      1188     1    19     2    13
 -3.8608133858919375E-01 a      1189     1    19     2    14
  2.4455585789787720E-01 a      1190     1    19     2    15
  1.2872676212589945E-01 a      1191     1    19     2    16
  2.1592048712400717E-02 a      1192     1    19     2    17
  6.2899724378455424E-01 a      1193     1    19     2    18
  2.5395758142681307E-01 a      1194     1    19     2    19
  1.3968030378271523E-02 a      1195     1    19     2    20
 -2.4931342054779818E-01 a      1196     1    19     2    21
 -2.2364413006951611E-01 a      1197     1    19     2    22
 -2.7465382685842804E-01 a      1198     1    19     2    23
  1.8849991103516689E-01 a      1199     1    19     2    24
  9.1535686174808162E-01 a      1200     1    19     2    25
  6.0699758429500926E-03 a      1201     1    20     2     1
  4.5664705907304637E-01 a      1202     1    20     2     2
 -2.2428060779760978E-01 a      1203     1    20     2     3
  2.8588265157234516E-01 a      1204     1    20     2     4
  5.8347622262670880E-02 a      1205     1    20     2     5
  8.1546924912823532E-02 a      1206     1    20     2     6
  1.6040145090224711E-01 a      1207     1    20     2     7
 -5.2690838258132278E-01 a      1208     1    20     2     8
  1.5238102332824907E-01 a      1209     1    20     2     9
 -1.9673688073688006E-01 a      1210     1    20     2    10
  5.6579620111177176E-01 a      1211     1    20     2    11
 -8.2264233067402076E-02 a      1212     1    20     2    12
 -3.1596190763489990E-01 a      1213     1    20     2    13
 -7.5428247741821830E-02 a      1214     1    20     2    14
 -3.4640533100084187E-01 a      1215     1    20     2    15
 -6.8377628085333417E-02 a      1216     1    20     2    16
  4.1094683222624034E-01 a      1217     1    20     2    17
 -1.6747268212716063E-01 a      1218     1    20     2    18
  4.3420392954311099E-01 a      1219     1    20     2    19
 -3.4048242722452071E-01 a      1220     1    20     2    20
  1.5453477893149101E-01 a      1221     1    20     2    21
  2.8002348439138397E-01 a      1222     1    20     2    22
 -7.5337718523896469E-01 a      1223     1    20     2    23
  1.9678562159433727E-01 a      1224     1    20     2    24
 -6.1497435038362680E-01 a      1225     1    20     2    25
  9.7394488680156399E-01 a      1226     1    21     2     1
 -1.9777549751469675E-01 a      1227     1    21     2     2
  6.1318886499506209E-01 a      1228     1    21     2     3
  9.6306278426559921E-01 a      1229     1    21     2     4
 -1.7791630314538820E-01 a      1230     1    21     2     5
 -5.6418431607192976E-01 a      1231     1    21     2     6
 -2.7825401626400514E-01 a      1232     1    21     2     7
  7.6609803256463049E-01 a      1233     1    21     2     8
 -2.2727765564625463E-01 a      1234     1    21     2     9
  1.0352967362767000E+00 a      1235     1    21     2    10
 -1.8474239851654117E-01 a      1236     1    21     2    11
 -8.6306613495307238E-01 a      1237     1    21     2    12
  5.3061331463622952E-01 a      1238     1    21     2    13
 -3.7006634412895628E-01 a      1239     1    21     2    14
 -2.6933514889664562E-01 a      1240     1    21     2    15
  4.8439259295964371E-01 a      1241     1    21     2    16
  2.4471281569845274E-01 a      1242     1    21     2    17
 -1.2105980517155721E+00 a      1243     1    21     2    18
  3.7861373721198466E-01 a      1244     1    21     2    19
  2.6149266982272178E-02 a      1245     1    21     2    20
  8.0534549803372213E-01 a      1246     1    21     2    21
 -2.4452138679702048E-01 a      1247     1    21     2    22
 -3.5226130399192046E-01 a      1248     1    21     2    23
 -1.3315368523161900E-01 a      1249     1    21     2    24
 -2.1250623876782243E-01 a      1250     1    21     2    25
  8.4094607405580474E-02 a      1251     1    22     2     1
 -5.4681038925969871E-01 a      1252     1    22     2     2
  1.8973344218768315E-01 a      1253     1    22     2     3
 -1.7853121005719865E-02 a      1254     1    22     2     4
  1.8611444464076723E-01 a      1255     1    22     2     5
  4.7849176059744647E-01 a      1256     1    22     2     6
  4.1133749807267550E-01 a      1257     1    22     2     7
  2.8606108284110260E-03 a      1258     1    22     2     8
 -8.0827371106961338E-02 a      1259     1    22     2     9
 -1.1858987833056625E-01 a      1260     1    22     2    10
  2.5535764334370548E-01 a      1261     1    22     2    11
 -3.7022535448648375E-01 a      1262     1    22     2    12
  3.0201236360436684E-01 a      1263     1    22     2    13
  6.0759905243394874E-01 a      1264     1    22     2    14
  3.0020117354634876E-02 a      1265     1    22     2    15
 -2.1512271598036731E-01 a      1266     1    22     2    16
  7.5088782371369289E-02 a      1267     1    22     2    17
 -5.7551743597658543E-02 a      1268     1    22     2    18
 -1.2129894401759753E-01 a      1269     1    22     2    19
  2.5059650328311694E-01 a      1270     1    22     2    20
 -1.3758878788224682E-01 a      1271     1    22     2    21
  3.9077302028605092E-02 a      1272     1    22     2    22
 -4.8038530894576031E-01 a      1273     1    22     2    23
  1.5775336432260503E-02 a      1274     1    22     2    24
 -2.0721875145781549E-01 a      1275     1    22     2    25
 -1.2243231500227254E-01 a      1276     1    23     2     1
 -8.6050263808684202E-01 a      1277     1    23     2     2
  1.0777019755747727E-02 a      1278     1    23     2     3
  2.4491420760091379E-01 a      1279     1    23     2     4
 -4.7062680984719496E-01 a      1280     1    23     2     5
 -4.5016626850063790E-01 a      1281     1    23     2     6
  7.3033008218945128E-01 a      1282     1    23     2     7
  6.8601371325457172E-01 a      1283     1    23     2     8
  4.1181402934896921E-01 a      1284     1    23     2     9
  4.3170942633322724E-02 a      1285     1    23     2    10
  2.9068300108686584E-01 a      1286     1    23     2    11
 -5.7363319699415949E-01 a      1287     1    23     2    12
  1.9570102481123386E-01 a      1288     1    23     2    13
  3.6742375878715799E-01 a      1289     1    23     2    14
 -1.7706207522341069E-01 a      1290     1    23     2    15
  1.0324473789953412E+00 a      1291     1    23     2    16
 -8.1897373271229879E-01 a      1292     1    23     2    17
 -1.2111002488781659E+00 a      1293     1    23     2    18
  7.5076816823410886E-01 a      1294     1    23     2    19
  2.2883227767759240E-01 a      1295     1    23     2    20
  2.6206049049427994E-03 a      1296     1    23     2    21
  2.7018909870127672E-01 a      1297     1    23     2    22
 -1.0237763833381774E+00 a      1298     1    23     2    23
  1.3179301889845499E-01 a      1299     1    23     2    24
  2.5871135426235103E-01 a      1300     1    23     2    25
 -1.7040986096411587E-01 a      1301     1    24     2     1
 -3.7324805049729076E-01 a      1302     1    24     2     2
  2.4006516876295803E-01 a      1303     1    24     2     3
 -4.9096311184924990E-01 a      1304     1    24     2     4
  1.6863705210527388E-01 a      1305     1    24     2     5
  2.5469557506599505E-01 a      1306     1    24     2     6
  4.4670082683274825E-01 a      1307     1    24     2     7
 -5.0081922256471434E-01 a      1308     1    24     2     8
  5.2375132328212326E-01 a      1309     1    24     2     9
 -3.0908958634923445E-01 a      1310     1    24     2    10
  1.4432949732291181E-01 a      1311     1    24     2    11
 -1.6932651695473208E-01 a      1312     1    24     2    12
 -7.8037669553592481E-02 a      1313     1    24     2    13
  4.8041574626565736E-01 a      1314     1    24     2    14
 -2.4720227677513293E-01 a      1315     1    24     2    15
  3.3731060168627253E-01 a      1316     1    24     2    16
 -1.4161038387639591E-01 a      1317     1    24     2    17
 -6.0427219841689683E-01 a      1318     1    24     2    18
  1.2219460674488312E-01 a      1319     1    24     2    19
 -5.2528314301490422E-02 a      1320     1    24     2    20
  3.1834532954553768E-01 a      1321     1    24     2    21
  7.0755713359387640E-01 a      1322     1    24     2    22
  1.3101938661736368E-01 a      1323     1    24     2    23
 -1.1082316846338994E-01 a      1324     1    24     2    24
 -2.0568569391110925E-01 a      1325     1    24     2    25
  4.4125743376232839E-02 a      1326     1    25     2     1
 -2.9399052391817254E-01 a      1327     1    25     2     2
 -6.3640597978108193E-01 a      1328     1    25     2     3
  3.5126950721680823E-02 a      1329     1    25     2     4
  3.0300204578097834E-01 a      1330     1    25     2     5
 -8.4108707942903493E-01 a      1331     1    25     2     6
 -6.5124576052080463E-01 a      1332     1    25     2     7
 -2.3486353100816629E-01 a      1333     1    25     2     8
 -3.9838453818580627E-01 a      1334     1    25     2     9
 -1.5601769082850742E-01 a      1335     1    25     2    10
  6.8606136180249766E-01 a      1336     1    25     2    11
  8.4377054233104853E-01 a      1337     1    25     2    12
  2.8153362068069354E-01 a      1338     1    25     2    13
 -3.3737763546824229E-01 a      1339     1    25     2    14
 -4.3430994169229392E-01 a      1340     1    25     2    15
  7.5663116594323440E-02 a      1341     1    25     2    16
 -1.4456997296467172E-01 a      1342     1    25     2    17
  3.0922338406744482E-01 a      1343     1    25     2    18
 -2.8393017235285711E-01 a      1344     1    25     2    19
 -6.8755394762288813E-01 a      1345     1    25     2    20
 -4.7623564600245749E-01 a      1346     1    25     2    21
  1.4284614353952738E-01 a      1347     1    25     2    22
 -1.5360644504587614E-02 a      1348     1    25     2    23
 -7.1480980198088448E-02 a      1349     1    25     2    24
 -4.1736087572949854E-01 a      1350     1    25     2    25
  1.8789564286640585E+00 b      1351     2     1
 -1.1750094945339578E+00 b      1352     2     2
 -1.5719913820203872E+00 b      1353     2     3
 -6.4935502080991003E-01 b      1354     2     4
 -9.6224360954704979E-01 b      1355     2     5
  1.6868578226698367E+00 b      1356     2     6
  1.2593057796685796E+00 b      1357     2     7
  2.1737669887896947E+00 b      1358     2     8
 -1.7371982745799910E+00 b      1359     2     9
 -1.3829005180551979E+00 b      1360     2    10
  2.7273094922039592E-01 b      1361     2    11
 -6.8392341148789904E-01 b      1362     2    12
 -8.6682521508287136E-01 b      1363     2    13
 -1.8984691858658236E+00 b      1364     2    14
  1.2116371655387401E+00 b      1365     2    15
  8.6848372703130872E-01 b      1366     2    16
  2.9618121377310802E-01 b      1367     2    17
  1.6672832153564778E+00 b      1368     2    18
 -1.4823693977982726E+00 b      1369     2    19
  5.3696375730732249E-01 b      1370     2    20
  1.7895516857297333E-01 b      1371     2    21
  1.8056375515273140E+00 b      1372     2    22
 -1.2397094368301642E+00 b      1373     2    23
  7.7575217780672856E-01 b      1374     2    24
  1.7792277961937286E+00 b      1375     2    25
 -1.4758586190854777E+00 a      1376     2     1     3     1
  1.3779652593189025E+00 a      1377     2     2     3     1
  1.0979087794601805E+00 a      1378     2     3     3     1
  1.3576885352106565E+00 a      1379     2     4     3     1
  1.0758220851759079E+00 a      1380     2     5     3     1
 -1.1830577435626908E+00 a      1381     2     6     3     1
 -2.0733962904894594E+00 a      1382     2     7     3     1
 -1.5059136062051963E+00 a      1383     2     8     3     1
  1.5337847137662963E+00 a      1384     2     9     3     1
  1.1430309817330371E+00 a      1385     2    10     3     1
 -8.4267078388334316E-01 a      1386     2    11     3     1
  9.7099919033617255E-01 a      1387     2    12     3     1
  1.4260942407404569E+00 a      1388     2    13     3     1
  1.4183794591936838E+00 a      1389     2    14     3     1
 -5.9558230752899433E-01 a      1390     2    15     3     1
 -1.3634741462405153E+00 a      1391     2    16     3     1
 -2.4508616242970330E-01 a      1392     2    17     3     1
 -1.3949708188472048E+00 a      1393     2    18     3     1
  1.1989633287077390E+00 a      1394     2    19     3     1
 -7.8811803196284191E-01 a      1395     2    20     3     1
  5.7031861523374794E-01 a      1396     2    21     3     1
 -1.3856497414757920E+00 a      1397     2    22     3     1
  1.2505226566879293E+00 a      1398     2    23     3     1
 -8.7288871738616169E-01 a      1399     2    24     3     1
 -1.7026726710121438E+00 a      1400     2    25     3     1
 -3.0792998280590238E+00 b      1401     3     1
