################################################################################
# Neural network connection values (weights and biases).
################################################################################
# Col  Name       Description
################################################################################
# 1    connection Neural network connection value.
# 2    t          Connection type (a = weight, b = bias).
# 3    index      Index enumerating weights.
# 4    l_s        Starting point layer (end point layer for biases).
# 5    n_s        Starting point neuron in starting layer (end point neuron for biases).
# 6    l_e        End point layer.
# 7    n_e        End point neuron in end layer.
################################################################################
#                      1 2         3     4     5     6     7
#             connection t     index   l_s   n_s   l_e   n_e
############################################################
 -3.4531786615003407E-01 a         1     0     1     1     1
 -1.0003362228928364E-01 a         2     0     1     1     2
 -1.5433275835142375E-02 a         3     0     1     1     3
 -1.5122895095655833E-01 a         4     0     1     1     4
  3.3238696153791526E-02 a         5     0     1     1     5
 -7.0316925865201038E-02 a         6     0     1     1     6
 -5.0805243599282637E-02 a         7     0     1     1     7
  3.1659070745866241E-01 a         8     0     1     1     8
 -2.7930527153363977E-01 a         9     0     1     1     9
 -3.9116687694574832E-02 a        10     0     1     1    10
  1.4882521484906723E-02 a        11     0     1     1    11
 -6.8020411576537416E-03 a        12     0     1     1    12
 -1.2112438250998128E-01 a        13     0     1     1    13
 -8.6621448058049535E-04 a        14     0     1     1    14
  7.8441821320904673E-02 a        15     0     1     1    15
 -1.6494842052807709E-01 a        16     0     1     1    16
 -1.8997846866784318E-03 a        17     0     1     1    17
 -9.9594056955360499E-02 a        18     0     1     1    18
 -2.2601095461026455E-01 a        19     0     1     1    19
 -1.9957822748373200E-01 a        20     0     1     1    20
  2.3486964354304057E-01 a        21     0     1     1    21
 -1.1600222912099230E-01 a        22     0     1     1    22
  7.0265605910580592E-02 a        23     0     1     1    23
  1.0852901367427588E-01 a        24     0     1     1    24
  3.3262566098593743E-01 a        25     0     1     1    25
  4.2278860258215684E-01 a        26     0     2     1     1
 -1.0840988274340525E-01 a        27     0     2     1     2
 -4.2017212187646069E-01 a        28     0     2     1     3
 -7.1275858678849599E-02 a        29     0     2     1     4
  1.5415415355299810E-02 a        30     0     2     1     5
  1.4441474871907597E-01 a        31     0     2     1     6
  4.8538196921161597E-02 a        32     0     2     1     7
  3.1058860712110581E-01 a        33     0     2     1     8
 -8.4399741325948407E-02 a        34     0     2     1     9
 -1.5274430816729428E-01 a        35     0     2     1    10
  9.4555481151992429E-02 a        36     0     2     1    11
  4.2533721339722518E-03 a        37     0     2     1    12
 -5.9450358796822145E-02 a        38     0     2     1    13
  3.0548919278022402E-01 a        39     0     2     1    14
  1.6238493047140520E-01 a        40     0     2     1    15
 -1.7426182882696878E-01 a        41     0     2     1    16
 -2.7663974243898676E-02 a        42     0     2     1    17
  2.0440686188407597E-01 a        43     0     2     1    18
  2.1238804092370980E-01 a        44     0     2     1    19
  4.7485936528699903E-02 a        45     0     2     1    20
  4.8421019737378182E-02 a        46     0     2     1    21
 -3.9569171670917686E-01 a        47     0     2     1    22
  2.0224161174635655E-01 a        48     0     2     1    23
 -2.8550069555208829E-01 a        49     0     2     1    24
  1.8436952668783302E-01 a        50     0     2     1    25
 -8.7527887807969065E-02 a        51     0     3     1     1
 -5.7014264589630367E-02 a        52     0     3     1     2
  1.0202279001603556E-01 a        53     0     3     1     3
 -9.8342553914432723E-02 a        54     0     3     1     4
  2.6887002812449854E-02 a        55     0     3     1     5
  4.7580250133796270E-02 a        56     0     3     1     6
 -5.5712925672191174E-03 a        57     0     3     1     7
  2.3835152302921292E-01 a        58     0     3     1     8
  2.9978300941181080E-01 a        59     0     3     1     9
 -2.0010212567858968E-02 a        60     0     3     1    10
  2.1117827856881541E-01 a        61     0     3     1    11
  3.5401914682930824E-01 a        62     0     3     1    12
 -1.3351248204146168E-01 a        63     0     3     1    13
 -3.7105897740294536E-01 a        64     0     3     1    14
 -1.2213344623610659E-01 a        65     0     3     1    15
 -2.8604717820884878E-01 a        66     0     3     1    16
  2.4826721262243526E-01 a        67     0     3     1    17
  1.1261785910666654E-01 a        68     0     3     1    18
 -2.1204967166791197E-01 a        69     0     3     1    19
  1.2483770288687310E-01 a        70     0     3     1    20
 -8.3971651194475583E-02 a        71     0     3     1    21
  1.1488214631775616E-02 a        72     0     3     1    22
  1.4552745654238328E-01 a        73     0     3     1    23
  2.9461015651859346E-01 a        74     0     3     1    24
  1.8171253799583939E-01 a        75     0     3     1    25
  2.1619162621311358E-01 a        76     0     4     1     1
  2.4634519079627926E-01 a        77     0     4     1     2
 -3.7563351388204858E-01 a        78     0     4     1     3
 -2.4049619566234334E-01 a        79     0     4     1     4
  8.5866493746722783E-02 a        80     0     4     1     5
  3.7036945868035703E-01 a        81     0     4     1     6
 -1.2592267398238008E-01 a        82     0     4     1     7
  4.2025170417995117E-01 a        83     0     4     1     8
 -2.1011792262808054E-01 a        84     0     4     1     9
  1.0144402549086637E-01 a        85     0     4     1    10
 -1.8369712607998870E-01 a        86     0     4     1    11
  5.5155679955379466E-01 a        87     0     4     1    12
  1.4262404281309646E-01 a        88     0     4     1    13
 -3.8627312136356118E-01 a        89     0     4     1    14
  2.3003502792837222E-02 a        90     0     4     1    15
 -2.6303722140597691E-02 a        91     0     4     1    16
  2.8159609608065999E-02 a        92     0     4     1    17
  3.4333018146444039E-01 a        93     0     4     1    18
 -2.8673491116739336E-01 a        94     0     4     1    19
 -1.1162004328775915E-01 a        95     0     4     1    20
 -1.2689420307780677E-01 a        96     0     4     1    21
  1.2856171987552692E-01 a        97     0     4     1    22
  1.4134777486693811E-01 a        98     0     4     1    23
  5.4298079299850012E-02 a        99     0     4     1    24
 -2.6789828290418688E-01 a       100     0     4     1    25
 -4.5422551065028305E-01 a       101     0     5     1     1
 -4.2783900262337538E-01 a       102     0     5     1     2
 -1.3732535911038865E-02 a       103     0     5     1     3
  2.9868076965498258E-01 a       104     0     5     1     4
 -1.1575425553448000E-02 a       105     0     5     1     5
 -2.4790596366909640E-01 a       106     0     5     1     6
  3.6605565536420698E-01 a       107     0     5     1     7
  6.7315140708449117E-01 a       108     0     5     1     8
  1.9314117170787923E-01 a       109     0     5     1     9
 -1.6582843754209717E-01 a       110     0     5     1    10
 -2.3939775241874067E-01 a       111     0     5     1    11
 -4.5175853580226311E-01 a       112     0     5     1    12
 -2.3592463751617079E-01 a       113     0     5     1    13
  3.4721604313952981E-01 a       114     0     5     1    14
  2.0471795887123431E-01 a       115     0     5     1    15
 -3.2542437021161358E-01 a       116     0     5     1    16
 -1.9422897402049319E-01 a       117     0     5     1    17
 -2.8480217393288616E-02 a       118     0     5     1    18
  3.5544466869922436E-01 a       119     0     5     1    19
  2.6579267339506479E-01 a       120     0     5     1    20
 -1.8140011977070039E-01 a       121     0     5     1    21
 -5.0894484510878846E-01 a       122     0     5     1    22
 -3.3855370228811738E-01 a       123     0     5     1    23
 -4.3917685813560320E-01 a       124     0     5     1    24
 -2.7943385108854496E-01 a       125     0     5     1    25
 -4.7350251733211869E-02 a       126     0     6     1     1
  3.4240582915353684E-01 a       127     0     6     1     2
 -4.0954673174559042E-01 a       128     0     6     1     3
 -6.4261848832674440E-02 a       129     0     6     1     4
 -4.4598976089287590E-01 a       130     0     6     1     5
 -1.2189590647812509E-01 a       131     0     6     1     6
  2.3908498198592384E-01 a       132     0     6     1     7
  2.8711790065281756E-01 a       133     0     6     1     8
 -2.4590004905813723E-01 a       134     0     6     1     9
  7.5293201523459655E-02 a       135     0     6     1    10
  2.6317404900538699E-01 a       136     0     6     1    11
 -2.6288516417423907E-01 a       137     0     6     1    12
 -2.1439365613659067E-01 a       138     0     6     1    13
 -2.7328345705889728E-01 a       139     0     6     1    14
  8.0876116286111008E-02 a       140     0     6     1    15
 -2.3975676697775766E-02 a       141     0     6     1    16
 -1.3922895770105134E-01 a       142     0     6     1    17
  4.3087356254117692E-01 a       143     0     6     1    18
 -2.6331065875654081E-01 a       144     0     6     1    19
 -2.6173199507675071E-01 a       145     0     6     1    20
 -1.2126769206028384E-01 a       146     0     6     1    21
  3.5281870219063138E-01 a       147     0     6     1    22
  1.7107136225511257E-01 a       148     0     6     1    23
  1.2281374238914015E-01 a       149     0     6     1    24
  3.2627581197354039E-01 a       150     0     6     1    25
 -1.2007889888268712E+00 a       151     0     7     1     1
  8.0243006434227437E-03 a       152     0     7     1     2
 -6.9728673478136285E-02 a       153     0     7     1     3
 -1.2386323171834546E-01 a       154     0     7     1     4
 -1.3933001861370325E-01 a       155     0     7     1     5
  4.1769919411422168E-01 a       156     0     7     1     6
 -1.6557678972654671E-01 a       157     0     7     1     7
 -3.5764814137682654E-01 a       158     0     7     1     8
  1.9046729645914841E-02 a       159     0     7     1     9
  3.5442223532060230E-01 a       160     0     7     1    10
  3.8881733684499620E-01 a       161     0     7     1    11
  3.4643944660897591E-01 a       162     0     7     1    12
  4.0841387001850374E-02 a       163     0     7     1    13
 -2.9077295729674835E-01 a       164     0     7     1    14
  4.1573651293559000E-02 a       165     0     7     1    15
  2.5922427179916586E-02 a       166     0     7     1    16
  2.0017301095786974E-01 a       167     0     7     1    17
  1.6816864528170400E-01 a       168     0     7     1    18
 -7.3079817355902088E-01 a       169     0     7     1    19
 -3.2860936953417158E-01 a       170     0     7     1    20
 -2.5281107216968501E-01 a       171     0     7     1    21
  6.7922566562549669E-01 a       172     0     7     1    22
  2.0657977488080279E-01 a       173     0     7     1    23
  1.1974088592668729E-01 a       174     0     7     1    24
 -7.7143398816907141E-02 a       175     0     7     1    25
 -8.5200794312480524E-02 a       176     0     8     1     1
  1.9430726656024716E-02 a       177     0     8     1     2
  1.6077925473335081E-01 a       178     0     8     1     3
 -2.2684801256315981E-01 a       179     0     8     1     4
  2.0738384660477632E-01 a       180     0     8     1     5
 -2.1969720862705755E-01 a       181     0     8     1     6
 -5.2461333542448238E-02 a       182     0     8     1     7
  3.0119722665757087E-01 a       183     0     8     1     8
  1.4073868091999367E-01 a       184     0     8     1     9
 -1.6817097903018685E-01 a       185     0     8     1    10
  1.4627751465942412E-01 a       186     0     8     1    11
 -5.5406671606320879E-01 a       187     0     8     1    12
 -5.0161714631518056E-02 a       188     0     8     1    13
 -1.5584418563008615E-01 a       189     0     8     1    14
 -2.0894985439672793E-02 a       190     0     8     1    15
  2.0066323340157735E-01 a       191     0     8     1    16
  1.1631084350298071E-01 a       192     0     8     1    17
 -2.0852757911385517E-01 a       193     0     8     1    18
 -2.1645773855432940E-01 a       194     0     8     1    19
  2.2426530628309965E-01 a       195     0     8     1    20
 -4.3991500382914162E-02 a       196     0     8     1    21
  1.1206973836152359E-01 a       197     0     8     1    22
 -7.2067211692408428E-02 a       198     0     8     1    23
  1.4273134371511950E-01 a       199     0     8     1    24
  2.3299260102245450E-01 a       200     0     8     1    25
 -1.0562932559088747E+00 a       201     0     9     1     1
 -4.6297838736791844E-02 a       202     0     9     1     2
  9.8459331787485546E-02 a       203     0     9     1     3
  2.5789811343461744E-01 a       204     0     9     1     4
  1.0375031810132598E-01 a       205     0     9     1     5
  1.5840278422312695E-01 a       206     0     9     1     6
 -1.6349446341252225E-01 a       207     0     9     1     7
  8.0432900407147082E-02 a       208     0     9     1     8
  3.7325232719365420E-01 a       209     0     9     1     9
  1.4491715790982492E-02 a       210     0     9     1    10
  9.0423881054572691E-02 a       211     0     9     1    11
  3.0676305634864487E-01 a       212     0     9     1    12
 -3.4476716658153839E-01 a       213     0     9     1    13
 -3.1793495174775360E-01 a       214     0     9     1    14
  1.0340909287950260E-01 a       215     0     9     1    15
  1.5535971880165540E-03 a       216     0     9     1    16
 -3.4514280733989255E-01 a       217     0     9     1    17
  4.6518782754730414E-01 a       218     0     9     1    18
 -1.7154472378962567E-02 a       219     0     9     1    19
 -3.6693727683573429E-01 a       220     0     9     1    20
  1.5442950745421738E-01 a       221     0     9     1    21
  5.3914796767796280E-01 a       222     0     9     1    22
 -4.2389467984596102E-01 a       223     0     9     1    23
 -3.1264487488504777E-01 a       224     0     9     1    24
 -2.7702993384804958E-01 a       225     0     9     1    25
  2.1558861617266256E-01 a       226     0    10     1     1
 -4.3945829748187165E-01 a       227     0    10     1     2
  2.7549859073909144E-01 a       228     0    10     1     3
  2.1023946293753415E-01 a       229     0    10     1     4
  7.5585426692324001E-02 a       230     0    10     1     5
  1.5745801919361527E-01 a       231     0    10     1     6
 -1.0215907748169143E-02 a       232     0    10     1     7
  2.4626672617405268E-01 a       233     0    10     1     8
  1.2963714984417721E-01 a       234     0    10     1     9
 -4.0668875272952026E-01 a       235     0    10     1    10
 -8.6592833025853230E-02 a       236     0    10     1    11
 -9.2978251810716572E-01 a       237     0    10     1    12
  4.4692070641700866E-02 a       238     0    10     1    13
 -7.5112400255662182E-02 a       239     0    10     1    14
  3.9031365632933412E-02 a       240     0    10     1    15
 -4.1079647239713590E-01 a       241     0    10     1    16
  1.6661156117567109E-02 a       242     0    10     1    17
  2.4524982155413305E-01 a       243     0    10     1    18
 -4.5427458692083017E-01 a       244     0    10     1    19
 -2.3653264907757035E-01 a       245     0    10     1    20
  1.6046454018385914E-01 a       246     0    10     1    21
  2.5271582864804476E-01 a       247     0    10     1    22
 -1.5298674962387673E-01 a       248     0    10     1    23
 -1.7372896145471164E-01 a       249     0    10     1    24
 -4.0801528632199525E-02 a       250     0    10     1    25
  3.2995392682133451E-01 a       251     0    11     1     1
 -3.2218398208375665E-01 a       252     0    11     1     2
 -8.2489287660742761E-02 a       253     0    11     1     3
  2.9990943896506234E-01 a       254     0    11     1     4
 -3.8119923339585582E-01 a       255     0    11     1     5
  3.6710380026791073E-01 a       256     0    11     1     6
 -1.1455508359087467E-01 a       257     0    11     1     7
  4.3629266644004355E-01 a       258     0    11     1     8
  2.3809647324109395E-01 a       259     0    11     1     9
  5.1533181778161952E-01 a       260     0    11     1    10
 -3.4280273752473800E-01 a       261     0    11     1    11
 -1.6408053443326322E-02 a       262     0    11     1    12
  1.6648456800354722E-01 a       263     0    11     1    13
 -9.6954773684406137E-02 a       264     0    11     1    14
 -2.9315818539141819E-01 a       265     0    11     1    15
 -3.6434458982598822E-01 a       266     0    11     1    16
 -3.3922513842026703E-01 a       267     0    11     1    17
  7.7694506827880469E-02 a       268     0    11     1    18
 -2.0185581872170291E-01 a       269     0    11     1    19
 -3.6140644310861531E-01 a       270     0    11     1    20
 -2.7121522063560699E-01 a       271     0    11     1    21
  1.0729968610068277E+00 a       272     0    11     1    22
  1.5536233929178889E-01 a       273     0    11     1    23
  1.3231864655273018E-01 a       274     0    11     1    24
 -2.7077885154840270E-01 a       275     0    11     1    25
 -4.6775049497048671E-01 a       276     0    12     1     1
  2.3277844227584885E-01 a       277     0    12     1     2
 -2.7799981126617501E-01 a       278     0    12     1     3
  1.1356528816296042E-01 a       279     0    12     1     4
 -1.9821261946216667E-02 a       280     0    12     1     5
  2.4397877395253265E-01 a       281     0    12     1     6
 -1.3289672964471283E-01 a       282     0    12     1     7
 -8.4174404148018283E-03 a       283     0    12     1     8
 -1.7004494326601682E-01 a       284     0    12     1     9
 -1.8807235539788653E-02 a       285     0    12     1    10
  1.9350848728603623E-01 a       286     0    12     1    11
 -1.0909425620333956E-02 a       287     0    12     1    12
  1.7094892108654721E-02 a       288     0    12     1    13
  5.5240572043963076E-04 a       289     0    12     1    14
  3.3286442350212792E-01 a       290     0    12     1    15
 -2.0023872433019323E-02 a       291     0    12     1    16
 -8.2436122417202329E-02 a       292     0    12     1    17
  1.0085046128315928E-01 a       293     0    12     1    18
 -6.2290719164847720E-02 a       294     0    12     1    19
 -1.0082032653627042E-01 a       295     0    12     1    20
 -1.3198682385219992E-01 a       296     0    12     1    21
 -7.5226235970414945E-02 a       297     0    12     1    22
 -3.8374091333400985E-03 a       298     0    12     1    23
 -1.8513093205938630E-01 a       299     0    12     1    24
 -1.4569413960210620E-01 a       300     0    12     1    25
  1.0004472373091051E+00 a       301     0    13     1     1
 -1.8504561471659761E-01 a       302     0    13     1     2
  2.7121442884577923E-01 a       303     0    13     1     3
  1.2404187440722453E-01 a       304     0    13     1     4
  8.1276510263030649E-02 a       305     0    13     1     5
 -3.2584911233356362E-01 a       306     0    13     1     6
 -2.7913295756134687E-01 a       307     0    13     1     7
  7.4443817589892780E-01 a       308     0    13     1     8
 -7.7186551724033284E-02 a       309     0    13     1     9
  1.0816689179244594E-01 a       310     0    13     1    10
 -9.4296726491030144E-02 a       311     0    13     1    11
 -1.0870724683625820E-01 a       312     0    13     1    12
 -3.2098695516233944E-01 a       313     0    13     1    13
 -2.9979196664523172E-01 a       314     0    13     1    14
  4.1679946259124168E-01 a       315     0    13     1    15
 -5.7612388112710033E-01 a       316     0    13     1    16
 -2.8322205287064978E-01 a       317     0    13     1    17
  2.6076204388553476E-01 a       318     0    13     1    18
 -9.3634153007282228E-01 a       319     0    13     1    19
 -1.7649601548162952E-01 a       320     0    13     1    20
 -1.9381996423117956E-01 a       321     0    13     1    21
  2.8753556689795157E-01 a       322     0    13     1    22
 -2.9415314287844524E-01 a       323     0    13     1    23
  1.6963394117254135E-01 a       324     0    13     1    24
  1.4203481215198016E-01 a       325     0    13     1    25
 -3.2308699415636527E-01 a       326     0    14     1     1
  2.0609999621924732E-01 a       327     0    14     1     2
 -3.7019900887685392E-02 a       328     0    14     1     3
  3.2136651186851484E-01 a       329     0    14     1     4
  6.7907034010699613E-02 a       330     0    14     1     5
 -9.5348200009101505E-02 a       331     0    14     1     6
  2.6879720777608429E-01 a       332     0    14     1     7
 -2.3815689509049992E-01 a       333     0    14     1     8
  1.1941869685457178E-01 a       334     0    14     1     9
 -7.1164839841175762E-02 a       335     0    14     1    10
  2.2827964906354234E-01 a       336     0    14     1    11
 -2.7585377399066258E-01 a       337     0    14     1    12
  2.1083900044811286E-02 a       338     0    14     1    13
 -2.5162860432279005E-01 a       339     0    14     1    14
  1.8713299001952352E-01 a       340     0    14     1    15
 -6.4638184446341312E-02 a       341     0    14     1    16
  2.8932354140283334E-03 a       342     0    14     1    17
 -2.8355325207814630E-01 a       343     0    14     1    18
  4.3300663455135162E-02 a       344     0    14     1    19
  3.7846272500038962E-02 a       345     0    14     1    20
 -1.4016348924844954E-01 a       346     0    14     1    21
 -4.2658195763783102E-02 a       347     0    14     1    22
  6.8198515136881341E-02 a       348     0    14     1    23
 -2.1062703404496538E-01 a       349     0    14     1    24
 -9.0885609749939228E-02 a       350     0    14     1    25
 -3.0573772995251214E-02 a       351     0    15     1     1
 -4.8990819771690997E-01 a       352     0    15     1     2
 -1.8097052934511376E-01 a       353     0    15     1     3
  1.0735225340973897E-01 a       354     0    15     1     4
  9.2919168804211516E-01 a       355     0    15     1     5
 -6.5365461654831569E-01 a       356     0    15     1     6
  8.0048963841515053E-02 a       357     0    15     1     7
  6.3433406749731480E-01 a       358     0    15     1     8
  2.2018190767843240E-01 a       359     0    15     1     9
 -1.7079558702641368E-01 a       360     0    15     1    10
 -2.2116044985026739E-01 a       361     0    15     1    11
 -5.9154132765430120E-02 a       362     0    15     1    12
 -5.5196480985749508E-01 a       363     0    15     1    13
 -1.7825229686888999E-01 a       364     0    15     1    14
  3.6642225196559752E-01 a       365     0    15     1    15
 -3.2473991490884438E-02 a       366     0    15     1    16
 -1.5382926608104161E-01 a       367     0    15     1    17
  1.7520543212528164E-01 a       368     0    15     1    18
 -1.2848792271400893E+00 a       369     0    15     1    19
 -1.8195218918551589E-01 a       370     0    15     1    20
 -6.5263675775657878E-02 a       371     0    15     1    21
 -1.6684116070223906E-01 a       372     0    15     1    22
  1.8331757048059844E-01 a       373     0    15     1    23
  8.3512384670380066E-02 a       374     0    15     1    24
  9.2814230558713615E-02 a       375     0    15     1    25
 -2.7114855245866182E-01 a       376     0    16     1     1
 -1.3139222613236554E-01 a       377     0    16     1     2
  3.0441408337980769E-01 a       378     0    16     1     3
  2.0659463354860805E-01 a       379     0    16     1     4
 -2.7926621626448215E-02 a       380     0    16     1     5
 -4.9403919800473615E-02 a       381     0    16     1     6
  2.8723330810956421E-01 a       382     0    16     1     7
  3.8295963449793149E-02 a       383     0    16     1     8
 -2.7490691439543335E-01 a       384     0    16     1     9
 -2.2179068597000479E-01 a       385     0    16     1    10
  1.2541839811598054E-01 a       386     0    16     1    11
  1.9465597713051447E-01 a       387     0    16     1    12
  3.0297828992052467E-01 a       388     0    16     1    13
 -9.1759311421519746E-02 a       389     0    16     1    14
  3.0398902552719981E-01 a       390     0    16     1    15
 -5.3167244493668241E-02 a       391     0    16     1    16
  1.3678620557206514E-01 a       392     0    16     1    17
 -3.3942538967040614E-01 a       393     0    16     1    18
 -2.5726282093805725E-01 a       394     0    16     1    19
  1.2290168647961369E-02 a       395     0    16     1    20
 -9.8407292511687769E-02 a       396     0    16     1    21
 -2.3305310860705735E-02 a       397     0    16     1    22
 -2.5988693365630933E-01 a       398     0    16     1    23
 -1.5069336770549748E-02 a       399     0    16     1    24
 -7.9707433423788929E-02 a       400     0    16     1    25
 -5.6777929254014348E-01 a       401     0    17     1     1
  3.4791794725667186E-01 a       402     0    17     1     2
  9.7418924568998422E-02 a       403     0    17     1     3
 -9.2470579726793414E-02 a       404     0    17     1     4
 -3.3662171019211584E-01 a       405     0    17     1     5
  2.8315548217681152E-01 a       406     0    17     1     6
 -2.5777510489381378E-01 a       407     0    17     1     7
 -3.5442278046475040E-02 a       408     0    17     1     8
  3.0619467918083620E-01 a       409     0    17     1     9
  8.9205182524321927E-02 a       410     0    17     1    10
  5.9854517463564551E-02 a       411     0    17     1    11
  1.1339150877452019E-01 a       412     0    17     1    12
 -5.1140044483100741E-03 a       413     0    17     1    13
 -3.5623427282135844E-01 a       414     0    17     1    14
 -9.4978038092090503E-02 a       415     0    17     1    15
  3.6854279462969070E-01 a       416     0    17     1    16
 -2.0724357184084929E-01 a       417     0    17     1    17
 -3.2358285226695871E-01 a       418     0    17     1    18
 -7.9227096509617667E-01 a       419     0    17     1    19
  1.5733159754812484E-01 a       420     0    17     1    20
  1.5736550025883461E-01 a       421     0    17     1    21
  2.5786131088773454E-02 a       422     0    17     1    22
 -3.1323633442171123E-01 a       423     0    17     1    23
  1.5447414876666984E-01 a       424     0    17     1    24
  1.5359247880395785E-01 a       425     0    17     1    25
 -6.6000535726207321E-01 a       426     0    18     1     1
 -2.5879676903341470E-01 a       427     0    18     1     2
  1.7411232203083876E-01 a       428     0    18     1     3
  2.6107593416902880E-01 a       429     0    18     1     4
  2.2521471566551413E-01 a       430     0    18     1     5
 -1.2376623594668369E-01 a       431     0    18     1     6
  4.4389398121684304E-01 a       432     0    18     1     7
 -2.4774245874589072E-02 a       433     0    18     1     8
  1.8037661736747329E-01 a       434     0    18     1     9
 -2.5678494515879841E-01 a       435     0    18     1    10
 -8.8600528217254990E-02 a       436     0    18     1    11
  2.7128823721143552E-01 a       437     0    18     1    12
 -1.7716649170513657E-01 a       438     0    18     1    13
  4.4586688442733868E-01 a       439     0    18     1    14
 -1.4833243700399742E-01 a       440     0    18     1    15
  1.2971210009548995E-01 a       441     0    18     1    16
  7.2070430699260560E-03 a       442     0    18     1    17
  1.8216889263795277E-01 a       443     0    18     1    18
  1.5409431716572045E-01 a       444     0    18     1    19
  2.9088745712819830E-01 a       445     0    18     1    20
  9.3487891093561065E-02 a       446     0    18     1    21
 -3.8159292685077478E-01 a       447     0    18     1    22
  4.7586588849145024E-02 a       448     0    18     1    23
  1.8249891902697310E-01 a       449     0    18     1    24
 -5.5659639829668345E-02 a       450     0    18     1    25
  2.9685533251435692E-01 a       451     0    19     1     1
 -4.9976156805575311E-01 a       452     0    19     1     2
  8.1992134515297285E-02 a       453     0    19     1     3
 -6.3128935939418970E-02 a       454     0    19     1     4
  4.1592964071730359E-01 a       455     0    19     1     5
 -3.4582253033984056E-01 a       456     0    19     1     6
  4.8639969344734374E-01 a       457     0    19     1     7
 -7.4967276151177112E-02 a       458     0    19     1     8
  2.0939430233555881E-01 a       459     0    19     1     9
 -3.7803663556547032E-02 a       460     0    19     1    10
 -9.3276561799054917E-03 a       461     0    19     1    11
 -3.1572621952513824E-01 a       462     0    19     1    12
  6.6107295415424689E-03 a       463     0    19     1    13
  4.9270800420683469E-01 a       464     0    19     1    14
 -3.9536069573528017E-02 a       465     0    19     1    15
  1.5977125312619556E-01 a       466     0    19     1    16
 -3.0295831616306340E-01 a       467     0    19     1    17
  1.2909189254943745E-01 a       468     0    19     1    18
  4.9049874238616425E-01 a       469     0    19     1    19
 -2.3431369961582578E-02 a       470     0    19     1    20
  3.2274975935933981E-01 a       471     0    19     1    21
  3.1513457610201012E-01 a       472     0    19     1    22
 -4.6075350948036331E-01 a       473     0    19     1    23
 -6.9028684046112468E-02 a       474     0    19     1    24
  3.0654516613855898E-01 a       475     0    19     1    25
 -1.1954255109403847E-01 a       476     0    20     1     1
 -1.4628648299276797E-01 a       477     0    20     1     2
  1.2111038765913748E-01 a       478     0    20     1     3
  1.0706207608225170E-02 a       479     0    20     1     4
 -3.2903723218066305E-01 a       480     0    20     1     5
 -9.3499181856155938E-02 a       481     0    20     1     6
  3.8385543372331371E-01 a       482     0    20     1     7
 -1.5812286338368170E-01 a       483     0    20     1     8
  1.0623730950223507E-01 a       484     0    20     1     9
 -1.5813015133837832E-01 a       485     0    20     1    10
  7.2864347129391313E-02 a       486     0    20     1    11
  5.7587855352876076E-02 a       487     0    20     1    12
 -1.4838211243123908E-01 a       488     0    20     1    13
  1.9577852268348025E-01 a       489     0    20     1    14
  2.9268238613093092E-02 a       490     0    20     1    15
  7.7371648497204237E-02 a       491     0    20     1    16
  2.6949751868650634E-01 a       492     0    20     1    17
  2.0087306624569085E-01 a       493     0    20     1    18
  2.9061576577554488E-01 a       494     0    20     1    19
  3.2748312031973571E-02 a       495     0    20     1    20
 -1.8529658614357578E-01 a       496     0    20     1    21
 -4.9785862601476222E-01 a       497     0    20     1    22
 -1.3879719063925872E-01 a       498     0    20     1    23
 -3.6019765953223570E-01 a       499     0    20     1    24
  9.1322449145039467E-02 a       500     0    20     1    25
 -4.2545712023967980E-02 a       501     0    21     1     1
 -4.2429564331670033E-01 a       502     0    21     1     2
  5.8963746808218198E-01 a       503     0    21     1     3
 -8.3704327852424619E-03 a       504     0    21     1     4
 -2.7951799205993166E-02 a       505     0    21     1     5
 -8.2809120367060438E-02 a       506     0    21     1     6
  3.2940398539424548E-01 a       507     0    21     1     7
  1.6935449460757213E-01 a       508     0    21     1     8
  8.4907428034513815E-02 a       509     0    21     1     9
 -7.3868023494364901E-02 a       510     0    21     1    10
  1.8350351914232406E-02 a       511     0    21     1    11
 -6.9203197496281010E-01 a       512     0    21     1    12
 -3.0431067677457396E-01 a       513     0    21     1    13
  4.6872745265872762E-01 a       514     0    21     1    14
  4.6137292662198209E-01 a       515     0    21     1    15
 -3.6926190288476983E-02 a       516     0    21     1    16
 -2.2181600066500609E-01 a       517     0    21     1    17
  1.5521379160200874E-01 a       518     0    21     1    18
 -9.7663814812042671E-02 a       519     0    21     1    19
  2.4747347670351502E-01 a       520     0    21     1    20
 -1.7746675775204507E-01 a       521     0    21     1    21
  1.5689733511102108E-01 a       522     0    21     1    22
 -1.8616497842499671E-01 a       523     0    21     1    23
  4.0041320076814185E-02 a       524     0    21     1    24
  1.6610354763930513E-01 a       525     0    21     1    25
  6.7144170273173698E-01 a       526     0    22     1     1
  3.8811328956407898E-01 a       527     0    22     1     2
  1.4254941168393223E-01 a       528     0    22     1     3
  1.8905779367133066E-01 a       529     0    22     1     4
 -6.7449120348923242E-01 a       530     0    22     1     5
  7.3025240078799425E-01 a       531     0    22     1     6
 -2.3116119327109680E-01 a       532     0    22     1     7
 -1.7566693162058084E-01 a       533     0    22     1     8
  3.0219893647393009E-01 a       534     0    22     1     9
  4.0866360688710485E-01 a       535     0    22     1    10
 -1.2681883930813270E-01 a       536     0    22     1    11
 -6.0827726145780917E-03 a       537     0    22     1    12
  9.9798198762206400E-02 a       538     0    22     1    13
 -1.2774753838014913E-01 a       539     0    22     1    14
 -1.1446771277072877E-01 a       540     0    22     1    15
  2.1703133647247241E-01 a       541     0    22     1    16
 -1.6732789976215395E-01 a       542     0    22     1    17
 -1.1263018696926340E-01 a       543     0    22     1    18
 -4.0767816686593245E-01 a       544     0    22     1    19
 -1.8779766763341251E-02 a       545     0    22     1    20
 -9.5842870441606901E-02 a       546     0    22     1    21
  4.9687501699897435E-01 a       547     0    22     1    22
 -1.1424628002015436E-01 a       548     0    22     1    23
  4.7286781145022388E-01 a       549     0    22     1    24
  1.8601851068035782E-01 a       550     0    22     1    25
 -3.5617584489254445E-01 a       551     0    23     1     1
 -1.0434842069208299E-01 a       552     0    23     1     2
  1.0797901815228958E-01 a       553     0    23     1     3
 -1.0474008566982734E-01 a       554     0    23     1     4
  7.4578531633869224E-02 a       555     0    23     1     5
 -2.9963508114655736E-02 a       556     0    23     1     6
  7.3559456694880343E-02 a       557     0    23     1     7
 -1.1774826713728127E-03 a       558     0    23     1     8
 -1.4025344893170422E-01 a       559     0    23     1     9
  2.3334017789698465E-02 a       560     0    23     1    10
 -1.2458048170796474E-01 a       561     0    23     1    11
 -2.8372868927016065E-01 a       562     0    23     1    12
 -1.0320888476246900E-02 a       563     0    23     1    13
 -1.7749446880782796E-01 a       564     0    23     1    14
  1.5540689636265093E-01 a       565     0    23     1    15
  1.4013703292234350E-01 a       566     0    23     1    16
 -2.3851043916612608E-01 a       567     0    23     1    17
  2.0992181008738495E-01 a       568     0    23     1    18
  2.5549215110157736E-01 a       569     0    23     1    19
 -7.2149880903568608E-02 a       570     0    23     1    20
 -1.9785937792149121E-02 a       571     0    23     1    21
  3.9532295699452913E-01 a       572     0    23     1    22
 -5.4076408266004232E-02 a       573     0    23     1    23
  2.4212489590209826E-01 a       574     0    23     1    24
  3.6639650336416024E-01 a       575     0    23     1    25
 -3.2566750089600072E-01 a       576     0    24     1     1
  5.4055047460244887E-01 a       577     0    24     1     2
  6.6716080758562377E-02 a       578     0    24     1     3
 -1.4386630318336863E-01 a       579     0    24     1     4
 -7.8765038541573773E-01 a       580     0    24     1     5
  8.3646728687921912E-01 a       581     0    24     1     6
 -5.2271645453705939E-01 a       582     0    24     1     7
 -5.6490938782108058E-01 a       583     0    24     1     8
  1.9283063184824437E-01 a       584     0    24     1     9
  3.1505126805089850E-01 a       585     0    24     1    10
  1.5775902823469107E-01 a       586     0    24     1    11
  8.0328408101915105E-01 a       587     0    24     1    12
 -3.7487058558033762E-02 a       588     0    24     1    13
 -5.0070053316812191E-01 a       589     0    24     1    14
 -5.0362387379634732E-01 a       590     0    24     1    15
  2.9215967046904956E-01 a       591     0    24     1    16
  4.1364906807373614E-01 a       592     0    24     1    17
 -2.4559347892641159E-01 a       593     0    24     1    18
 -9.2707722067619014E-01 a       594     0    24     1    19
 -3.5314438839247106E-02 a       595     0    24     1    20
 -4.8566296472654558E-01 a       596     0    24     1    21
  1.3330432794378000E-01 a       597     0    24     1    22
  3.3313657259441326E-01 a       598     0    24     1    23
  3.1803560970552508E-01 a       599     0    24     1    24
  3.7857610930901886E-01 a       600     0    24     1    25
  7.4789193835376777E-01 a       601     0    25     1     1
 -4.9818953111488307E-01 a       602     0    25     1     2
  2.7065733657802687E-01 a       603     0    25     1     3
  4.1924018687618197E-01 a       604     0    25     1     4
  3.9758243911687036E-01 a       605     0    25     1     5
 -5.5200118856031077E-01 a       606     0    25     1     6
  7.3757029864387047E-01 a       607     0    25     1     7
  2.0122037428165540E-01 a       608     0    25     1     8
 -3.5833179849061209E-01 a       609     0    25     1     9
 -4.3168521052946879E-01 a       610     0    25     1    10
  2.8415365743550874E-01 a       611     0    25     1    11
 -4.4916660611140735E-01 a       612     0    25     1    12
  4.3512510719744124E-01 a       613     0    25     1    13
  7.9313740876716188E-01 a       614     0    25     1    14
 -4.9264541467247298E-02 a       615     0    25     1    15
 -3.3805595620372891E-01 a       616     0    25     1    16
 -4.6783324945892335E-01 a       617     0    25     1    17
 -2.4062283273920790E-01 a       618     0    25     1    18
  3.7851087282712209E-01 a       619     0    25     1    19
  6.9267681172072260E-01 a       620     0    25     1    20
  1.8674142249614373E-01 a       621     0    25     1    21
 -5.0603734092676145E-01 a       622     0    25     1    22
 -1.5634137233880274E-01 a       623     0    25     1    23
 -5.4630683223268373E-01 a       624     0    25     1    24
  2.6892290318348289E-01 a       625     0    25     1    25
  8.3832723825345357E-01 a       626     0    26     1     1
  2.6825953789704943E-01 a       627     0    26     1     2
  2.6496668897126333E-02 a       628     0    26     1     3
  1.4398401892419618E-01 a       629     0    26     1     4
 -6.7496652977223556E-02 a       630     0    26     1     5
  2.9025601584615557E-01 a       631     0    26     1     6
  2.4772466753005865E-01 a       632     0    26     1     7
  2.1110809139017153E-02 a       633     0    26     1     8
 -8.8755487141570749E-02 a       634     0    26     1     9
  3.0758208456047526E-01 a       635     0    26     1    10
  1.2611299090959319E-01 a       636     0    26     1    11
 -6.0665654476852249E-01 a       637     0    26     1    12
  1.9285921966611114E-01 a       638     0    26     1    13
  7.1756422784643101E-02 a       639     0    26     1    14
 -2.5968786839524233E-01 a       640     0    26     1    15
  5.1907030359230978E-02 a       641     0    26     1    16
  3.2362988984819119E-01 a       642     0    26     1    17
 -4.9082684305421520E-01 a       643     0    26     1    18
 -3.2639472953909121E-02 a       644     0    26     1    19
  3.5776651460311770E-01 a       645     0    26     1    20
 -6.9501888717829641E-02 a       646     0    26     1    21
 -5.4911685636151886E-01 a       647     0    26     1    22
 -6.7580745364858308E-02 a       648     0    26     1    23
 -9.3350240782128405E-02 a       649     0    26     1    24
 -2.6755967102217648E-01 a       650     0    26     1    25
  2.7671665483227009E-01 a       651     0    27     1     1
 -7.3167542214083447E-01 a       652     0    27     1     2
  6.4777979936855856E-01 a       653     0    27     1     3
  2.0736663581124015E-01 a       654     0    27     1     4
  2.7339160720169731E-01 a       655     0    27     1     5
 -4.9953230178308744E-01 a       656     0    27     1     6
  7.1973586962322156E-01 a       657     0    27     1     7
  4.0718414611910575E-01 a       658     0    27     1     8
 -4.0180008432266884E-01 a       659     0    27     1     9
 -5.6689550701539160E-01 a       660     0    27     1    10
 -5.2428257921753096E-02 a       661     0    27     1    11
 -1.3658786972940502E+00 a       662     0    27     1    12
  1.4250463750356812E-01 a       663     0    27     1    13
  9.5984948199759934E-01 a       664     0    27     1    14
  7.0805121882600253E-01 a       665     0    27     1    15
 -5.1286008865008670E-01 a       666     0    27     1    16
 -4.8602270909555834E-01 a       667     0    27     1    17
 -4.0651846519727164E-01 a       668     0    27     1    18
  1.3812523095289662E+00 a       669     0    27     1    19
  5.0921068093645183E-01 a       670     0    27     1    20
  4.5553111273003689E-02 a       671     0    27     1    21
 -5.7992848444260492E-01 a       672     0    27     1    22
 -4.5185970904246212E-02 a       673     0    27     1    23
 -5.4967567185267463E-01 a       674     0    27     1    24
 -2.4098959846630061E-01 a       675     0    27     1    25
 -8.6849495561822543E-01 a       676     0    28     1     1
  8.3835660985022253E-01 a       677     0    28     1     2
 -6.1689360311536479E-01 a       678     0    28     1     3
 -2.5917856098824810E-01 a       679     0    28     1     4
 -4.1879241188525146E-01 a       680     0    28     1     5
  1.3461521758636772E+00 a       681     0    28     1     6
 -6.8132911158916631E-01 a       682     0    28     1     7
 -8.3172515541364866E-01 a       683     0    28     1     8
  2.4844493661976316E-01 a       684     0    28     1     9
  9.4130493081718702E-01 a       685     0    28     1    10
 -1.6152399217714944E-01 a       686     0    28     1    11
  1.9104063205374897E+00 a       687     0    28     1    12
 -6.6621635147328759E-02 a       688     0    28     1    13
 -1.1568414080249692E+00 a       689     0    28     1    14
 -1.4429594435112550E-01 a       690     0    28     1    15
  2.5178783935524407E-01 a       691     0    28     1    16
  6.0168949269161243E-01 a       692     0    28     1    17
  3.8492441546653777E-01 a       693     0    28     1    18
 -1.1236295025623084E+00 a       694     0    28     1    19
 -1.0071311588907410E+00 a       695     0    28     1    20
 -3.6519393543484008E-01 a       696     0    28     1    21
  6.4765675877759132E-01 a       697     0    28     1    22
 -1.6440030517399329E-01 a       698     0    28     1    23
  8.5355211542211595E-01 a       699     0    28     1    24
 -1.3725617889343422E-01 a       700     0    28     1    25
  7.5381656141020534E-03 a       701     0    29     1     1
 -4.3156594517809754E-01 a       702     0    29     1     2
 -4.2068007868998378E-02 a       703     0    29     1     3
  2.6863488066837488E-01 a       704     0    29     1     4
  3.8875083656905024E-01 a       705     0    29     1     5
 -2.4855435400592046E-01 a       706     0    29     1     6
  8.8360994507451468E-02 a       707     0    29     1     7
  4.0057699163980015E-01 a       708     0    29     1     8
 -1.8150035370765469E-02 a       709     0    29     1     9
 -2.7807662861146748E-01 a       710     0    29     1    10
 -2.8165680445813407E-01 a       711     0    29     1    11
 -1.8802777321927916E-01 a       712     0    29     1    12
 -2.3712805732590930E-01 a       713     0    29     1    13
  3.0951647406760413E-01 a       714     0    29     1    14
  5.0205731135991041E-02 a       715     0    29     1    15
  3.0999939793808270E-02 a       716     0    29     1    16
 -2.2944329760723944E-01 a       717     0    29     1    17
 -1.7651408412931871E-01 a       718     0    29     1    18
  6.6132796901595270E-01 a       719     0    29     1    19
 -1.1296033873495756E-01 a       720     0    29     1    20
 -2.5855449333391911E-01 a       721     0    29     1    21
  4.0359789541342578E-01 a       722     0    29     1    22
  2.7034300349990986E-01 a       723     0    29     1    23
 -2.2900858073560254E-01 a       724     0    29     1    24
 -1.9628957749186543E-01 a       725     0    29     1    25
  5.2561679319557764E-01 a       726     0    30     1     1
  4.8823248873898240E-01 a       727     0    30     1     2
 -8.3680881960925727E-02 a       728     0    30     1     3
 -3.3857881445650578E-01 a       729     0    30     1     4
 -4.6982431041820288E-01 a       730     0    30     1     5
 -1.1767992752155829E-02 a       731     0    30     1     6
 -4.4370882400442463E-01 a       732     0    30     1     7
  3.2522282648010659E-01 a       733     0    30     1     8
  1.3947348974848406E-01 a       734     0    30     1     9
  1.0921384345371557E-01 a       735     0    30     1    10
 -7.3902013582023404E-02 a       736     0    30     1    11
 -5.9909207408321168E-02 a       737     0    30     1    12
  3.3737486260314153E-01 a       738     0    30     1    13
  2.1699047693198698E-01 a       739     0    30     1    14
 -2.0016905367676474E-01 a       740     0    30     1    15
  1.6828028507846726E-01 a       741     0    30     1    16
 -1.4766167131809554E-01 a       742     0    30     1    17
  2.7911760410873093E-02 a       743     0    30     1    18
  2.8607321674045927E-01 a       744     0    30     1    19
 -3.8430784021536997E-02 a       745     0    30     1    20
  8.9209905967692644E-03 a       746     0    30     1    21
 -4.2283742191354623E-01 a       747     0    30     1    22
  4.6144271310508855E-01 a       748     0    30     1    23
 -2.1767128731696522E-01 a       749     0    30     1    24
  1.0374938180593475E-01 a       750     0    30     1    25
 -5.8929112034568665E-01 b       751     1     1
 -2.3872459089187759E-01 b       752     1     2
  1.1288427999356681E-02 b       753     1     3
  2.0412613363156276E-01 b       754     1     4
  3.2738838595450437E-01 b       755     1     5
 -2.6315311195737889E-01 b       756     1     6
 -3.3644922217167655E-01 b       757     1     7
  2.4435068576893546E-01 b       758     1     8
 -2.5889907616325450E-03 b       759     1     9
 -7.8373700744771319E-02 b       760     1    10
  2.0662877533619689E-01 b       761     1    11
 -3.3887807246945223E-01 b       762     1    12
 -1.0584284423309441E-01 b       763     1    13
 -1.0595263701382882E-01 b       764     1    14
  1.7585940711965914E-01 b       765     1    15
 -5.8756534805701241E-02 b       766     1    16
 -1.9888512998298011E-01 b       767     1    17
  9.0048751779527342E-02 b       768     1    18
 -4.9718893091194277E-01 b       769     1    19
  4.8057872516399487E-02 b       770     1    20
  2.6872784168019876E-02 b       771     1    21
 -3.4898309311071929E-01 b       772     1    22
  1.1674575137570566E-01 b       773     1    23
  1.2945035378017672E-01 b       774     1    24
 -1.4908442991146537E-01 b       775     1    25
  1.0253438028585879E-01 a       776     1     1     2     1
 -4.7093573377054088E-01 a       777     1     1     2     2
  3.0474015883375849E-01 a       778     1     1     2     3
  6.5824361647174034E-02 a       779     1     1     2     4
  2.6382072741531526E-01 a       780     1     1     2     5
  3.4566168390656687E-01 a       781     1     1     2     6
  7.7224796713483063E-02 a       782     1     1     2     7
 -5.4539793732045580E-02 a       783     1     1     2     8
 -2.0990150286497541E-01 a       784     1     1     2     9
  5.3852471191085083E-01 a       785     1     1     2    10
 -6.9674708467325749E-02 a       786     1     1     2    11
  9.1011134028413113E-02 a       787     1     1     2    12
  5.9208003878569559E-01 a       788     1     1     2    13
 -4.2872628399582289E-03 a       789     1     1     2    14
  3.8313169463157304E-01 a       790     1     1     2    15
 -1.1936120468110549E+00 a       791     1     1     2    16
  2.0687470712770112E-01 a       792     1     1     2    17
 -3.1596357584218632E-01 a       793     1     1     2    18
 -2.3304008464451256E-02 a       794     1     1     2    19
 -2.0172740515095658E-01 a       795     1     1     2    20
 -1.9587714936991563E-01 a       796     1     1     2    21
  1.3625420099967385E+00 a       797     1     1     2    22
 -2.8263017373200777E-01 a       798     1     1     2    23
 -3.1083730826563222E-01 a       799     1     1     2    24
 -2.9713361036414171E-01 a       800     1     1     2    25
  2.2232724874063786E-01 a       801     1     2     2     1
  4.2477235188096918E-01 a       802     1     2     2     2
  9.4649325764534734E-02 a       803     1     2     2     3
  6.5967276862447050E-02 a       804     1     2     2     4
 -6.9007359572150295E-01 a       805     1     2     2     5
  1.2540564330054421E-01 a       806     1     2     2     6
  4.1155654655128709E-01 a       807     1     2     2     7
  4.8201943171867950E-01 a       808     1     2     2     8
  4.2223952885606875E-02 a       809     1     2     2     9
 -7.4775135687647509E-01 a       810     1     2     2    10
  3.3231626817596965E-01 a       811     1     2     2    11
 -8.9174302600107974E-02 a       812     1     2     2    12
 -9.5290357733618691E-01 a       813     1     2     2    13
 -2.0326022081958887E-02 a       814     1     2     2    14
 -8.2389843595428142E-02 a       815     1     2     2    15
  2.4790029031598018E-01 a       816     1     2     2    16
 -2.7568427208351221E-01 a       817     1     2     2    17
  3.8206227439566787E-01 a       818     1     2     2    18
  4.3456158381593418E-01 a       819     1     2     2    19
  1.3434145587640825E-01 a       820     1     2     2    20
 -1.1456224178259812E-01 a       821     1     2     2    21
  3.6147272245809603E-02 a       822     1     2     2    22
 -7.1402924812261820E-02 a       823     1     2     2    23
  1.4186664120075795E-01 a       824     1     2     2    24
 -4.0222404221607035E-02 a       825     1     2     2    25
 -1.1781632065095106E-01 a       826     1     3     2     1
 -2.8642051861261947E-01 a       827     1     3     2     2
 -6.3938382223925838E-02 a       828     1     3     2     3
 -1.9057684674954983E-01 a       829     1     3     2     4
  5.3105463519787799E-01 a       830     1     3     2     5
 -3.0680282122040858E-01 a       831     1     3     2     6
  6.0804581208586846E-02 a       832     1     3     2     7
 -3.2576811686651114E-01 a       833     1     3     2     8
 -4.3264346468466955E-02 a       834     1     3     2     9
  3.4935268103702111E-01 a       835     1     3     2    10
  7.8496181557444075E-02 a       836     1     3     2    11
  1.6979657116934210E-01 a       837     1     3     2    12
  4.5012796349482331E-01 a       838     1     3     2    13
  4.2390032638327263E-01 a       839     1     3     2    14
  2.1294482577933019E-01 a       840     1     3     2    15
 -4.7381243592790578E-01 a       841     1     3     2    16
  2.8357487126616804E-01 a       842     1     3     2    17
 -6.9551487846642168E-02 a       843     1     3     2    18
  2.1424161579560866E-01 a       844     1     3     2    19
 -2.2820795877894112E-01 a       845     1     3     2    20
  1.7526128399975935E-01 a       846     1     3     2    21
  3.8442788203783923E-01 a       847     1     3     2    22
  2.6878576394474901E-01 a       848     1     3     2    23
  1.7231896845606201E-01 a       849     1     3     2    24
 -1.9131710293320089E-01 a       850     1     3     2    25
 -9.2821552430201654E-02 a       851     1     4     2     1
 -4.6993405532797539E-01 a       852     1     4     2     2
 -2.2016711410349238E-01 a       853     1     4     2     3
  3.5569970785513383E-01 a       854     1     4     2     4
 -3.7204291624584447E-02 a       855     1     4     2     5
 -1.7103818830834134E-02 a       856     1     4     2     6
  9.5360761037636160E-02 a       857     1     4     2     7
 -2.9748588188850311E-01 a       858     1     4     2     8
 -6.8265687599707178E-02 a       859     1     4     2     9
 -1.5149173242848493E-01 a       860     1     4     2    10
  2.1272785493285828E-01 a       861     1     4     2    11
  1.8324214082903437E-01 a       862     1     4     2    12
  6.1509644272711572E-01 a       863     1     4     2    13
 -3.7021266206923212E-02 a       864     1     4     2    14
  4.4650849276800753E-01 a       865     1     4     2    15
  7.6125175142158982E-02 a       866     1     4     2    16
 -2.3800911884163717E-01 a       867     1     4     2    17
 -4.4945753649672382E-01 a       868     1     4     2    18
  9.0578293612899666E-02 a       869     1     4     2    19
  1.0584856141577838E-01 a       870     1     4     2    20
 -2.5133075511273117E-01 a       871     1     4     2    21
 -9.7130546403539630E-02 a       872     1     4     2    22
  2.8908243333193562E-01 a       873     1     4     2    23
 -1.8346357945524289E-01 a       874     1     4     2    24
 -1.0390369385530554E-01 a       875     1     4     2    25
  2.1288331226191465E-02 a       876     1     5     2     1
 -4.1608440759843539E-02 a       877     1     5     2     2
  4.0333921669521433E-01 a       878     1     5     2     3
 -6.5790267166504449E-02 a       879     1     5     2     4
  4.1756332344670410E-01 a       880     1     5     2     5
 -9.9751291791082206E-03 a       881     1     5     2     6
 -2.8558239087959913E-02 a       882     1     5     2     7
 -8.1063045187314442E-02 a       883     1     5     2     8
  2.6687289719034157E-01 a       884     1     5     2     9
  9.4089078915044444E-01 a       885     1     5     2    10
  2.9404581608910763E-01 a       886     1     5     2    11
  4.8120249505965929E-01 a       887     1     5     2    12
  1.0526272155586220E+00 a       888     1     5     2    13
 -1.6622222151511604E-01 a       889     1     5     2    14
  1.4074212187573154E-01 a       890     1     5     2    15
 -4.5527250605810549E-01 a       891     1     5     2    16
  3.0203768586006036E-01 a       892     1     5     2    17
 -5.9528265283750981E-01 a       893     1     5     2    18
  2.4813246208878575E-01 a       894     1     5     2    19
  2.2501967573812354E-01 a       895     1     5     2    20
  2.4049247487477210E-01 a       896     1     5     2    21
  2.1740035417759726E-01 a       897     1     5     2    22
 -3.1528789155028059E-01 a       898     1     5     2    23
 -3.1281888902760951E-01 a       899     1     5     2    24
  7.0674897552814475E-02 a       900     1     5     2    25
 -1.9877342377775303E-02 a       901     1     6     2     1
  1.6305197282876902E-01 a       902     1     6     2     2
 -2.5063050944888426E-01 a       903     1     6     2     3
 -2.2647677648169406E-01 a       904     1     6     2     4
 -3.3449652761278781E-01 a       905     1     6     2     5
 -1.9450028225160131E-02 a       906     1     6     2     6
  4.1501879639394818E-01 a       907     1     6     2     7
  4.9269638912416175E-01 a       908     1     6     2     8
 -2.6511301480284061E-01 a       909     1     6     2     9
 -9.9956853582345384E-01 a       910     1     6     2    10
 -1.5092326009533144E-01 a       911     1     6     2    11
 -5.1530372302426286E-01 a       912     1     6     2    12
 -9.9847293989950325E-01 a       913     1     6     2    13
 -1.9577171404054061E-01 a       914     1     6     2    14
  9.1567915194476990E-02 a       915     1     6     2    15
  8.4060483385935447E-01 a       916     1     6     2    16
 -2.7576068037300779E-02 a       917     1     6     2    17
  7.9019046668809864E-02 a       918     1     6     2    18
  3.8367544086063321E-01 a       919     1     6     2    19
 -1.6154671208986934E-02 a       920     1     6     2    20
 -3.7920876571588047E-01 a       921     1     6     2    21
 -6.8315282251400367E-01 a       922     1     6     2    22
 -1.7303469268410896E-02 a       923     1     6     2    23
  2.0244462398862270E-01 a       924     1     6     2    24
 -1.6378275825148941E-01 a       925     1     6     2    25
  6.8706616936039633E-02 a       926     1     7     2     1
 -5.8100347134168417E-01 a       927     1     7     2     2
 -2.6576330930716260E-02 a       928     1     7     2     3
  5.9276018187628211E-02 a       929     1     7     2     4
  2.8511846437480515E-01 a       930     1     7     2     5
  2.9803263627286702E-01 a       931     1     7     2     6
 -1.0827433679472992E-01 a       932     1     7     2     7
 -5.2736653283915225E-01 a       933     1     7     2     8
  1.6875905375492528E-01 a       934     1     7     2     9
  8.0437867831745313E-01 a       935     1     7     2    10
  2.2984764781303668E-01 a       936     1     7     2    11
  3.7697431296038597E-01 a       937     1     7     2    12
  9.3377950875355764E-01 a       938     1     7     2    13
 -7.9678767139321871E-02 a       939     1     7     2    14
  4.9602040535166841E-01 a       940     1     7     2    15
 -5.0731525078163431E-01 a       941     1     7     2    16
 -1.1667647063358522E-01 a       942     1     7     2    17
 -8.9766298151016770E-03 a       943     1     7     2    18
 -2.2817040397643118E-01 a       944     1     7     2    19
 -1.8481879108893012E-01 a       945     1     7     2    20
  1.2006926337025509E-01 a       946     1     7     2    21
  1.4832827477660920E-01 a       947     1     7     2    22
  3.0715825665822671E-01 a       948     1     7     2    23
 -2.4283232374517583E-01 a       949     1     7     2    24
 -2.4237615649054062E-01 a       950     1     7     2    25
  2.1472251915652843E-01 a       951     1     8     2     1
 -2.5513191479664410E-01 a       952     1     8     2     2
  1.9630435528536463E-01 a       953     1     8     2     3
  2.3272953365826875E-02 a       954     1     8     2     4
  8.6240099475157483E-02 a       955     1     8     2     5
  7.8316798834832113E-02 a       956     1     8     2     6
 -3.7408376412856031E-01 a       957     1     8     2     7
 -4.0029688565012622E-01 a       958     1     8     2     8
  1.6197921764967155E-01 a       959     1     8     2     9
  6.7505144594466315E-01 a       960     1     8     2    10
  7.1527719951705107E-02 a       961     1     8     2    11
  1.4038497285683366E-01 a       962     1     8     2    12
  7.4854694125474741E-01 a       963     1     8     2    13
 -5.2971866759981417E-03 a       964     1     8     2    14
 -4.4625440609547748E-03 a       965     1     8     2    15
 -6.1836141533475986E-01 a       966     1     8     2    16
 -5.5253940347410335E-01 a       967     1     8     2    17
 -1.1462952265807970E-01 a       968     1     8     2    18
 -5.7951069109018349E-01 a       969     1     8     2    19
  1.0243081324178470E-01 a       970     1     8     2    20
  2.4900547961396544E-01 a       971     1     8     2    21
  1.8504179619552494E-01 a       972     1     8     2    22
  1.1984782716051531E-01 a       973     1     8     2    23
  7.4533100616776912E-02 a       974     1     8     2    24
  1.1444467925218811E-01 a       975     1     8     2    25
 -5.4192857676521676E-02 a       976     1     9     2     1
  4.2195583666419367E-01 a       977     1     9     2     2
 -2.8314826535959525E-01 a       978     1     9     2     3
  1.5791373546338242E-01 a       979     1     9     2     4
 -2.4029849794858568E-01 a       980     1     9     2     5
 -2.5541564871984179E-01 a       981     1     9     2     6
  3.3430064695104350E-01 a       982     1     9     2     7
  1.3685298600731982E-01 a       983     1     9     2     8
  3.0631652868265891E-01 a       984     1     9     2     9
 -4.0309468376359231E-01 a       985     1     9     2    10
  1.7644347556264472E-01 a       986     1     9     2    11
 -3.9395764665098025E-02 a       987     1     9     2    12
  7.2979117567690641E-02 a       988     1     9     2    13
 -1.3295043554840497E-01 a       989     1     9     2    14
  1.2142638455635124E-01 a       990     1     9     2    15
  1.4572926167954195E-01 a       991     1     9     2    16
  3.3598657972885715E-01 a       992     1     9     2    17
 -5.5058450773669575E-02 a       993     1     9     2    18
 -2.2274079844439917E-01 a       994     1     9     2    19
 -8.6716684204948186E-02 a       995     1     9     2    20
  2.0027481933361146E-01 a       996     1     9     2    21
 -4.5944751174404047E-01 a       997     1     9     2    22
  2.5951330979947057E-01 a       998     1     9     2    23
  1.5992040091404678E-02 a       999     1     9     2    24
  3.0670736762957007E-02 a      1000     1     9     2    25
 -4.8040415667498067E-02 a      1001     1    10     2     1
  4.4122068674400666E-01 a      1002     1    10     2     2
 -1.3678938021333181E-01 a      1003     1    10     2     3
 -2.1961501323604890E-01 a      1004     1    10     2     4
 -2.3251250391301452E-03 a      1005     1    10     2     5
 -5.8182517787239568E-02 a      1006     1    10     2     6
  3.4581059448586288E-01 a      1007     1    10     2     7
 -6.7046309888263217E-03 a      1008     1    10     2     8
 -6.4917722599106428E-02 a      1009     1    10     2     9
 -5.6526883883069523E-01 a      1010     1    10     2    10
  9.8524004356901826E-02 a      1011     1    10     2    11
 -3.1962439236868578E-01 a      1012     1    10     2    12
 -7.2184894125295762E-01 a      1013     1    10     2    13
 -2.2755741054918791E-01 a      1014     1    10     2    14
 -2.7671513359639666E-01 a      1015     1    10     2    15
  5.0893253137360728E-01 a      1016     1    10     2    16
  4.7204443269935187E-01 a      1017     1    10     2    17
  3.5748660133221749E-01 a      1018     1    10     2    18
  2.5991454332103553E-01 a      1019     1    10     2    19
 -2.0376788072516883E-01 a      1020     1    10     2    20
  4.7871045235835796E-02 a      1021     1    10     2    21
  8.4877690145150175E-02 a      1022     1    10     2    22
 -1.6999871502411490E-01 a      1023     1    10     2    23
 -1.1227139680095276E-01 a      1024     1    10     2    24
 -3.4377813908115590E-01 a      1025     1    10     2    25
 -2.8731986267400655E-01 a      1026     1    11     2     1
  2.5419948738503700E-01 a      1027     1    11     2     2
  2.5445705454989925E-01 a      1028     1    11     2     3
 -8.4781399950750083E-02 a      1029     1    11     2     4
  2.3879344948520090E-01 a      1030     1    11     2     5
 -2.7419444359332862E-01 a      1031     1    11     2     6
  2.3105682018877005E-01 a      1032     1    11     2     7
  2.0113156682196998E-01 a      1033     1    11     2     8
  1.1641161027089836E-01 a      1034     1    11     2     9
  3.2437137019023404E-01 a      1035     1    11     2    10
  9.5938392855956262E-02 a      1036     1    11     2    11
 -1.6858591744211376E-02 a      1037     1    11     2    12
 -1.4803132934710081E-01 a      1038     1    11     2    13
  3.9126447402076242E-02 a      1039     1    11     2    14
 -1.0465695134502496E-01 a      1040     1    11     2    15
  1.0101259961030706E-02 a      1041     1    11     2    16
 -3.2512483449531926E-01 a      1042     1    11     2    17
  1.9504558944891620E-01 a      1043     1    11     2    18
 -2.0260812110439361E-01 a      1044     1    11     2    19
  1.5241062551426121E-01 a      1045     1    11     2    20
 -3.0971953413192671E-01 a      1046     1    11     2    21
 -1.0344484638405028E-01 a      1047     1    11     2    22
 -1.4311281384137731E-01 a      1048     1    11     2    23
 -2.7338601236949919E-02 a      1049     1    11     2    24
  3.0956804515270203E-01 a      1050     1    11     2    25
  4.2099386620486685E-02 a      1051     1    12     2     1
  6.1996698507873726E-01 a      1052     1    12     2     2
 -5.9179554093406905E-01 a      1053     1    12     2     3
 -3.1315032486993777E-01 a      1054     1    12     2     4
 -8.8194261772895410E-01 a      1055     1    12     2     5
  2.7582512590847519E-01 a      1056     1    12     2     6
  2.6929986752335433E-01 a      1057     1    12     2     7
  7.4882250595928757E-01 a      1058     1    12     2     8
  2.4804722805385310E-01 a      1059     1    12     2     9
 -6.9041872289265760E-01 a      1060     1    12     2    10
  2.8527077989250815E-01 a      1061     1    12     2    11
 -6.4944741506247705E-01 a      1062     1    12     2    12
 -1.1779830954411243E+00 a      1063     1    12     2    13
 -4.7444912337794654E-01 a      1064     1    12     2    14
 -4.4039128201799288E-01 a      1065     1    12     2    15
  9.8518102848479461E-01 a      1066     1    12     2    16
  6.0485858143765603E-01 a      1067     1    12     2    17
  7.4766187917359006E-01 a      1068     1    12     2    18
  7.1426426259108289E-01 a      1069     1    12     2    19
 -1.8909689132734708E-01 a      1070     1    12     2    20
 -4.5117970236643329E-01 a      1071     1    12     2    21
 -6.7929312992064683E-01 a      1072     1    12     2    22
 -2.2736032245735119E-01 a      1073     1    12     2    23
  1.4155058061903605E-01 a      1074     1    12     2    24
 -1.0514758253391483E-01 a      1075     1    12     2    25
 -2.4132744278545434E-01 a      1076     1    13     2     1
 -3.6661712946777031E-01 a      1077     1    13     2     2
 -9.3858064979016442E-02 a      1078     1    13     2     3
 -1.6416584814738337E-02 a      1079     1    13     2     4
 -3.5641839133186998E-02 a      1080     1    13     2     5
  5.9437832884319482E-02 a      1081     1    13     2     6
  2.0114937500036731E-01 a      1082     1    13     2     7
 -2.2510917225823140E-01 a      1083     1    13     2     8
 -3.1385251245697066E-01 a      1084     1    13     2     9
 -3.6979752119929810E-01 a      1085     1    13     2    10
 -7.7726761087428181E-02 a      1086     1    13     2    11
  1.5229870988779445E-01 a      1087     1    13     2    12
 -6.1440928951668217E-01 a      1088     1    13     2    13
 -6.6257711145943921E-02 a      1089     1    13     2    14
  2.6474038899995678E-01 a      1090     1    13     2    15
 -4.4096821083690413E-01 a      1091     1    13     2    16
  1.0343376233905280E-01 a      1092     1    13     2    17
  2.2362374095674434E-02 a      1093     1    13     2    18
 -2.3835276349562434E-01 a      1094     1    13     2    19
 -2.8810947936710374E-01 a      1095     1    13     2    20
  2.1421060949026730E-01 a      1096     1    13     2    21
  6.0721811474830016E-02 a      1097     1    13     2    22
  2.7690289101969978E-01 a      1098     1    13     2    23
 -2.3972284088381088E-01 a      1099     1    13     2    24
 -2.5633422413074286E-01 a      1100     1    13     2    25
 -1.2511508332057508E-01 a      1101     1    14     2     1
 -4.1318380539992744E-01 a      1102     1    14     2     2
  2.7776208795218371E-01 a      1103     1    14     2     3
  1.5247729849012762E-01 a      1104     1    14     2     4
  5.0634138556037345E-01 a      1105     1    14     2     5
 -6.1309461578248882E-02 a      1106     1    14     2     6
  1.2159314548966957E-01 a      1107     1    14     2     7
 -4.3114906220812887E-01 a      1108     1    14     2     8
 -8.2581869245351464E-02 a      1109     1    14     2     9
  5.5713433894862807E-01 a      1110     1    14     2    10
 -3.2059856726894259E-01 a      1111     1    14     2    11
  3.3038043160943548E-01 a      1112     1    14     2    12
  8.0390954590473174E-01 a      1113     1    14     2    13
  1.0703778387796639E-01 a      1114     1    14     2    14
  3.0138452916952085E-01 a      1115     1    14     2    15
 -5.3230727468257732E-01 a      1116     1    14     2    16
 -3.8608006812097778E-01 a      1117     1    14     2    17
 -2.4146729429309713E-01 a      1118     1    14     2    18
 -5.2530596027184695E-01 a      1119     1    14     2    19
  3.3485825058960017E-01 a      1120     1    14     2    20
 -6.1937944872497520E-02 a      1121     1    14     2    21
  9.0648117210418899E-01 a      1122     1    14     2    22
 -1.3049918229213162E-01 a      1123     1    14     2    23
 -2.9660138817682224E-01 a      1124     1    14     2    24
  2.7599737665749435E-01 a      1125     1    14     2    25
  2.8640397619706232E-01 a      1126     1    15     2     1
 -2.2185599839619007E-02 a      1127     1    15     2     2
  1.6183114069827725E-01 a      1128     1    15     2     3
 -1.1663954952823537E-01 a      1129     1    15     2     4
  4.0796925188162919E-01 a      1130     1    15     2     5
 -3.7054227632283998E-01 a      1131     1    15     2     6
 -4.3121166722683291E-01 a      1132     1    15     2     7
 -2.7767036333140205E-01 a      1133     1    15     2     8
  8.1010411524224321E-02 a      1134     1    15     2     9
  6.1365486525326574E-01 a      1135     1    15     2    10
  1.0175298489171407E-01 a      1136     1    15     2    11
  3.7538952061954428E-01 a      1137     1    15     2    12
  7.4035534097434874E-01 a      1138     1    15     2    13
  4.4392064487095872E-01 a      1139     1    15     2    14
  3.2483824757151442E-01 a      1140     1    15     2    15
 -8.1158197978271951E-02 a      1141     1    15     2    16
 -7.7523716460232039E-02 a      1142     1    15     2    17
 -2.4932708015105756E-01 a      1143     1    15     2    18
  7.3789172398241717E-02 a      1144     1    15     2    19
  2.0193694734624007E-01 a      1145     1    15     2    20
  1.0179060445066418E-02 a      1146     1    15     2    21
 -3.8306683932581641E-03 a      1147     1    15     2    22
  4.4077886919730774E-02 a      1148     1    15     2    23
  2.8847306307536585E-01 a      1149     1    15     2    24
  8.7191165655228761E-02 a      1150     1    15     2    25
  3.8684328822613467E-03 a      1151     1    16     2     1
 -2.2942867206248102E-01 a      1152     1    16     2     2
  1.3745499328675070E-01 a      1153     1    16     2     3
  9.2436550881995649E-02 a      1154     1    16     2     4
 -1.7183901811802327E-01 a      1155     1    16     2     5
 -3.2177234195155009E-02 a      1156     1    16     2     6
 -6.2112374929364340E-02 a      1157     1    16     2     7
  2.1721740710637205E-01 a      1158     1    16     2     8
 -1.6051214860911081E-01 a      1159     1    16     2     9
 -4.5071714631860388E-01 a      1160     1    16     2    10
 -1.2519760445620512E-02 a      1161     1    16     2    11
  7.7174820263909899E-02 a      1162     1    16     2    12
 -6.1478249225575843E-01 a      1163     1    16     2    13
  1.6991852404182797E-01 a      1164     1    16     2    14
 -1.9049150528168066E-01 a      1165     1    16     2    15
  6.2178294715719828E-01 a      1166     1    16     2    16
 -1.1338913825405487E-01 a      1167     1    16     2    17
  1.6116908590293907E-01 a      1168     1    16     2    18
  1.0210704246732132E-01 a      1169     1    16     2    19
 -2.8116842894169869E-01 a      1170     1    16     2    20
  2.9142340542452322E-01 a      1171     1    16     2    21
 -1.3054303055672717E-01 a      1172     1    16     2    22
  1.6831044093091141E-01 a      1173     1    16     2    23
 -3.3679321173010118E-02 a      1174     1    16     2    24
 -1.2528515210404848E-01 a      1175     1    16     2    25
 -2.4071425399708180E-01 a      1176     1    17     2     1
  4.1673630596024686E-01 a      1177     1    17     2     2
 -3.2900562166361197E-01 a      1178     1    17     2     3
  2.7763175357956232E-01 a      1179     1    17     2     4
 -4.3330358717905637E-01 a      1180     1    17     2     5
  2.9548088592661831E-01 a      1181     1    17     2     6
  1.3719875947021984E-01 a      1182     1    17     2     7
 -2.2960348416827373E-02 a      1183     1    17     2     8
 -2.9716854365191786E-01 a      1184     1    17     2     9
 -5.9043305202201435E-01 a      1185     1    17     2    10
  2.4858381807614102E-01 a      1186     1    17     2    11
  9.6341983455008731E-02 a      1187     1    17     2    12
 -3.6240473518550015E-01 a      1188     1    17     2    13
 -1.1893994804676621E-01 a      1189     1    17     2    14
 -2.1293016922306632E-01 a      1190     1    17     2    15
  2.5732279104989164E-01 a      1191     1    17     2    16
  3.8403138490212298E-02 a      1192     1    17     2    17
  4.3069248911632502E-01 a      1193     1    17     2    18
  3.5703138573344717E-01 a      1194     1    17     2    19
 -1.4033767793111196E-01 a      1195     1    17     2    20
 -2.5466803031255142E-01 a      1196     1    17     2    21
 -3.9067538385943806E-01 a      1197     1    17     2    22
  1.6337505049260115E-01 a      1198     1    17     2    23
  2.4155157645094888E-01 a      1199     1    17     2    24
 -2.1443319963090188E-01 a      1200     1    17     2    25
 -1.7778397273369972E-01 a      1201     1    18     2     1
  1.0432892725870951E-01 a      1202     1    18     2     2
 -1.6573789769821742E-01 a      1203     1    18     2     3
  4.2130362691462808E-02 a      1204     1    18     2     4
 -1.2623807851924299E-02 a      1205     1    18     2     5
 -2.9313110096877770E-01 a      1206     1    18     2     6
 -1.3944553604100947E-02 a      1207     1    18     2     7
  1.1355435828394725E-01 a      1208     1    18     2     8
  2.0369475440044874E-01 a      1209     1    18     2     9
  1.8816282220778272E-01 a      1210     1    18     2    10
 -1.1295650919239524E-01 a      1211     1    18     2    11
 -4.4704892199118396E-01 a      1212     1    18     2    12
  5.6663517830876042E-01 a      1213     1    18     2    13
 -3.3322084759766352E-01 a      1214     1    18     2    14
 -2.5091542920720877E-01 a      1215     1    18     2    15
  6.1157399139048951E-01 a      1216     1    18     2    16
 -1.7178770735774798E-01 a      1217     1    18     2    17
  1.4566024849210818E-01 a      1218     1    18     2    18
 -1.2089840186791011E-01 a      1219     1    18     2    19
  2.4751387320119281E-01 a      1220     1    18     2    20
 -8.1260177477766163E-02 a      1221     1    18     2    21
 -2.4380753850791076E-01 a      1222     1    18     2    22
  1.9849699104663751E-01 a      1223     1    18     2    23
  3.6123501880736014E-01 a      1224     1    18     2    24
 -2.0695149284569661E-01 a      1225     1    18     2    25
 -4.6688814992566502E-01 a      1226     1    19     2     1
 -7.5320893815602374E-01 a      1227     1    19     2     2
  3.7625486706389638E-01 a      1228     1    19     2     3
  2.1960596800677307E-01 a      1229     1    19     2     4
  5.0549479119913754E-02 a      1230     1    19     2     5
 -1.5380195115170389E-01 a      1231     1    19     2     6
 -4.5180942791349171E-01 a      1232     1    19     2     7
 -3.5872140805134114E-04 a      1233     1    19     2     8
  1.2321581555021983E-01 a      1234     1    19     2     9
  6.6640566221715991E-01 a      1235     1    19     2    10
 -3.8357850185062403E-01 a      1236     1    19     2    11
  4.3859004476502883E-01 a      1237     1    19     2    12
  8.1577246323102581E-01 a      1238     1    19     2    13
  1.4889955136758481E-01 a      1239     1    19     2    14
  3.7146374823549660E-01 a      1240     1    19     2    15
 -9.2025876387606775E-01 a      1241     1    19     2    16
 -3.2724398486380690E-01 a      1242     1    19     2    17
 -1.0999839574339194E-01 a      1243     1    19     2    18
 -8.9289100638629260E-01 a      1244     1    19     2    19
  1.8594960556711942E-01 a      1245     1    19     2    20
  1.8355315298372463E-01 a      1246     1    19     2    21
  1.5999076654312556E+00 a      1247     1    19     2    22
  3.4678898127802220E-02 a      1248     1    19     2    23
 -5.3920020422392245E-01 a      1249     1    19     2    24
 -1.9733093580614286E-01 a      1250     1    19     2    25
  2.0145042768145338E-01 a      1251     1    20     2     1
  1.1747857201766843E-02 a      1252     1    20     2     2
  1.2827723892304707E-01 a      1253     1    20     2     3
  2.5533892695808669E-01 a      1254     1    20     2     4
 -1.0785758156361444E-02 a      1255     1    20     2     5
 -1.0000547469978285E-01 a      1256     1    20     2     6
 -7.1541041864891630E-02 a      1257     1    20     2     7
 -5.2922347762855626E-01 a      1258     1    20     2     8
  8.9884575963143767E-02 a      1259     1    20     2     9
  2.9701908716085351E-01 a      1260     1    20     2    10
 -4.1238891985156456E-01 a      1261     1    20     2    11
  6.6826227001468799E-02 a      1262     1    20     2    12
  3.1394206053262091E-01 a      1263     1    20     2    13
  4.0890581430269485E-01 a      1264     1    20     2    14
  4.6879884954120055E-01 a      1265     1    20     2    15
 -7.9925198594522717E-01 a      1266     1    20     2    16
 -4.5015069897485732E-01 a      1267     1    20     2    17
  2.1922362235710371E-01 a      1268     1    20     2    18
 -1.8737927014548744E-01 a      1269     1    20     2    19
  2.3770328303205170E-02 a      1270     1    20     2    20
 -2.7340475016844351E-01 a      1271     1    20     2    21
  4.6677953859330129E-01 a      1272     1    20     2    22
 -3.0300929627999307E-01 a      1273     1    20     2    23
 -4.4787818865918122E-01 a      1274     1    20     2    24
  3.0789684341085510E-01 a      1275     1    20     2    25
 -2.4461599386777660E-01 a      1276     1    21     2     1
  1.5817937882646294E-01 a      1277     1    21     2     2
 -2.4897478655978675E-01 a      1278     1    21     2     3
  2.4236973421438390E-01 a      1279     1    21     2     4
  8.2892178006443981E-02 a      1280     1    21     2     5
  2.7824668591937246E-02 a      1281     1    21     2     6
 -8.0580423755964178E-02 a      1282     1    21     2     7
  2.2627351147812719E-01 a      1283     1    21     2     8
 -7.5422447776318416E-02 a      1284     1    21     2     9
  2.0100090016277994E-02 a      1285     1    21     2    10
 -2.1087797744477008E-01 a      1286     1    21     2    11
  4.0086904628319549E-02 a      1287     1    21     2    12
  4.9737530618879217E-01 a      1288     1    21     2    13
 -3.3171939742510775E-01 a      1289     1    21     2    14
  2.9595950347981053E-02 a      1290     1    21     2    15
 -1.8852997738898525E-01 a      1291     1    21     2    16
 -2.1511013924449884E-01 a      1292     1    21     2    17
  2.7071130434206053E-01 a      1293     1    21     2    18
  1.2265208555763522E-02 a      1294     1    21     2    19
  2.4242375646088615E-01 a      1295     1    21     2    20
 -2.4921054284300306E-01 a      1296     1    21     2    21
  2.4825643102998438E-01 a      1297     1    21     2    22
  2.4486058613269721E-01 a      1298     1    21     2    23
  3.1447386157572865E-01 a      1299     1    21     2    24
  1.8273218035893060E-01 a      1300     1    21     2    25
  2.2882978198454809E-01 a      1301     1    22     2     1
  5.7341974499506743E-01 a      1302     1    22     2     2
 -2.6398377969115516E-01 a      1303     1    22     2     3
 -3.6169741690706803E-02 a      1304     1    22     2     4
 -2.9828673613560619E-01 a      1305     1    22     2     5
  2.4193423433243971E-01 a      1306     1    22     2     6
  1.8116031950581407E-01 a      1307     1    22     2     7
  4.7128507488802907E-01 a      1308     1    22     2     8
 -7.2968670923330481E-02 a      1309     1    22     2     9
 -5.0355927227141228E-01 a      1310     1    22     2    10
  1.9770124567199476E-01 a      1311     1    22     2    11
 -2.5962093788675078E-01 a      1312     1    22     2    12
 -2.1786835643746341E-01 a      1313     1    22     2    13
 -4.6155093890848553E-01 a      1314     1    22     2    14
 -1.5651681006031834E-01 a      1315     1    22     2    15
  9.0934631985051328E-01 a      1316     1    22     2    16
  5.4562517655372822E-01 a      1317     1    22     2    17
  6.9616338991758467E-02 a      1318     1    22     2    18
  8.8417813278759527E-01 a      1319     1    22     2    19
  1.5570268927160280E-01 a      1320     1    22     2    20
 -2.7193674150801217E-01 a      1321     1    22     2    21
 -7.7919659590520751E-01 a      1322     1    22     2    22
 -1.7161092398057576E-01 a      1323     1    22     2    23
  2.9900347360889096E-01 a      1324     1    22     2    24
  6.5832855633820561E-02 a      1325     1    22     2    25
 -3.0746866021776970E-01 a      1326     1    23     2     1
 -5.7654997532860200E-02 a      1327     1    23     2     2
 -1.3608218907819614E-01 a      1328     1    23     2     3
 -9.8638164148207461E-02 a      1329     1    23     2     4
 -6.3253360051096247E-02 a      1330     1    23     2     5
  1.0308130023825343E-01 a      1331     1    23     2     6
 -1.3019373590261840E-01 a      1332     1    23     2     7
  2.9013207004568758E-01 a      1333     1    23     2     8
  2.7220522531111990E-01 a      1334     1    23     2     9
  1.8634380410292258E-02 a      1335     1    23     2    10
  8.5537145801365608E-03 a      1336     1    23     2    11
 -1.9143292677970331E-01 a      1337     1    23     2    12
 -3.2131877947769677E-01 a      1338     1    23     2    13
 -3.1955272697819465E-01 a      1339     1    23     2    14
  2.7920939480677587E-01 a      1340     1    23     2    15
  2.1267122656724891E-01 a      1341     1    23     2    16
 -3.4243132021535833E-01 a      1342     1    23     2    17
  3.7220855986706836E-01 a      1343     1    23     2    18
 -7.5033577881319258E-02 a      1344     1    23     2    19
  3.2539167071181202E-01 a      1345     1    23     2    20
  1.7315050759138945E-01 a      1346     1    23     2    21
  3.1041003725394672E-01 a      1347     1    23     2    22
  9.4685609412635069E-02 a      1348     1    23     2    23
  1.5101845732776012E-01 a      1349     1    23     2    24
  2.5923884184003920E-01 a      1350     1    23     2    25
 -8.2100743725374792E-02 a      1351     1    24     2     1
  6.6251454174013999E-02 a      1352     1    24     2     2
 -3.6069715693407617E-01 a      1353     1    24     2     3
 -2.3634274879842484E-02 a      1354     1    24     2     4
 -1.2760525506158854E-01 a      1355     1    24     2     5
 -1.2765598196366132E-01 a      1356     1    24     2     6
  2.6162333063697940E-01 a      1357     1    24     2     7
  3.3274836777216382E-01 a      1358     1    24     2     8
 -1.3252316394506330E-01 a      1359     1    24     2     9
 -4.7511836885821307E-01 a      1360     1    24     2    10
  3.5610186415813272E-01 a      1361     1    24     2    11
 -1.3422298432257843E-01 a      1362     1    24     2    12
 -3.4067209382217406E-01 a      1363     1    24     2    13
 -1.8325479900208286E-01 a      1364     1    24     2    14
 -4.3636625717826744E-01 a      1365     1    24     2    15
  5.7665322931668084E-01 a      1366     1    24     2    16
 -1.3327237856262852E-01 a      1367     1    24     2    17
 -7.5189586314667614E-02 a      1368     1    24     2    18
  6.3093239676755619E-01 a      1369     1    24     2    19
  1.0641544772503221E-01 a      1370     1    24     2    20
  1.2503230674538318E-01 a      1371     1    24     2    21
 -2.3108390100611362E-01 a      1372     1    24     2    22
  2.8963336721624094E-01 a      1373     1    24     2    23
  2.4463626139469948E-02 a      1374     1    24     2    24
 -1.6484051483184625E-01 a      1375     1    24     2    25
 -2.8139659980766502E-01 a      1376     1    25     2     1
 -1.3106400528938578E-01 a      1377     1    25     2     2
  7.0515943245970950E-02 a      1378     1    25     2     3
  1.2711436188386663E-01 a      1379     1    25     2     4
  2.3198064375455796E-02 a      1380     1    25     2     5
  3.1955855998204219E-01 a      1381     1    25     2     6
 -1.5097351247469398E-01 a      1382     1    25     2     7
  1.7143719090779799E-01 a      1383     1    25     2     8
 -9.3402691071478972E-02 a      1384     1    25     2     9
 -2.4664946171917934E-01 a      1385     1    25     2    10
  9.1522701272771984E-02 a      1386     1    25     2    11
  5.7895741445414982E-03 a      1387     1    25     2    12
 -7.5360219755385288E-02 a      1388     1    25     2    13
 -1.6643080859760705E-02 a      1389     1    25     2    14
 -3.1967546772063848E-01 a      1390     1    25     2    15
 -2.5514463252272185E-01 a      1391     1    25     2    16
  2.0181166111021745E-01 a      1392     1    25     2    17
 -1.8054511533036749E-01 a      1393     1    25     2    18
  8.3888158136019103E-02 a      1394     1    25     2    19
 -2.7506673620638344E-01 a      1395     1    25     2    20
  4.6013899128192558E-02 a      1396     1    25     2    21
 -4.3954716032220192E-01 a      1397     1    25     2    22
  1.4605845067555162E-01 a      1398     1    25     2    23
  2.7811754068570532E-01 a      1399     1    25     2    24
 -2.4015743980873919E-01 a      1400     1    25     2    25
 -2.2226254126911879E-01 b      1401     2     1
 -2.2171655100347194E-02 b      1402     2     2
  1.2417118547721331E-01 b      1403     2     3
  1.2086294623870163E-01 b      1404     2     4
  1.5892429207768705E-02 b      1405     2     5
 -1.3711892658584193E-01 b      1406     2     6
 -1.4457762806643845E-01 b      1407     2     7
  2.9550995456849999E-03 b      1408     2     8
  2.9686400030337522E-02 b      1409     2     9
 -3.6481954369140979E-02 b      1410     2    10
 -1.2812576153868452E-01 b      1411     2    11
 -2.1167372194094633E-03 b      1412     2    12
  2.1886413427559059E-01 b      1413     2    13
  1.0758741658152222E-01 b      1414     2    14
  1.1466380067910238E-01 b      1415     2    15
  1.0166917870812149E-01 b      1416     2    16
 -1.6070622391759457E-01 b      1417     2    17
 -3.2815585789910251E-01 b      1418     2    18
  1.9127766356655418E-01 b      1419     2    19
  1.2163804822786453E-01 b      1420     2    20
  8.2545039868782408E-02 b      1421     2    21
 -3.1429059972549633E-02 b      1422     2    22
  1.8785796074914062E-02 b      1423     2    23
  1.2466450958963603E-01 b      1424     2    24
  7.2063405137791081E-02 b      1425     2    25
 -5.4308794634836177E-01 a      1426     2     1     3     1
 -1.4047995526079058E+00 a      1427     2     2     3     1
  8.2624720498465842E-01 a      1428     2     3     3     1
  3.9549907903577303E-01 a      1429     2     4     3     1
  1.6001026778630774E+00 a      1430     2     5     3     1
 -1.7101430130199713E-01 a      1431     2     6     3     1
 -7.0068541964058839E-01 a      1432     2     7     3     1
 -1.5222967556008828E+00 a      1433     2     8     3     1
 -7.3562167316229207E-02 a      1434     2     9     3     1
  2.6156176053486280E+00 a      1435     2    10     3     1
 -7.6197516604844173E-01 a      1436     2    11     3     1
  1.7273423533836987E+00 a      1437     2    12     3     1
  3.1970786687459736E+00 a      1438     2    13     3     1
  1.3858046810800617E+00 a      1439     2    14     3     1
  1.0302729531812271E+00 a      1440     2    15     3     1
 -3.1672317669101999E+00 a      1441     2    16     3     1
 -1.3153812827698301E+00 a      1442     2    17     3     1
 -1.0230242507541847E+00 a      1443     2    18     3     1
 -2.4990309158205108E+00 a      1444     2    19     3     1
  1.8924086252841982E-01 a      1445     2    20     3     1
  3.6807232875788304E-01 a      1446     2    21     3     1
  2.6303395313154208E+00 a      1447     2    22     3     1
  5.9008393166257438E-02 a      1448     2    23     3     1
 -1.0729584735365090E+00 a      1449     2    24     3     1
  2.4233675092345897E-01 a      1450     2    25     3     1
  7.6018302849182362E-01 b      1451     3     1
