     -0.4523632857 a         1     0     1     1     1
     -0.1129616246 a         2     0     1     1     2
     -0.6167701165 a         3     0     1     1     3
     -0.3326645494 a         4     0     1     1     4
     -0.1470867427 a         5     0     1     1     5
      0.6220812158 a         6     0     1     1     6
      0.3485559023 a         7     0     1     1     7
     -0.3790795111 a         8     0     1     1     8
     -0.2539433730 a         9     0     1     1     9
     -0.4811822964 a        10     0     1     1    10
     -0.8104279393 a        11     0     1     1    11
      1.4581068998 a        12     0     1     1    12
      0.0955566165 a        13     0     1     1    13
     -0.3006851844 a        14     0     1     1    14
      0.0401561841 a        15     0     1     1    15
     -0.1468067787 a        16     0     1     1    16
      0.1748352773 a        17     0     1     1    17
     -0.0926406391 a        18     0     1     1    18
     -0.1866397310 a        19     0     1     1    19
      0.5593076768 a        20     0     1     1    20
      0.8025275467 a        21     0     1     1    21
     -0.0083333806 a        22     0     1     1    22
      0.5873317325 a        23     0     1     1    23
      0.1802144004 a        24     0     1     1    24
     -0.0804040781 a        25     0     1     1    25
      0.0388941501 a        26     0     2     1     1
      0.3523864778 a        27     0     2     1     2
     -0.1099899230 a        28     0     2     1     3
     -0.5864444042 a        29     0     2     1     4
      0.2082831578 a        30     0     2     1     5
     -1.1746455863 a        31     0     2     1     6
     -0.5812017197 a        32     0     2     1     7
      0.0525969790 a        33     0     2     1     8
     -0.3120929659 a        34     0     2     1     9
      0.7374395285 a        35     0     2     1    10
      0.9558120974 a        36     0     2     1    11
     -1.6349934694 a        37     0     2     1    12
     -0.3602427380 a        38     0     2     1    13
     -0.2596522734 a        39     0     2     1    14
      0.4930746415 a        40     0     2     1    15
      1.0482830691 a        41     0     2     1    16
     -0.7192113444 a        42     0     2     1    17
     -0.4044401336 a        43     0     2     1    18
      0.7067758257 a        44     0     2     1    19
      0.2636196129 a        45     0     2     1    20
     -0.0335783718 a        46     0     2     1    21
      0.3019799660 a        47     0     2     1    22
      1.2404421161 a        48     0     2     1    23
      0.7854277370 a        49     0     2     1    24
      0.2012726318 a        50     0     2     1    25
     -0.3682317552 a        51     0     3     1     1
     -0.4823008690 a        52     0     3     1     2
      0.2902103619 a        53     0     3     1     3
     -0.4458897038 a        54     0     3     1     4
      0.0903733362 a        55     0     3     1     5
      0.7605909995 a        56     0     3     1     6
     -0.6172518935 a        57     0     3     1     7
      0.0508274862 a        58     0     3     1     8
      0.2368619915 a        59     0     3     1     9
     -0.8239438096 a        60     0     3     1    10
     -0.9327671724 a        61     0     3     1    11
      0.6472303300 a        62     0     3     1    12
      0.1908379346 a        63     0     3     1    13
     -0.4953915185 a        64     0     3     1    14
     -0.9909625433 a        65     0     3     1    15
     -1.1452027832 a        66     0     3     1    16
      0.6049571790 a        67     0     3     1    17
     -0.7343122759 a        68     0     3     1    18
     -0.4330000143 a        69     0     3     1    19
     -0.2772848867 a        70     0     3     1    20
     -0.8832563128 a        71     0     3     1    21
     -0.5169471762 a        72     0     3     1    22
      0.0803924354 a        73     0     3     1    23
     -0.5303963178 a        74     0     3     1    24
     -0.8121131505 a        75     0     3     1    25
     -0.2254226487 a        76     0     4     1     1
      0.0660325904 a        77     0     4     1     2
      0.3760804814 a        78     0     4     1     3
     -0.1813184453 a        79     0     4     1     4
     -0.3338102068 a        80     0     4     1     5
     -0.3908538521 a        81     0     4     1     6
     -0.2593346683 a        82     0     4     1     7
      0.3264843352 a        83     0     4     1     8
      0.4045278316 a        84     0     4     1     9
      0.3982510942 a        85     0     4     1    10
     -0.4307631250 a        86     0     4     1    11
     -1.0492403587 a        87     0     4     1    12
     -0.2376945398 a        88     0     4     1    13
      0.2247413152 a        89     0     4     1    14
     -0.2596677337 a        90     0     4     1    15
     -0.8636708095 a        91     0     4     1    16
      0.4545643537 a        92     0     4     1    17
     -0.7731744880 a        93     0     4     1    18
      1.3483913123 a        94     0     4     1    19
     -0.7655313524 a        95     0     4     1    20
     -0.2990435859 a        96     0     4     1    21
     -0.1535623617 a        97     0     4     1    22
      0.2315292524 a        98     0     4     1    23
      0.2686461291 a        99     0     4     1    24
      0.8710295683 a       100     0     4     1    25
      0.0477346304 a       101     0     5     1     1
     -0.3226723284 a       102     0     5     1     2
      0.0515821633 a       103     0     5     1     3
     -0.3505435580 a       104     0     5     1     4
     -0.0065995308 a       105     0     5     1     5
      0.3891126171 a       106     0     5     1     6
     -0.2277889513 a       107     0     5     1     7
     -0.1019033389 a       108     0     5     1     8
     -0.5283261792 a       109     0     5     1     9
      0.8841646139 a       110     0     5     1    10
      0.7215929787 a       111     0     5     1    11
     -0.3580929429 a       112     0     5     1    12
     -0.2387805850 a       113     0     5     1    13
      1.3009748306 a       114     0     5     1    14
     -0.1250756662 a       115     0     5     1    15
      0.7582712054 a       116     0     5     1    16
     -1.7739805147 a       117     0     5     1    17
      0.0331266430 a       118     0     5     1    18
     -1.5854804912 a       119     0     5     1    19
      2.2409817928 a       120     0     5     1    20
      1.5052494767 a       121     0     5     1    21
      0.2895486510 a       122     0     5     1    22
     -0.1678468079 a       123     0     5     1    23
      0.1695343989 a       124     0     5     1    24
     -0.0398307629 a       125     0     5     1    25
      0.1444558028 a       126     0     6     1     1
     -0.1611725990 a       127     0     6     1     2
     -0.6061665950 a       128     0     6     1     3
      0.0829706546 a       129     0     6     1     4
      0.2262910668 a       130     0     6     1     5
      0.8876563596 a       131     0     6     1     6
      0.2076138967 a       132     0     6     1     7
     -0.0004411257 a       133     0     6     1     8
     -0.5596140135 a       134     0     6     1     9
     -0.0779662462 a       135     0     6     1    10
     -0.6382246469 a       136     0     6     1    11
     -0.2840828078 a       137     0     6     1    12
     -0.2537987548 a       138     0     6     1    13
      0.1176196318 a       139     0     6     1    14
      0.1790702250 a       140     0     6     1    15
     -0.7974253693 a       141     0     6     1    16
      1.6118096134 a       142     0     6     1    17
      0.0855364831 a       143     0     6     1    18
      0.2758407031 a       144     0     6     1    19
     -0.3119973802 a       145     0     6     1    20
      0.1282349467 a       146     0     6     1    21
      0.6836304429 a       147     0     6     1    22
     -0.4875064560 a       148     0     6     1    23
      0.4659444960 a       149     0     6     1    24
      0.7519365630 a       150     0     6     1    25
      0.0877853000 a       151     0     7     1     1
      0.9134543601 a       152     0     7     1     2
      0.4860069867 a       153     0     7     1     3
      0.0515498522 a       154     0     7     1     4
     -0.5244891417 a       155     0     7     1     5
      0.7755902443 a       156     0     7     1     6
     -0.6557101536 a       157     0     7     1     7
      0.2248606854 a       158     0     7     1     8
      0.0596721452 a       159     0     7     1     9
     -1.2737292658 a       160     0     7     1    10
      0.0794048443 a       161     0     7     1    11
      0.9178695081 a       162     0     7     1    12
      0.2002471558 a       163     0     7     1    13
      0.6423152519 a       164     0     7     1    14
     -0.7470902198 a       165     0     7     1    15
      0.6594642494 a       166     0     7     1    16
     -1.3829726015 a       167     0     7     1    17
      0.4218653134 a       168     0     7     1    18
     -0.1067548155 a       169     0     7     1    19
     -0.4560858728 a       170     0     7     1    20
     -0.8378453469 a       171     0     7     1    21
      0.5683535324 a       172     0     7     1    22
      0.0005781821 a       173     0     7     1    23
     -0.2108332901 a       174     0     7     1    24
     -0.8738582678 a       175     0     7     1    25
      0.3590595062 a       176     0     8     1     1
      0.7920095744 a       177     0     8     1     2
      0.9606114059 a       178     0     8     1     3
     -0.3079285055 a       179     0     8     1     4
      0.2939737379 a       180     0     8     1     5
      0.2272272835 a       181     0     8     1     6
      0.4288995955 a       182     0     8     1     7
      1.3068674311 a       183     0     8     1     8
     -0.3717527334 a       184     0     8     1     9
     -0.5989625273 a       185     0     8     1    10
     -0.8327981123 a       186     0     8     1    11
     -0.3343948882 a       187     0     8     1    12
     -0.4194965652 a       188     0     8     1    13
     -0.6213450992 a       189     0     8     1    14
     -0.7998715571 a       190     0     8     1    15
     -0.6412435206 a       191     0     8     1    16
      2.3586580104 a       192     0     8     1    17
      0.2084391372 a       193     0     8     1    18
      0.5912420075 a       194     0     8     1    19
     -1.5227572588 a       195     0     8     1    20
     -1.1350263799 a       196     0     8     1    21
     -0.0472695816 a       197     0     8     1    22
     -0.2036191865 a       198     0     8     1    23
     -0.5792800960 a       199     0     8     1    24
     -2.1679599683 a       200     0     8     1    25
     -0.2050713375 a       201     0     9     1     1
      0.2532113435 a       202     0     9     1     2
     -0.4019177347 a       203     0     9     1     3
     -0.4737832710 a       204     0     9     1     4
     -0.3216187638 a       205     0     9     1     5
      0.1674377519 a       206     0     9     1     6
     -0.1296597015 a       207     0     9     1     7
      0.1223626575 a       208     0     9     1     8
     -0.3085324634 a       209     0     9     1     9
     -0.5606506112 a       210     0     9     1    10
     -0.1743334265 a       211     0     9     1    11
      0.1186480723 a       212     0     9     1    12
      0.1976160866 a       213     0     9     1    13
      1.8467864697 a       214     0     9     1    14
      2.1619229410 a       215     0     9     1    15
      0.1303481184 a       216     0     9     1    16
      0.4157786885 a       217     0     9     1    17
      0.5330582715 a       218     0     9     1    18
      0.4127526534 a       219     0     9     1    19
      0.1256045238 a       220     0     9     1    20
      0.4649412662 a       221     0     9     1    21
      0.7794986202 a       222     0     9     1    22
      0.8434446693 a       223     0     9     1    23
     -0.1312519908 a       224     0     9     1    24
      0.7783267964 a       225     0     9     1    25
     -0.0879699505 a       226     0    10     1     1
     -0.6142037449 a       227     0    10     1     2
      0.2668587603 a       228     0    10     1     3
     -0.3503310309 a       229     0    10     1     4
      0.5082404866 a       230     0    10     1     5
      0.0613303934 a       231     0    10     1     6
      0.5256257823 a       232     0    10     1     7
     -0.0447136356 a       233     0    10     1     8
     -1.4096273565 a       234     0    10     1     9
      0.3930691435 a       235     0    10     1    10
      0.6024620756 a       236     0    10     1    11
     -0.1418043106 a       237     0    10     1    12
     -0.2550987149 a       238     0    10     1    13
      0.8747267915 a       239     0    10     1    14
     -0.8364253295 a       240     0    10     1    15
      0.0160444067 a       241     0    10     1    16
      0.7574852823 a       242     0    10     1    17
      1.1406236649 a       243     0    10     1    18
      0.3568823439 a       244     0    10     1    19
      0.5310045939 a       245     0    10     1    20
     -0.1245835089 a       246     0    10     1    21
      0.0778978198 a       247     0    10     1    22
      0.0888812453 a       248     0    10     1    23
      0.6277891103 a       249     0    10     1    24
      0.5512404108 a       250     0    10     1    25
     -0.2112967105 a       251     0    11     1     1
      0.8804209668 a       252     0    11     1     2
      1.5958467236 a       253     0    11     1     3
      1.1837466179 a       254     0    11     1     4
      0.2575889159 a       255     0    11     1     5
     -1.0832679530 a       256     0    11     1     6
     -0.5713780109 a       257     0    11     1     7
     -1.0669461130 a       258     0    11     1     8
     -0.4666609990 a       259     0    11     1     9
     -0.5807775047 a       260     0    11     1    10
     -0.2641811906 a       261     0    11     1    11
      0.9042602584 a       262     0    11     1    12
     -0.4084399202 a       263     0    11     1    13
      0.5569241035 a       264     0    11     1    14
     -0.0328204553 a       265     0    11     1    15
     -0.0345579918 a       266     0    11     1    16
     -0.6426325519 a       267     0    11     1    17
      0.4401482992 a       268     0    11     1    18
      0.0629750827 a       269     0    11     1    19
      0.0776654893 a       270     0    11     1    20
      0.0827832493 a       271     0    11     1    21
     -0.5088762285 a       272     0    11     1    22
     -0.2006673372 a       273     0    11     1    23
     -0.4732921171 a       274     0    11     1    24
      0.1956694436 a       275     0    11     1    25
      0.1585103129 a       276     0    12     1     1
     -0.3689269536 a       277     0    12     1     2
     -0.4007955042 a       278     0    12     1     3
     -0.3293512464 a       279     0    12     1     4
     -0.2881147509 a       280     0    12     1     5
     -0.8797832470 a       281     0    12     1     6
      0.7505539065 a       282     0    12     1     7
     -0.4614928582 a       283     0    12     1     8
     -0.1132049090 a       284     0    12     1     9
      0.4452638193 a       285     0    12     1    10
      0.9450253281 a       286     0    12     1    11
      0.3768458206 a       287     0    12     1    12
      0.5556838761 a       288     0    12     1    13
      0.1987617267 a       289     0    12     1    14
     -0.8724933035 a       290     0    12     1    15
      0.0851008735 a       291     0    12     1    16
     -0.9945072631 a       292     0    12     1    17
      0.2534101694 a       293     0    12     1    18
      0.6916567645 a       294     0    12     1    19
      0.2470623262 a       295     0    12     1    20
     -1.0684013800 a       296     0    12     1    21
     -0.1081765380 a       297     0    12     1    22
     -0.3663208039 a       298     0    12     1    23
      0.2472885671 a       299     0    12     1    24
      0.6765401431 a       300     0    12     1    25
     -0.3895583213 a       301     0    13     1     1
     -0.6499842468 a       302     0    13     1     2
     -0.4524734534 a       303     0    13     1     3
     -0.8352289358 a       304     0    13     1     4
      0.2256747903 a       305     0    13     1     5
      0.4263337399 a       306     0    13     1     6
     -0.3549733290 a       307     0    13     1     7
      0.0709264476 a       308     0    13     1     8
      0.6447829087 a       309     0    13     1     9
      0.1153490428 a       310     0    13     1    10
     -0.0494177781 a       311     0    13     1    11
     -0.7930509831 a       312     0    13     1    12
      0.3874429625 a       313     0    13     1    13
     -0.0821952436 a       314     0    13     1    14
     -0.1948026473 a       315     0    13     1    15
      1.7009364935 a       316     0    13     1    16
      0.3391209775 a       317     0    13     1    17
      0.3545558875 a       318     0    13     1    18
      0.2872351575 a       319     0    13     1    19
      0.7057095140 a       320     0    13     1    20
     -0.9684438411 a       321     0    13     1    21
      0.7620044637 a       322     0    13     1    22
     -0.0741059729 a       323     0    13     1    23
      0.5243082678 a       324     0    13     1    24
      0.3046554866 a       325     0    13     1    25
     -0.3422015126 a       326     0    14     1     1
      0.3232789689 a       327     0    14     1     2
     -0.6209070441 a       328     0    14     1     3
      0.3749184807 a       329     0    14     1     4
      0.4013310346 a       330     0    14     1     5
     -0.0476376329 a       331     0    14     1     6
      0.1990024528 a       332     0    14     1     7
      0.1836055474 a       333     0    14     1     8
     -0.0777404060 a       334     0    14     1     9
      0.4852134817 a       335     0    14     1    10
      0.6329890775 a       336     0    14     1    11
     -0.6348320032 a       337     0    14     1    12
     -0.1809021876 a       338     0    14     1    13
     -1.6603296266 a       339     0    14     1    14
      0.6687045411 a       340     0    14     1    15
      0.1744045644 a       341     0    14     1    16
     -1.3899387370 a       342     0    14     1    17
      0.3846341843 a       343     0    14     1    18
     -0.1745575575 a       344     0    14     1    19
     -0.4349325075 a       345     0    14     1    20
     -0.3220931664 a       346     0    14     1    21
      0.3261738254 a       347     0    14     1    22
     -0.5326134213 a       348     0    14     1    23
     -0.2461693871 a       349     0    14     1    24
      0.4934500833 a       350     0    14     1    25
      0.1276049996 a       351     0    15     1     1
      0.0934716161 a       352     0    15     1     2
      0.5761504480 a       353     0    15     1     3
     -0.5549242500 a       354     0    15     1     4
      0.0616031521 a       355     0    15     1     5
      0.5435149542 a       356     0    15     1     6
      1.3349641694 a       357     0    15     1     7
     -0.2790036397 a       358     0    15     1     8
      0.1666567352 a       359     0    15     1     9
      0.3245390674 a       360     0    15     1    10
      0.2239938994 a       361     0    15     1    11
      0.3438142088 a       362     0    15     1    12
     -0.3426697336 a       363     0    15     1    13
     -0.3218799393 a       364     0    15     1    14
      0.0638757663 a       365     0    15     1    15
     -1.7409401493 a       366     0    15     1    16
     -0.0610959888 a       367     0    15     1    17
      0.0968848429 a       368     0    15     1    18
     -0.0994984787 a       369     0    15     1    19
     -0.6869625168 a       370     0    15     1    20
      0.0298512992 a       371     0    15     1    21
     -0.6629436913 a       372     0    15     1    22
      0.2663019029 a       373     0    15     1    23
      0.3078696870 a       374     0    15     1    24
      0.4515169743 a       375     0    15     1    25
      0.4461937931 a       376     0    16     1     1
     -0.3979987752 a       377     0    16     1     2
     -0.1339358512 a       378     0    16     1     3
      0.4547668417 a       379     0    16     1     4
     -0.2217996069 a       380     0    16     1     5
      0.0021518993 a       381     0    16     1     6
      0.5560036109 a       382     0    16     1     7
      0.3355206133 a       383     0    16     1     8
     -0.7463864468 a       384     0    16     1     9
      0.7457413321 a       385     0    16     1    10
     -0.9192897016 a       386     0    16     1    11
     -0.0956832668 a       387     0    16     1    12
      0.0471595172 a       388     0    16     1    13
      0.6032110429 a       389     0    16     1    14
      0.4761681260 a       390     0    16     1    15
      0.8175023765 a       391     0    16     1    16
     -0.0692610551 a       392     0    16     1    17
     -0.6429607711 a       393     0    16     1    18
      0.2788793205 a       394     0    16     1    19
      0.2435288393 a       395     0    16     1    20
      0.0793502293 a       396     0    16     1    21
     -0.4331886356 a       397     0    16     1    22
     -0.0173757954 a       398     0    16     1    23
     -0.3540913565 a       399     0    16     1    24
     -1.0155001449 a       400     0    16     1    25
     -0.4732768031 a       401     0    17     1     1
     -0.3751774875 a       402     0    17     1     2
     -0.2716977379 a       403     0    17     1     3
      0.2938393636 a       404     0    17     1     4
      0.3389486939 a       405     0    17     1     5
      0.7510267048 a       406     0    17     1     6
      0.7260581253 a       407     0    17     1     7
     -0.5862940863 a       408     0    17     1     8
      0.0469337893 a       409     0    17     1     9
      0.3159189729 a       410     0    17     1    10
      0.1486465704 a       411     0    17     1    11
     -0.5879853793 a       412     0    17     1    12
      0.6555324411 a       413     0    17     1    13
      1.6095234317 a       414     0    17     1    14
     -0.0177853571 a       415     0    17     1    15
     -1.3826660870 a       416     0    17     1    16
      0.2751961099 a       417     0    17     1    17
     -1.8294181722 a       418     0    17     1    18
      0.3953469523 a       419     0    17     1    19
      1.4119137303 a       420     0    17     1    20
      0.6351304043 a       421     0    17     1    21
     -0.1045825983 a       422     0    17     1    22
     -0.6822285574 a       423     0    17     1    23
     -0.0918642072 a       424     0    17     1    24
      1.7142349974 a       425     0    17     1    25
      0.0084593790 a       426     0    18     1     1
     -0.3410421383 a       427     0    18     1     2
      1.1184937498 a       428     0    18     1     3
      0.3773863399 a       429     0    18     1     4
     -0.2822067301 a       430     0    18     1     5
      0.0928540267 a       431     0    18     1     6
      0.0329785805 a       432     0    18     1     7
      1.4556487487 a       433     0    18     1     8
      0.2094615945 a       434     0    18     1     9
     -1.2398003229 a       435     0    18     1    10
      0.8475492147 a       436     0    18     1    11
      0.0343074723 a       437     0    18     1    12
     -0.7327125805 a       438     0    18     1    13
     -0.5329069225 a       439     0    18     1    14
     -0.1202767540 a       440     0    18     1    15
     -0.6387608142 a       441     0    18     1    16
      0.3233966905 a       442     0    18     1    17
      1.4202511851 a       443     0    18     1    18
      1.4605612210 a       444     0    18     1    19
      1.1858569398 a       445     0    18     1    20
      0.1179465542 a       446     0    18     1    21
      0.4443426638 a       447     0    18     1    22
     -0.0381478337 a       448     0    18     1    23
      0.2889024403 a       449     0    18     1    24
     -0.9314044167 a       450     0    18     1    25
     -0.3220811878 a       451     0    19     1     1
     -0.1525906025 a       452     0    19     1     2
      0.3230511642 a       453     0    19     1     3
      0.3464375625 a       454     0    19     1     4
      0.3305682919 a       455     0    19     1     5
     -0.2678098233 a       456     0    19     1     6
     -0.7104409310 a       457     0    19     1     7
      0.6166864903 a       458     0    19     1     8
      0.3598834360 a       459     0    19     1     9
     -0.4622952016 a       460     0    19     1    10
      0.2682452647 a       461     0    19     1    11
      0.0990631740 a       462     0    19     1    12
      0.5416567651 a       463     0    19     1    13
     -0.6914448425 a       464     0    19     1    14
     -0.7160069414 a       465     0    19     1    15
      0.1773366445 a       466     0    19     1    16
      0.8002462879 a       467     0    19     1    17
      0.7116697472 a       468     0    19     1    18
      1.0058441239 a       469     0    19     1    19
     -1.0908096725 a       470     0    19     1    20
     -1.3223419407 a       471     0    19     1    21
      0.3963785794 a       472     0    19     1    22
      0.7366354040 a       473     0    19     1    23
     -0.3409264895 a       474     0    19     1    24
     -1.8115470203 a       475     0    19     1    25
      0.0005589269 a       476     0    20     1     1
     -1.2107946675 a       477     0    20     1     2
     -0.0045909259 a       478     0    20     1     3
      0.0910557764 a       479     0    20     1     4
      0.0804348773 a       480     0    20     1     5
     -0.3653982343 a       481     0    20     1     6
     -0.3447223878 a       482     0    20     1     7
     -1.1413790216 a       483     0    20     1     8
     -1.1619269997 a       484     0    20     1     9
      0.9166270218 a       485     0    20     1    10
      0.3668584632 a       486     0    20     1    11
     -0.2489490102 a       487     0    20     1    12
      0.5646192638 a       488     0    20     1    13
      0.0475030556 a       489     0    20     1    14
      0.5483235006 a       490     0    20     1    15
      0.2692398243 a       491     0    20     1    16
     -0.4599324619 a       492     0    20     1    17
     -0.0866604835 a       493     0    20     1    18
      0.1251775608 a       494     0    20     1    19
      0.7433091166 a       495     0    20     1    20
     -0.5154975907 a       496     0    20     1    21
      0.5452642058 a       497     0    20     1    22
     -0.2680595116 a       498     0    20     1    23
      0.7014764746 a       499     0    20     1    24
      0.5005432653 a       500     0    20     1    25
     -0.1983384365 a       501     0    21     1     1
      0.7428627759 a       502     0    21     1     2
     -0.0307776595 a       503     0    21     1     3
     -0.3600428997 a       504     0    21     1     4
     -0.8838895243 a       505     0    21     1     5
      0.0513272849 a       506     0    21     1     6
     -0.2378057196 a       507     0    21     1     7
     -0.3004603981 a       508     0    21     1     8
     -0.2754245879 a       509     0    21     1     9
     -0.7717487879 a       510     0    21     1    10
     -0.6638685711 a       511     0    21     1    11
      0.5638220643 a       512     0    21     1    12
     -0.6555855682 a       513     0    21     1    13
      0.0059500048 a       514     0    21     1    14
     -1.1295908624 a       515     0    21     1    15
     -0.0244709398 a       516     0    21     1    16
      2.4567208090 a       517     0    21     1    17
     -0.5093046337 a       518     0    21     1    18
     -1.4778275209 a       519     0    21     1    19
     -0.0729928185 a       520     0    21     1    20
     -0.0320931028 a       521     0    21     1    21
     -0.4672978586 a       522     0    21     1    22
      0.4237687044 a       523     0    21     1    23
     -0.0188053822 a       524     0    21     1    24
     -0.6010806517 a       525     0    21     1    25
      0.1518227571 a       526     0    22     1     1
     -0.3425981127 a       527     0    22     1     2
     -0.0389290567 a       528     0    22     1     3
      0.9208503386 a       529     0    22     1     4
     -0.1346175818 a       530     0    22     1     5
      0.5125356907 a       531     0    22     1     6
     -0.3035167152 a       532     0    22     1     7
     -0.8694236448 a       533     0    22     1     8
      0.8363427862 a       534     0    22     1     9
     -0.2601937072 a       535     0    22     1    10
      0.3328456088 a       536     0    22     1    11
     -0.5807235315 a       537     0    22     1    12
     -0.0575840420 a       538     0    22     1    13
      0.0832940754 a       539     0    22     1    14
     -0.3299190855 a       540     0    22     1    15
     -0.0250662914 a       541     0    22     1    16
      0.2018755917 a       542     0    22     1    17
     -0.0100973715 a       543     0    22     1    18
     -1.0047365105 a       544     0    22     1    19
      0.2590508852 a       545     0    22     1    20
     -0.1399763363 a       546     0    22     1    21
      0.4850257145 a       547     0    22     1    22
      0.0811721006 a       548     0    22     1    23
     -0.0035644421 a       549     0    22     1    24
     -0.2177249654 a       550     0    22     1    25
      0.2553822657 a       551     0    23     1     1
     -1.7733890758 a       552     0    23     1     2
      0.3574693118 a       553     0    23     1     3
      0.1179482097 a       554     0    23     1     4
      0.0817592248 a       555     0    23     1     5
     -0.6050970742 a       556     0    23     1     6
      0.7727150141 a       557     0    23     1     7
      1.6933203825 a       558     0    23     1     8
      0.5294052306 a       559     0    23     1     9
      0.6925027237 a       560     0    23     1    10
     -0.9155046611 a       561     0    23     1    11
     -0.0483170023 a       562     0    23     1    12
     -0.4672109759 a       563     0    23     1    13
     -1.3907221137 a       564     0    23     1    14
      1.0729436268 a       565     0    23     1    15
     -0.0937725297 a       566     0    23     1    16
     -0.2791691720 a       567     0    23     1    17
      0.4452913131 a       568     0    23     1    18
      0.1794054267 a       569     0    23     1    19
     -0.3381549873 a       570     0    23     1    20
     -0.7706744946 a       571     0    23     1    21
     -1.1652788623 a       572     0    23     1    22
      1.0855886688 a       573     0    23     1    23
      0.5355631776 a       574     0    23     1    24
      0.8591261413 a       575     0    23     1    25
     -0.2304616873 a       576     0    24     1     1
      0.7319913591 a       577     0    24     1     2
     -0.0152117407 a       578     0    24     1     3
      0.1255903439 a       579     0    24     1     4
      0.0519242687 a       580     0    24     1     5
     -1.6610777442 a       581     0    24     1     6
      0.5187394972 a       582     0    24     1     7
     -2.4049581910 a       583     0    24     1     8
      1.0886906699 a       584     0    24     1     9
     -0.0083876317 a       585     0    24     1    10
     -0.3762958336 a       586     0    24     1    11
     -0.0880360726 a       587     0    24     1    12
     -1.0791101957 a       588     0    24     1    13
      0.5997821456 a       589     0    24     1    14
     -0.8309952151 a       590     0    24     1    15
      0.1364419970 a       591     0    24     1    16
     -3.4482753094 a       592     0    24     1    17
     -0.7229999734 a       593     0    24     1    18
      2.3461001177 a       594     0    24     1    19
     -0.6015487211 a       595     0    24     1    20
     -0.8271310365 a       596     0    24     1    21
     -0.1630321179 a       597     0    24     1    22
     -0.4106274169 a       598     0    24     1    23
      0.5220283887 a       599     0    24     1    24
      1.4587496615 a       600     0    24     1    25
     -0.0825237363 a       601     0    25     1     1
      0.3162274986 a       602     0    25     1     2
      0.2281505660 a       603     0    25     1     3
     -0.1988809370 a       604     0    25     1     4
      0.1342553601 a       605     0    25     1     5
      0.2107248134 a       606     0    25     1     6
      0.0274720141 a       607     0    25     1     7
     -0.2162607180 a       608     0    25     1     8
     -1.7678734505 a       609     0    25     1     9
      0.2431987173 a       610     0    25     1    10
      0.9579298672 a       611     0    25     1    11
     -1.3391013754 a       612     0    25     1    12
     -0.5609330717 a       613     0    25     1    13
      0.1690898646 a       614     0    25     1    14
      0.4019342253 a       615     0    25     1    15
      0.1860926681 a       616     0    25     1    16
      0.7407352704 a       617     0    25     1    17
      0.0273167017 a       618     0    25     1    18
     -1.1427296636 a       619     0    25     1    19
     -0.0735689614 a       620     0    25     1    20
      0.8900985262 a       621     0    25     1    21
     -0.1929210603 a       622     0    25     1    22
     -0.3773863343 a       623     0    25     1    23
      0.5421237903 a       624     0    25     1    24
     -0.0557056860 a       625     0    25     1    25
      0.7681600019 a       626     0    26     1     1
     -0.3207040990 a       627     0    26     1     2
      0.3972122019 a       628     0    26     1     3
      1.1057243286 a       629     0    26     1     4
      0.0861767250 a       630     0    26     1     5
      0.4942157043 a       631     0    26     1     6
     -0.0557026962 a       632     0    26     1     7
      0.0770286963 a       633     0    26     1     8
      0.5137467718 a       634     0    26     1     9
     -0.0315362581 a       635     0    26     1    10
     -0.1868919662 a       636     0    26     1    11
      0.0175847953 a       637     0    26     1    12
     -0.5038846873 a       638     0    26     1    13
     -0.4167642702 a       639     0    26     1    14
      0.5405888932 a       640     0    26     1    15
     -0.3609902096 a       641     0    26     1    16
     -0.0436569918 a       642     0    26     1    17
     -0.5853468414 a       643     0    26     1    18
     -0.5637141675 a       644     0    26     1    19
     -0.8716793729 a       645     0    26     1    20
      0.4424660855 a       646     0    26     1    21
      0.4305161945 a       647     0    26     1    22
     -0.0631930094 a       648     0    26     1    23
      0.2450094179 a       649     0    26     1    24
      0.6594814295 a       650     0    26     1    25
      0.7522028770 a       651     0    27     1     1
     -0.8432937506 a       652     0    27     1     2
      0.2045937414 a       653     0    27     1     3
     -0.4949842691 a       654     0    27     1     4
      0.0179448315 a       655     0    27     1     5
     -0.3870176599 a       656     0    27     1     6
      0.2337166018 a       657     0    27     1     7
      1.7862972519 a       658     0    27     1     8
     -0.5199453072 a       659     0    27     1     9
      1.1255027062 a       660     0    27     1    10
      0.3054571828 a       661     0    27     1    11
     -0.8233393933 a       662     0    27     1    12
     -0.5891864097 a       663     0    27     1    13
     -0.7579983869 a       664     0    27     1    14
      0.2425794465 a       665     0    27     1    15
      1.0668851808 a       666     0    27     1    16
      1.4077177184 a       667     0    27     1    17
      1.0979277955 a       668     0    27     1    18
     -3.0995666575 a       669     0    27     1    19
      0.7562307787 a       670     0    27     1    20
      1.5475424875 a       671     0    27     1    21
     -0.2749265964 a       672     0    27     1    22
      0.4740019788 a       673     0    27     1    23
      0.3160000822 a       674     0    27     1    24
     -0.0145587700 a       675     0    27     1    25
     -0.5248871354 a       676     0    28     1     1
      0.6658520190 a       677     0    28     1     2
     -0.0670196972 a       678     0    28     1     3
      0.1823193190 a       679     0    28     1     4
      0.2542411381 a       680     0    28     1     5
      1.7651147103 a       681     0    28     1     6
     -0.3064971652 a       682     0    28     1     7
      0.0527414114 a       683     0    28     1     8
     -0.5932260222 a       684     0    28     1     9
     -1.0050881761 a       685     0    28     1    10
     -0.3017161514 a       686     0    28     1    11
     -0.8850693950 a       687     0    28     1    12
      0.6926857846 a       688     0    28     1    13
     -0.0450105455 a       689     0    28     1    14
      0.1712516207 a       690     0    28     1    15
      0.0039062365 a       691     0    28     1    16
     -0.3196777476 a       692     0    28     1    17
     -0.8844635719 a       693     0    28     1    18
      1.1037153695 a       694     0    28     1    19
     -1.6765492145 a       695     0    28     1    20
     -0.9408241191 a       696     0    28     1    21
      1.6144179838 a       697     0    28     1    22
     -0.8402740042 a       698     0    28     1    23
     -0.7384849634 a       699     0    28     1    24
      1.3398301723 a       700     0    28     1    25
     -0.4190261034 a       701     0    29     1     1
      0.4467155240 a       702     0    29     1     2
     -1.7690866492 a       703     0    29     1     3
     -0.8112275263 a       704     0    29     1     4
     -0.2613753717 a       705     0    29     1     5
      1.1376133122 a       706     0    29     1     6
      0.3196209542 a       707     0    29     1     7
     -0.1237189011 a       708     0    29     1     8
      0.3240115855 a       709     0    29     1     9
      0.4263147014 a       710     0    29     1    10
      0.5267550948 a       711     0    29     1    11
     -0.0866652202 a       712     0    29     1    12
     -0.0218868781 a       713     0    29     1    13
     -1.0092513137 a       714     0    29     1    14
      0.4104605704 a       715     0    29     1    15
      0.1943237891 a       716     0    29     1    16
     -0.3194446520 a       717     0    29     1    17
      0.4134358958 a       718     0    29     1    18
      0.2309118733 a       719     0    29     1    19
     -0.3555392354 a       720     0    29     1    20
      0.1998165045 a       721     0    29     1    21
     -0.0177093293 a       722     0    29     1    22
      0.9341947448 a       723     0    29     1    23
     -0.2260827890 a       724     0    29     1    24
     -0.3856591497 a       725     0    29     1    25
      0.2215339788 a       726     0    30     1     1
      0.1647833242 a       727     0    30     1     2
     -1.1371726969 a       728     0    30     1     3
     -0.2789732226 a       729     0    30     1     4
     -0.0652367335 a       730     0    30     1     5
     -0.8076156169 a       731     0    30     1     6
     -0.1809143547 a       732     0    30     1     7
     -0.6136124142 a       733     0    30     1     8
     -0.2723161180 a       734     0    30     1     9
      0.3013296998 a       735     0    30     1    10
      0.2285133561 a       736     0    30     1    11
      0.8058682767 a       737     0    30     1    12
      0.3033930875 a       738     0    30     1    13
      0.7108725373 a       739     0    30     1    14
      0.4973577992 a       740     0    30     1    15
     -0.6902907141 a       741     0    30     1    16
      0.5592624654 a       742     0    30     1    17
     -1.1137894717 a       743     0    30     1    18
     -0.5168615904 a       744     0    30     1    19
     -0.6516749198 a       745     0    30     1    20
     -0.3434689408 a       746     0    30     1    21
     -0.7923253163 a       747     0    30     1    22
     -0.0347265669 a       748     0    30     1    23
      0.3641386767 a       749     0    30     1    24
     -1.1754339743 a       750     0    30     1    25
      1.5081125513 b       751     1     1
     -0.1231008537 b       752     1     2
      0.7716381820 b       753     1     3
      1.3696185924 b       754     1     4
     -1.2534315994 b       755     1     5
      0.0627420372 b       756     1     6
      1.1532496330 b       757     1     7
     -0.7268093264 b       758     1     8
     -0.8886326347 b       759     1     9
      0.3848545137 b       760     1    10
     -0.4543834660 b       761     1    11
     -0.9221924747 b       762     1    12
      0.6929133474 b       763     1    13
      0.2988667219 b       764     1    14
     -0.8414361727 b       765     1    15
      0.9991387131 b       766     1    16
     -0.5476248960 b       767     1    17
      0.9263006798 b       768     1    18
      0.6553477513 b       769     1    19
     -0.1912832215 b       770     1    20
      0.0366897835 b       771     1    21
      0.3276264165 b       772     1    22
      0.7361331818 b       773     1    23
      0.4168321310 b       774     1    24
      0.2910624634 b       775     1    25
     -0.7561831753 a       776     1     1     2     1
      0.2196767833 a       777     1     1     2     2
     -0.3511944805 a       778     1     1     2     3
     -0.5871723432 a       779     1     1     2     4
      0.8706879149 a       780     1     1     2     5
     -0.1122374758 a       781     1     1     2     6
      0.2026921228 a       782     1     1     2     7
     -0.2405783072 a       783     1     1     2     8
     -0.0647505069 a       784     1     1     2     9
      0.2163466510 a       785     1     1     2    10
     -0.1353418203 a       786     1     1     2    11
     -0.7026816441 a       787     1     1     2    12
      0.1656896898 a       788     1     1     2    13
      0.1505113677 a       789     1     1     2    14
      0.3858642087 a       790     1     1     2    15
      0.1592671059 a       791     1     1     2    16
     -0.1538988647 a       792     1     1     2    17
     -0.5241375106 a       793     1     1     2    18
      0.1600192685 a       794     1     1     2    19
     -0.2760688282 a       795     1     1     2    20
      0.1232602131 a       796     1     1     2    21
     -0.1476117114 a       797     1     1     2    22
     -0.2513703648 a       798     1     1     2    23
     -0.5118606674 a       799     1     1     2    24
     -0.3946838079 a       800     1     1     2    25
     -0.6527036771 a       801     1     2     2     1
      0.0328811799 a       802     1     2     2     2
      0.4932571000 a       803     1     2     2     3
      0.0815872541 a       804     1     2     2     4
     -0.3062669501 a       805     1     2     2     5
     -0.3746467544 a       806     1     2     2     6
     -0.0573469018 a       807     1     2     2     7
     -0.3302949010 a       808     1     2     2     8
     -0.1020399162 a       809     1     2     2     9
      0.9097570970 a       810     1     2     2    10
     -0.3285759497 a       811     1     2     2    11
      0.3680290794 a       812     1     2     2    12
      1.0572804709 a       813     1     2     2    13
     -0.7307152626 a       814     1     2     2    14
     -0.1457139267 a       815     1     2     2    15
     -0.0846264005 a       816     1     2     2    16
     -1.2452777198 a       817     1     2     2    17
     -0.6438414712 a       818     1     2     2    18
      0.5124297711 a       819     1     2     2    19
     -0.3732676940 a       820     1     2     2    20
     -0.8231318277 a       821     1     2     2    21
     -0.0846461466 a       822     1     2     2    22
      0.4733716251 a       823     1     2     2    23
      0.6494072379 a       824     1     2     2    24
      0.6157195942 a       825     1     2     2    25
      0.1138106429 a       826     1     3     2     1
     -0.4163299140 a       827     1     3     2     2
      0.4467836966 a       828     1     3     2     3
      0.1425674472 a       829     1     3     2     4
      0.7528674021 a       830     1     3     2     5
      0.2526470668 a       831     1     3     2     6
      0.3502939383 a       832     1     3     2     7
      0.3174902512 a       833     1     3     2     8
     -0.7694117669 a       834     1     3     2     9
      0.8294315682 a       835     1     3     2    10
     -0.0874228211 a       836     1     3     2    11
     -0.6908560748 a       837     1     3     2    12
     -0.3930663379 a       838     1     3     2    13
      0.3343770555 a       839     1     3     2    14
      1.0444305830 a       840     1     3     2    15
     -0.1837633117 a       841     1     3     2    16
      0.2832957082 a       842     1     3     2    17
     -1.1383730277 a       843     1     3     2    18
      0.2591506437 a       844     1     3     2    19
     -0.2360208204 a       845     1     3     2    20
      0.3633800352 a       846     1     3     2    21
      0.2371463510 a       847     1     3     2    22
     -0.7670896095 a       848     1     3     2    23
      0.6179853008 a       849     1     3     2    24
     -0.0809681089 a       850     1     3     2    25
     -0.0386952718 a       851     1     4     2     1
     -0.2306583537 a       852     1     4     2     2
     -0.1878647523 a       853     1     4     2     3
     -0.0362300625 a       854     1     4     2     4
      0.2777358611 a       855     1     4     2     5
      0.1176444922 a       856     1     4     2     6
     -0.5819655226 a       857     1     4     2     7
      0.4738689275 a       858     1     4     2     8
     -0.0983099948 a       859     1     4     2     9
     -0.0180451438 a       860     1     4     2    10
      0.6135176329 a       861     1     4     2    11
     -1.1969379441 a       862     1     4     2    12
      0.0020803681 a       863     1     4     2    13
     -0.2315261304 a       864     1     4     2    14
     -0.0111459944 a       865     1     4     2    15
      0.0258744720 a       866     1     4     2    16
      0.3709458337 a       867     1     4     2    17
      0.3256305491 a       868     1     4     2    18
      0.5848025234 a       869     1     4     2    19
      0.0327661138 a       870     1     4     2    20
      0.0729118941 a       871     1     4     2    21
     -0.2677176345 a       872     1     4     2    22
     -0.2423978773 a       873     1     4     2    23
      0.0337134552 a       874     1     4     2    24
      0.2611768950 a       875     1     4     2    25
     -0.3475701013 a       876     1     5     2     1
      0.4302049769 a       877     1     5     2     2
     -0.3778267358 a       878     1     5     2     3
     -0.9080163351 a       879     1     5     2     4
      0.6864675416 a       880     1     5     2     5
     -0.1644009028 a       881     1     5     2     6
      0.1516093382 a       882     1     5     2     7
      0.5366239565 a       883     1     5     2     8
      0.0079822169 a       884     1     5     2     9
     -0.6489083298 a       885     1     5     2    10
     -0.2455217894 a       886     1     5     2    11
      0.2236745148 a       887     1     5     2    12
     -0.0106274733 a       888     1     5     2    13
      0.1573395580 a       889     1     5     2    14
     -0.4632621590 a       890     1     5     2    15
     -0.3080090336 a       891     1     5     2    16
      1.0357871976 a       892     1     5     2    17
     -0.1527746879 a       893     1     5     2    18
     -0.1412703394 a       894     1     5     2    19
     -0.6549008738 a       895     1     5     2    20
      0.4130509487 a       896     1     5     2    21
      0.5892218039 a       897     1     5     2    22
      0.1769568244 a       898     1     5     2    23
     -0.5197033927 a       899     1     5     2    24
     -0.4070525359 a       900     1     5     2    25
      0.3728605940 a       901     1     6     2     1
      0.3619165791 a       902     1     6     2     2
     -0.1839572463 a       903     1     6     2     3
      0.3840063038 a       904     1     6     2     4
     -1.5560122401 a       905     1     6     2     5
     -0.0800923895 a       906     1     6     2     6
     -0.3718719804 a       907     1     6     2     7
     -0.2184114842 a       908     1     6     2     8
     -0.2051958901 a       909     1     6     2     9
      0.2706563047 a       910     1     6     2    10
      0.0183062423 a       911     1     6     2    11
      0.2052471560 a       912     1     6     2    12
      0.2384785641 a       913     1     6     2    13
      0.2740818235 a       914     1     6     2    14
      0.4446079786 a       915     1     6     2    15
      0.5154954786 a       916     1     6     2    16
     -0.9244668147 a       917     1     6     2    17
      0.9514629341 a       918     1     6     2    18
      0.3182932707 a       919     1     6     2    19
     -0.1690415272 a       920     1     6     2    20
     -0.0737581281 a       921     1     6     2    21
     -0.3156364101 a       922     1     6     2    22
      0.9046541891 a       923     1     6     2    23
      0.3614862974 a       924     1     6     2    24
      0.3746128501 a       925     1     6     2    25
     -0.6057440352 a       926     1     7     2     1
      0.3132024522 a       927     1     7     2     2
     -0.1652562231 a       928     1     7     2     3
     -0.0305322712 a       929     1     7     2     4
     -0.3514883267 a       930     1     7     2     5
     -0.2604946454 a       931     1     7     2     6
      0.1500565328 a       932     1     7     2     7
     -0.2654886134 a       933     1     7     2     8
     -0.0971790843 a       934     1     7     2     9
      0.5255338328 a       935     1     7     2    10
      0.8610569575 a       936     1     7     2    11
      0.1521681782 a       937     1     7     2    12
      0.6620244095 a       938     1     7     2    13
     -1.0974485217 a       939     1     7     2    14
     -0.0215909279 a       940     1     7     2    15
      0.0535288292 a       941     1     7     2    16
      1.2879790088 a       942     1     7     2    17
     -0.1528330805 a       943     1     7     2    18
      0.7209347415 a       944     1     7     2    19
      0.1905202691 a       945     1     7     2    20
      0.1044828822 a       946     1     7     2    21
     -0.0064838955 a       947     1     7     2    22
     -0.0214669496 a       948     1     7     2    23
      0.2900032071 a       949     1     7     2    24
     -0.2716274751 a       950     1     7     2    25
     -0.8910952344 a       951     1     8     2     1
      0.1092667180 a       952     1     8     2     2
     -0.7462917223 a       953     1     8     2     3
      0.2274019376 a       954     1     8     2     4
      0.2976332962 a       955     1     8     2     5
      0.0898487008 a       956     1     8     2     6
      0.2032536920 a       957     1     8     2     7
     -0.1410527080 a       958     1     8     2     8
     -0.2973318866 a       959     1     8     2     9
     -0.4011025026 a       960     1     8     2    10
      0.5971036965 a       961     1     8     2    11
     -0.4634265533 a       962     1     8     2    12
     -0.1624890433 a       963     1     8     2    13
     -0.0375798512 a       964     1     8     2    14
      1.7345484188 a       965     1     8     2    15
      0.0300453845 a       966     1     8     2    16
      0.0502965179 a       967     1     8     2    17
      0.2103335605 a       968     1     8     2    18
     -0.4959965123 a       969     1     8     2    19
      0.1159355099 a       970     1     8     2    20
      0.2718101595 a       971     1     8     2    21
     -0.2729547042 a       972     1     8     2    22
      0.3093133659 a       973     1     8     2    23
      0.2529659148 a       974     1     8     2    24
      0.2892980847 a       975     1     8     2    25
     -0.1671097225 a       976     1     9     2     1
      0.2550063581 a       977     1     9     2     2
      0.2149843930 a       978     1     9     2     3
      0.4646028413 a       979     1     9     2     4
      0.3091465232 a       980     1     9     2     5
     -0.6435427477 a       981     1     9     2     6
     -0.0243625632 a       982     1     9     2     7
      0.3414425989 a       983     1     9     2     8
     -0.3266695838 a       984     1     9     2     9
     -0.0874168543 a       985     1     9     2    10
     -0.0467297716 a       986     1     9     2    11
      0.1605341942 a       987     1     9     2    12
     -0.5624942690 a       988     1     9     2    13
      0.1876362681 a       989     1     9     2    14
     -0.0678337412 a       990     1     9     2    15
     -0.7240445975 a       991     1     9     2    16
     -0.3991679161 a       992     1     9     2    17
      0.2000488109 a       993     1     9     2    18
      0.3558977109 a       994     1     9     2    19
     -0.3849370921 a       995     1     9     2    20
      0.3580000122 a       996     1     9     2    21
     -0.0496213820 a       997     1     9     2    22
     -0.0330081427 a       998     1     9     2    23
      0.6493675446 a       999     1     9     2    24
      0.2122346249 a      1000     1     9     2    25
      0.5827037172 a      1001     1    10     2     1
     -0.1663214066 a      1002     1    10     2     2
     -0.4689989957 a      1003     1    10     2     3
     -0.9997742191 a      1004     1    10     2     4
      1.7075622367 a      1005     1    10     2     5
      0.6190397903 a      1006     1    10     2     6
      0.4489197708 a      1007     1    10     2     7
     -0.0078092198 a      1008     1    10     2     8
     -0.1765428281 a      1009     1    10     2     9
      0.3570630355 a      1010     1    10     2    10
     -0.2579702902 a      1011     1    10     2    11
     -0.5366580396 a      1012     1    10     2    12
     -0.0022072841 a      1013     1    10     2    13
     -0.7077366455 a      1014     1    10     2    14
     -0.9787030078 a      1015     1    10     2    15
     -0.4155226420 a      1016     1    10     2    16
      1.6668540352 a      1017     1    10     2    17
      0.6078547582 a      1018     1    10     2    18
      0.4167984271 a      1019     1    10     2    19
      0.2395528416 a      1020     1    10     2    20
      0.7133353459 a      1021     1    10     2    21
     -0.6192850777 a      1022     1    10     2    22
      0.1366012065 a      1023     1    10     2    23
      0.2110308088 a      1024     1    10     2    24
      0.4470645974 a      1025     1    10     2    25
      0.3772337535 a      1026     1    11     2     1
      0.6424482390 a      1027     1    11     2     2
     -0.2956465071 a      1028     1    11     2     3
      0.5044329161 a      1029     1    11     2     4
      0.6281505377 a      1030     1    11     2     5
      0.8437019476 a      1031     1    11     2     6
     -0.0455436677 a      1032     1    11     2     7
      0.8604336224 a      1033     1    11     2     8
      0.3987490190 a      1034     1    11     2     9
      0.4439735750 a      1035     1    11     2    10
     -0.2472668930 a      1036     1    11     2    11
      1.0182407215 a      1037     1    11     2    12
      0.1411036895 a      1038     1    11     2    13
     -0.0156420826 a      1039     1    11     2    14
     -0.5102360190 a      1040     1    11     2    15
      0.1573481056 a      1041     1    11     2    16
      0.6909489378 a      1042     1    11     2    17
      0.1155568132 a      1043     1    11     2    18
     -0.1151175032 a      1044     1    11     2    19
     -0.6831409651 a      1045     1    11     2    20
      1.2870915295 a      1046     1    11     2    21
      0.3851527720 a      1047     1    11     2    22
      0.6689465232 a      1048     1    11     2    23
      0.4806117884 a      1049     1    11     2    24
     -0.3404961343 a      1050     1    11     2    25
     -0.2975742443 a      1051     1    12     2     1
      0.4422525645 a      1052     1    12     2     2
      0.4844114996 a      1053     1    12     2     3
     -0.1495409108 a      1054     1    12     2     4
      0.0976900898 a      1055     1    12     2     5
     -0.2545909290 a      1056     1    12     2     6
      0.0110660366 a      1057     1    12     2     7
     -0.5590719010 a      1058     1    12     2     8
     -0.3421916491 a      1059     1    12     2     9
      0.2973891230 a      1060     1    12     2    10
     -0.6752188839 a      1061     1    12     2    11
      0.0569354357 a      1062     1    12     2    12
     -0.3636961913 a      1063     1    12     2    13
     -0.7414526061 a      1064     1    12     2    14
      0.3707973200 a      1065     1    12     2    15
      0.2852754101 a      1066     1    12     2    16
     -1.0908538534 a      1067     1    12     2    17
      0.2197520432 a      1068     1    12     2    18
     -0.2457611561 a      1069     1    12     2    19
     -0.2711486930 a      1070     1    12     2    20
     -0.6602586948 a      1071     1    12     2    21
      0.1105684618 a      1072     1    12     2    22
      0.3670156641 a      1073     1    12     2    23
     -0.6408550497 a      1074     1    12     2    24
      0.1660936441 a      1075     1    12     2    25
     -0.0859768148 a      1076     1    13     2     1
      0.5209666030 a      1077     1    13     2     2
      0.2180068385 a      1078     1    13     2     3
      0.1883363825 a      1079     1    13     2     4
     -0.6811230464 a      1080     1    13     2     5
     -0.0203731950 a      1081     1    13     2     6
     -0.3198380173 a      1082     1    13     2     7
     -0.6002626579 a      1083     1    13     2     8
      0.7455511814 a      1084     1    13     2     9
     -0.3097519989 a      1085     1    13     2    10
      0.1516741525 a      1086     1    13     2    11
     -0.4313437870 a      1087     1    13     2    12
      0.5670188986 a      1088     1    13     2    13
      0.8550731352 a      1089     1    13     2    14
     -0.3475401843 a      1090     1    13     2    15
      0.2987303742 a      1091     1    13     2    16
     -0.1487285234 a      1092     1    13     2    17
      0.9783385329 a      1093     1    13     2    18
      0.6461544321 a      1094     1    13     2    19
      0.7172058220 a      1095     1    13     2    20
      0.1455271227 a      1096     1    13     2    21
     -0.5275053453 a      1097     1    13     2    22
      1.2861860826 a      1098     1    13     2    23
      0.4918436604 a      1099     1    13     2    24
      0.7986524248 a      1100     1    13     2    25
     -0.0706329172 a      1101     1    14     2     1
     -0.2477841582 a      1102     1    14     2     2
      0.3516514648 a      1103     1    14     2     3
     -0.7122281616 a      1104     1    14     2     4
     -0.5738014362 a      1105     1    14     2     5
     -0.2293609534 a      1106     1    14     2     6
     -0.1474900641 a      1107     1    14     2     7
     -0.1264545293 a      1108     1    14     2     8
     -0.5680692096 a      1109     1    14     2     9
     -0.4904932675 a      1110     1    14     2    10
     -0.2561737890 a      1111     1    14     2    11
     -0.1101413549 a      1112     1    14     2    12
      0.8409575134 a      1113     1    14     2    13
     -0.4911377832 a      1114     1    14     2    14
     -0.7071813522 a      1115     1    14     2    15
      0.2962351050 a      1116     1    14     2    16
      0.1104236711 a      1117     1    14     2    17
     -0.8297197624 a      1118     1    14     2    18
     -0.2567136466 a      1119     1    14     2    19
     -0.7699740757 a      1120     1    14     2    20
     -0.0330286194 a      1121     1    14     2    21
     -0.3524808097 a      1122     1    14     2    22
     -1.0315305671 a      1123     1    14     2    23
      0.4293242444 a      1124     1    14     2    24
     -0.5766817528 a      1125     1    14     2    25
      0.2751479363 a      1126     1    15     2     1
     -0.1992798248 a      1127     1    15     2     2
      0.3160919425 a      1128     1    15     2     3
     -0.8411813764 a      1129     1    15     2     4
     -0.2504716536 a      1130     1    15     2     5
     -0.1027434368 a      1131     1    15     2     6
     -0.2379996591 a      1132     1    15     2     7
      0.3016254391 a      1133     1    15     2     8
      0.6577567919 a      1134     1    15     2     9
     -0.2528413352 a      1135     1    15     2    10
     -0.1449943967 a      1136     1    15     2    11
     -0.2695647822 a      1137     1    15     2    12
     -0.1972882648 a      1138     1    15     2    13
     -0.3328755479 a      1139     1    15     2    14
      0.0204903316 a      1140     1    15     2    15
     -0.3627259635 a      1141     1    15     2    16
      0.6670499474 a      1142     1    15     2    17
     -0.1561584895 a      1143     1    15     2    18
     -0.3881650905 a      1144     1    15     2    19
      0.5296112509 a      1145     1    15     2    20
      0.7509461878 a      1146     1    15     2    21
      0.4645277042 a      1147     1    15     2    22
     -0.2877564968 a      1148     1    15     2    23
     -0.5263479213 a      1149     1    15     2    24
     -0.5112182060 a      1150     1    15     2    25
      0.1088935967 a      1151     1    16     2     1
     -0.4174787893 a      1152     1    16     2     2
     -0.6102445809 a      1153     1    16     2     3
     -0.2721651946 a      1154     1    16     2     4
     -0.7210816348 a      1155     1    16     2     5
      0.1748434033 a      1156     1    16     2     6
     -0.2040031243 a      1157     1    16     2     7
     -1.5115582665 a      1158     1    16     2     8
      0.2740957027 a      1159     1    16     2     9
      0.9704488406 a      1160     1    16     2    10
      0.6391397576 a      1161     1    16     2    11
      0.8332675591 a      1162     1    16     2    12
     -0.2891009442 a      1163     1    16     2    13
     -0.1954257797 a      1164     1    16     2    14
     -0.2576638727 a      1165     1    16     2    15
      0.3454504193 a      1166     1    16     2    16
     -1.1330334714 a      1167     1    16     2    17
      0.4610528724 a      1168     1    16     2    18
     -0.1840631680 a      1169     1    16     2    19
      0.0802786251 a      1170     1    16     2    20
      0.4201689914 a      1171     1    16     2    21
     -0.5965358755 a      1172     1    16     2    22
      0.5605154016 a      1173     1    16     2    23
     -0.4439280133 a      1174     1    16     2    24
      0.5278488356 a      1175     1    16     2    25
     -0.0382720640 a      1176     1    17     2     1
     -0.4634232148 a      1177     1    17     2     2
      0.9941305710 a      1178     1    17     2     3
     -0.2677165852 a      1179     1    17     2     4
      1.1729404416 a      1180     1    17     2     5
     -0.6573723345 a      1181     1    17     2     6
     -0.4768827874 a      1182     1    17     2     7
      0.2479862339 a      1183     1    17     2     8
      0.0683666036 a      1184     1    17     2     9
      0.3918907431 a      1185     1    17     2    10
      0.6709169922 a      1186     1    17     2    11
     -0.7072698586 a      1187     1    17     2    12
      0.5543333255 a      1188     1    17     2    13
      0.1534151077 a      1189     1    17     2    14
      1.0227549119 a      1190     1    17     2    15
      0.2576337872 a      1191     1    17     2    16
      0.4390518627 a      1192     1    17     2    17
     -0.1317923522 a      1193     1    17     2    18
      0.3212662593 a      1194     1    17     2    19
      0.4114421138 a      1195     1    17     2    20
     -0.5299200179 a      1196     1    17     2    21
     -0.5153408967 a      1197     1    17     2    22
      0.0082631498 a      1198     1    17     2    23
     -0.7333619425 a      1199     1    17     2    24
     -0.0955549448 a      1200     1    17     2    25
      0.4908297952 a      1201     1    18     2     1
      0.3856801398 a      1202     1    18     2     2
     -0.3548926479 a      1203     1    18     2     3
     -0.5326476584 a      1204     1    18     2     4
      1.7893327944 a      1205     1    18     2     5
      0.7104740472 a      1206     1    18     2     6
      0.4510512355 a      1207     1    18     2     7
      0.8583474985 a      1208     1    18     2     8
      0.2350004652 a      1209     1    18     2     9
     -0.8409098887 a      1210     1    18     2    10
      0.8402656960 a      1211     1    18     2    11
      0.3819343877 a      1212     1    18     2    12
     -0.5279992953 a      1213     1    18     2    13
     -0.6644698781 a      1214     1    18     2    14
      0.7465660303 a      1215     1    18     2    15
     -0.2156802571 a      1216     1    18     2    16
      0.5437022278 a      1217     1    18     2    17
     -0.3427044295 a      1218     1    18     2    18
     -0.6829828242 a      1219     1    18     2    19
     -0.5309762194 a      1220     1    18     2    20
     -0.1804334678 a      1221     1    18     2    21
     -0.2764581680 a      1222     1    18     2    22
     -0.4048652753 a      1223     1    18     2    23
     -0.4869388945 a      1224     1    18     2    24
     -0.6259936158 a      1225     1    18     2    25
     -1.1203705605 a      1226     1    19     2     1
      0.1916270746 a      1227     1    19     2     2
     -0.0563059392 a      1228     1    19     2     3
      2.1000791471 a      1229     1    19     2     4
     -1.2030160229 a      1230     1    19     2     5
     -0.0688748432 a      1231     1    19     2     6
      0.7453653718 a      1232     1    19     2     7
      0.6374297765 a      1233     1    19     2     8
      0.1915398470 a      1234     1    19     2     9
     -0.1585098354 a      1235     1    19     2    10
     -0.5591345947 a      1236     1    19     2    11
     -0.6786729795 a      1237     1    19     2    12
      0.1628059397 a      1238     1    19     2    13
     -1.1215780569 a      1239     1    19     2    14
      0.0209593758 a      1240     1    19     2    15
     -0.2056031204 a      1241     1    19     2    16
      0.6299194401 a      1242     1    19     2    17
      0.1074442134 a      1243     1    19     2    18
      0.1333447164 a      1244     1    19     2    19
     -0.2921009723 a      1245     1    19     2    20
      1.2156165111 a      1246     1    19     2    21
     -0.5146735175 a      1247     1    19     2    22
      1.0677550460 a      1248     1    19     2    23
      1.5019508514 a      1249     1    19     2    24
     -0.0656127499 a      1250     1    19     2    25
     -0.2326028312 a      1251     1    20     2     1
     -0.0398064813 a      1252     1    20     2     2
     -0.5782546776 a      1253     1    20     2     3
     -1.2033719695 a      1254     1    20     2     4
     -0.1780280830 a      1255     1    20     2     5
      0.6883469455 a      1256     1    20     2     6
     -0.2037649213 a      1257     1    20     2     7
      0.6693946459 a      1258     1    20     2     8
      0.6321257397 a      1259     1    20     2     9
     -0.7382388193 a      1260     1    20     2    10
      0.0584824021 a      1261     1    20     2    11
      0.3320507453 a      1262     1    20     2    12
      0.5155337636 a      1263     1    20     2    13
     -0.3657543428 a      1264     1    20     2    14
     -0.1251509802 a      1265     1    20     2    15
     -0.4815894147 a      1266     1    20     2    16
      0.8778866104 a      1267     1    20     2    17
     -0.6510867786 a      1268     1    20     2    18
      0.0132116649 a      1269     1    20     2    19
      0.7285838811 a      1270     1    20     2    20
      0.0716722875 a      1271     1    20     2    21
      0.2392484158 a      1272     1    20     2    22
     -0.6225604916 a      1273     1    20     2    23
     -0.8845445961 a      1274     1    20     2    24
      0.0539555603 a      1275     1    20     2    25
      0.1654696793 a      1276     1    21     2     1
      0.3376936142 a      1277     1    21     2     2
      0.2234780034 a      1278     1    21     2     3
     -0.1926406569 a      1279     1    21     2     4
     -0.1292526327 a      1280     1    21     2     5
      0.9242439190 a      1281     1    21     2     6
     -0.1427664091 a      1282     1    21     2     7
      0.4908294706 a      1283     1    21     2     8
     -0.1220758491 a      1284     1    21     2     9
      0.3679958536 a      1285     1    21     2    10
      0.6610415986 a      1286     1    21     2    11
      0.1853855061 a      1287     1    21     2    12
      0.7724678499 a      1288     1    21     2    13
      0.2066081798 a      1289     1    21     2    14
     -1.0691861533 a      1290     1    21     2    15
      0.0280898916 a      1291     1    21     2    16
      0.7168672929 a      1292     1    21     2    17
     -0.3021996388 a      1293     1    21     2    18
     -0.7594509808 a      1294     1    21     2    19
      0.7063833150 a      1295     1    21     2    20
     -0.3750560634 a      1296     1    21     2    21
     -0.4681463004 a      1297     1    21     2    22
      0.4331706003 a      1298     1    21     2    23
     -1.6565372864 a      1299     1    21     2    24
     -0.4431995849 a      1300     1    21     2    25
      0.7445526917 a      1301     1    22     2     1
     -0.0214773005 a      1302     1    22     2     2
      0.4919254698 a      1303     1    22     2     3
      0.3097060466 a      1304     1    22     2     4
     -1.2274990354 a      1305     1    22     2     5
     -0.0271244891 a      1306     1    22     2     6
     -0.6612989149 a      1307     1    22     2     7
     -1.2507297703 a      1308     1    22     2     8
      0.0012352678 a      1309     1    22     2     9
      0.0753312700 a      1310     1    22     2    10
      0.4245218864 a      1311     1    22     2    11
     -1.0228488856 a      1312     1    22     2    12
     -0.4376180494 a      1313     1    22     2    13
      0.8463675729 a      1314     1    22     2    14
     -0.6819826008 a      1315     1    22     2    15
     -0.7013438706 a      1316     1    22     2    16
     -0.1929221166 a      1317     1    22     2    17
     -0.0011969726 a      1318     1    22     2    18
     -0.1823720486 a      1319     1    22     2    19
      0.1451443129 a      1320     1    22     2    20
      0.4101702558 a      1321     1    22     2    21
      0.1898586811 a      1322     1    22     2    22
     -0.1648870209 a      1323     1    22     2    23
     -0.0347663952 a      1324     1    22     2    24
      0.0243911243 a      1325     1    22     2    25
      0.3069957805 a      1326     1    23     2     1
     -0.2884421325 a      1327     1    23     2     2
      0.2483232961 a      1328     1    23     2     3
      0.1154222404 a      1329     1    23     2     4
      1.1060942428 a      1330     1    23     2     5
     -0.5819667445 a      1331     1    23     2     6
     -0.1928560256 a      1332     1    23     2     7
      0.5527927975 a      1333     1    23     2     8
      0.5371409496 a      1334     1    23     2     9
     -0.3091416964 a      1335     1    23     2    10
     -0.2099184311 a      1336     1    23     2    11
      0.0713058157 a      1337     1    23     2    12
     -0.2282172133 a      1338     1    23     2    13
     -0.4172939542 a      1339     1    23     2    14
      0.8614893122 a      1340     1    23     2    15
     -0.6164431666 a      1341     1    23     2    16
     -0.3783540642 a      1342     1    23     2    17
      0.2043801509 a      1343     1    23     2    18
      0.0556771045 a      1344     1    23     2    19
      0.2289429586 a      1345     1    23     2    20
     -0.6676673164 a      1346     1    23     2    21
      0.2481973233 a      1347     1    23     2    22
      0.0731057488 a      1348     1    23     2    23
     -1.1643090153 a      1349     1    23     2    24
     -0.1175376422 a      1350     1    23     2    25
      0.0292794352 a      1351     1    24     2     1
     -0.9097515326 a      1352     1    24     2     2
      0.2387536495 a      1353     1    24     2     3
      0.2637323687 a      1354     1    24     2     4
      0.1634945684 a      1355     1    24     2     5
     -0.0569860927 a      1356     1    24     2     6
     -0.4013403670 a      1357     1    24     2     7
      0.7501696547 a      1358     1    24     2     8
      0.4559280529 a      1359     1    24     2     9
     -0.4142117082 a      1360     1    24     2    10
     -0.5290927018 a      1361     1    24     2    11
      0.4971293476 a      1362     1    24     2    12
     -0.7397074093 a      1363     1    24     2    13
     -0.0190927446 a      1364     1    24     2    14
     -0.8470923785 a      1365     1    24     2    15
      0.4043458455 a      1366     1    24     2    16
      1.0434350475 a      1367     1    24     2    17
     -0.8024414554 a      1368     1    24     2    18
     -0.5430232708 a      1369     1    24     2    19
      0.5631653837 a      1370     1    24     2    20
     -0.4758881252 a      1371     1    24     2    21
      0.3724937200 a      1372     1    24     2    22
      0.4473884499 a      1373     1    24     2    23
      0.0597452164 a      1374     1    24     2    24
     -0.6203026365 a      1375     1    24     2    25
     -0.9244595281 a      1376     1    25     2     1
     -0.7705858758 a      1377     1    25     2     2
     -0.6690959091 a      1378     1    25     2     3
      0.1471698285 a      1379     1    25     2     4
     -1.6704506997 a      1380     1    25     2     5
     -0.4291940065 a      1381     1    25     2     6
     -1.0516895190 a      1382     1    25     2     7
      0.6851193034 a      1383     1    25     2     8
      0.4036760597 a      1384     1    25     2     9
     -0.7319461021 a      1385     1    25     2    10
     -0.6805923437 a      1386     1    25     2    11
      0.5200616622 a      1387     1    25     2    12
      0.4132843956 a      1388     1    25     2    13
      0.6160217649 a      1389     1    25     2    14
     -1.5026936707 a      1390     1    25     2    15
     -0.0443596200 a      1391     1    25     2    16
      1.4675751243 a      1392     1    25     2    17
     -0.3917857893 a      1393     1    25     2    18
     -0.2541789812 a      1394     1    25     2    19
      0.2593733596 a      1395     1    25     2    20
      0.5447079852 a      1396     1    25     2    21
      0.4781638594 a      1397     1    25     2    22
     -0.8029846095 a      1398     1    25     2    23
     -0.2357316864 a      1399     1    25     2    24
      0.4018555916 a      1400     1    25     2    25
     -0.1036977255 b      1401     2     1
     -0.9174501072 b      1402     2     2
      0.8904479309 b      1403     2     3
      0.0853383377 b      1404     2     4
     -1.1153002746 b      1405     2     5
     -1.0050147704 b      1406     2     6
     -0.9853693956 b      1407     2     7
     -0.3495358285 b      1408     2     8
     -0.8469354214 b      1409     2     9
      1.3185386885 b      1410     2    10
      1.6012356342 b      1411     2    11
      0.7787759879 b      1412     2    12
      0.0181282732 b      1413     2    13
     -0.5884301235 b      1414     2    14
     -0.5602137349 b      1415     2    15
      1.1768728942 b      1416     2    16
     -0.3370149928 b      1417     2    17
      0.9113640349 b      1418     2    18
      0.6211590177 b      1419     2    19
      1.0786656576 b      1420     2    20
     -0.2531424785 b      1421     2    21
     -1.6248853595 b      1422     2    22
     -1.4470704391 b      1423     2    23
      0.6145488891 b      1424     2    24
      0.4672906884 b      1425     2    25
     -0.0813981589 a      1426     2     1     3     1
      0.0025448147 a      1427     2     2     3     1
      0.0545687113 a      1428     2     3     3     1
      0.1397454344 a      1429     2     4     3     1
      0.2519589186 a      1430     2     5     3     1
     -0.0005382774 a      1431     2     6     3     1
     -0.0001183707 a      1432     2     7     3     1
      0.0720971561 a      1433     2     8     3     1
     -0.0209452415 a      1434     2     9     3     1
      0.1327910047 a      1435     2    10     3     1
     -0.1929271985 a      1436     2    11     3     1
     -0.0651258991 a      1437     2    12     3     1
     -0.0517492696 a      1438     2    13     3     1
      0.0790010477 a      1439     2    14     3     1
      0.0757232269 a      1440     2    15     3     1
     -0.0107523695 a      1441     2    16     3     1
     -0.0699822023 a      1442     2    17     3     1
      0.0622562763 a      1443     2    18     3     1
      0.1964792693 a      1444     2    19     3     1
     -0.0258365714 a      1445     2    20     3     1
     -0.0203133675 a      1446     2    21     3     1
     -0.0231772907 a      1447     2    22     3     1
     -0.1038974526 a      1448     2    23     3     1
      0.0852674692 a      1449     2    24     3     1
      0.0115402713 a      1450     2    25     3     1
     -0.3398161878 b      1451     3     1
