################################################################################
# Neural network connection values (weights and biases).
################################################################################
# Col  Name       Description
################################################################################
# 1    connection Neural network connection value.
# 2    t          Connection type (a = weight, b = bias).
# 3    index      Index enumerating weights.
# 4    l_s        Starting point layer (end point layer for biases).
# 5    n_s        Starting point neuron in starting layer (end point neuron for biases).
# 6    l_e        End point layer.
# 7    n_e        End point neuron in end layer.
################################################################################
#                      1 2         3     4     5     6     7
#             connection t     index   l_s   n_s   l_e   n_e
############################################################
 -6.1547280851079487E+00 a         1     0     1     1     1
  5.9956436288775796E+00 a         2     0     1     1     2
  2.9986223642652470E+00 a         3     0     1     1     3
  1.7755637669734934E+01 a         4     0     1     1     4
 -8.0259659986592862E+00 a         5     0     1     1     5
 -6.0756257967256539E+00 a         6     0     1     1     6
 -1.8975423057289427E+00 a         7     0     1     1     7
  2.5781376658161259E-01 a         8     0     1     1     8
 -2.7288290756295766E+00 a         9     0     1     1     9
 -1.1627895778759459E+01 a        10     0     1     1    10
 -7.1184495544068067E+00 a        11     0     1     1    11
  1.2716096498177405E+01 a        12     0     1     1    12
 -4.1295262974358582E-01 a        13     0     1     1    13
 -1.1150864829573017E+01 a        14     0     1     1    14
  8.1090527063217390E+00 a        15     0     1     1    15
  4.4430379709889678E+00 a        16     0     1     1    16
 -7.5194127053105131E+00 a        17     0     1     1    17
  4.4946568759513452E+00 a        18     0     1     1    18
 -8.5008400961538888E-01 a        19     0     1     1    19
  1.4087696652516277E+00 a        20     0     1     1    20
 -4.1225635798126936E-01 a        21     0     1     1    21
  9.3468553974565065E+00 a        22     0     1     1    22
 -5.5197276169047271E-01 a        23     0     1     1    23
 -1.1289107113886681E+00 a        24     0     1     1    24
 -5.5545720536214427E+00 a        25     0     1     1    25
 -6.2105029982232294E+00 a        26     0     2     1     1
 -2.4932886828751970E+00 a        27     0     2     1     2
  7.9658829328085501E+00 a        28     0     2     1     3
 -3.5590404378528660E+01 a        29     0     2     1     4
  1.2296678364985234E+00 a        30     0     2     1     5
 -9.2288245819710077E+00 a        31     0     2     1     6
  9.5041141914607810E+00 a        32     0     2     1     7
 -3.5545477286248284E+00 a        33     0     2     1     8
  1.1184070340208632E+00 a        34     0     2     1     9
  7.2412515804013342E+00 a        35     0     2     1    10
 -1.4327613987586096E+00 a        36     0     2     1    11
  1.2678462473110923E+01 a        37     0     2     1    12
  1.2813906542059375E+00 a        38     0     2     1    13
  1.3650360525647365E+01 a        39     0     2     1    14
 -8.5187673522019711E+00 a        40     0     2     1    15
 -9.6740741269315293E+00 a        41     0     2     1    16
 -4.2849885887335359E+00 a        42     0     2     1    17
 -1.0273383586053214E+01 a        43     0     2     1    18
 -1.7228604630446331E+00 a        44     0     2     1    19
  3.3365387580818586E+00 a        45     0     2     1    20
 -1.1641764731690563E+01 a        46     0     2     1    21
 -9.6279984304594972E+00 a        47     0     2     1    22
  2.0644327355358691E+01 a        48     0     2     1    23
 -2.0334175827432301E+01 a        49     0     2     1    24
 -9.5406639938286872E+00 a        50     0     2     1    25
  1.3638693963946588E+01 a        51     0     3     1     1
 -1.3232090362422076E+01 a        52     0     3     1     2
 -1.1495864245637737E+01 a        53     0     3     1     3
 -1.4433744403778309E+01 a        54     0     3     1     4
  1.4927295990795836E+01 a        55     0     3     1     5
  1.2732328025363250E+01 a        56     0     3     1     6
 -3.7241302729542776E+00 a        57     0     3     1     7
  2.4918358940548893E+00 a        58     0     3     1     8
 -5.1975073588699972E-01 a        59     0     3     1     9
  2.1582836413757995E+01 a        60     0     3     1    10
  1.4979144905575579E+01 a        61     0     3     1    11
 -9.6596809332852249E+00 a        62     0     3     1    12
 -8.9134556988037126E+00 a        63     0     3     1    13
  1.4571589341662971E+01 a        64     0     3     1    14
 -1.3264537280036356E+01 a        65     0     3     1    15
 -4.8048123778169680E+00 a        66     0     3     1    16
  2.3494366869684669E+01 a        67     0     3     1    17
 -2.5526689698115290E+00 a        68     0     3     1    18
  2.4245253784425014E+00 a        69     0     3     1    19
 -1.2445925374667082E+01 a        70     0     3     1    20
  7.5549822396938380E+00 a        71     0     3     1    21
 -1.1656767188078868E+01 a        72     0     3     1    22
 -1.0156410894193000E+01 a        73     0     3     1    23
  1.1376370166386616E+01 a        74     0     3     1    24
  4.2456662790217630E+00 a        75     0     3     1    25
  1.1113497256531604E+01 a        76     0     4     1     1
  1.6016909411805461E+01 a        77     0     4     1     2
 -1.0568719227223644E+01 a        78     0     4     1     3
  4.5625190021132930E+01 a        79     0     4     1     4
  6.5921688745156342E+00 a        80     0     4     1     5
  1.9012662205767676E+01 a        81     0     4     1     6
 -1.1384510999704174E+01 a        82     0     4     1     7
  1.0118174857156847E+01 a        83     0     4     1     8
  6.7156957901790326E+00 a        84     0     4     1     9
 -7.8108248151226727E+00 a        85     0     4     1    10
  7.9373084486123915E+00 a        86     0     4     1    11
 -3.3376195850543930E+01 a        87     0     4     1    12
  1.1664395619956530E+01 a        88     0     4     1    13
 -2.1951885070129361E+01 a        89     0     4     1    14
  2.3916865529244980E+01 a        90     0     4     1    15
  1.5988822060878434E+01 a        91     0     4     1    16
  7.4414271461428783E-01 a        92     0     4     1    17
  1.4718858279784106E+01 a        93     0     4     1    18
  1.6918221933397906E-01 a        94     0     4     1    19
 -3.1868713373062110E+00 a        95     0     4     1    20
  3.6342354394217704E+00 a        96     0     4     1    21
  1.9825188605674708E+01 a        97     0     4     1    22
 -3.4917534154771481E+01 a        98     0     4     1    23
  3.1172213981945433E+01 a        99     0     4     1    24
  1.8021425105594822E+01 a       100     0     4     1    25
 -8.7336182094138604E+00 a       101     0     5     1     1
 -5.0028380108493385E-02 a       102     0     5     1     2
  2.1607690711490235E+01 a       103     0     5     1     3
  6.0311809923623916E-01 a       104     0     5     1     4
 -2.2690787741856671E+01 a       105     0     5     1     5
 -1.8876714934163843E+01 a       106     0     5     1     6
  3.2323520307406701E+00 a       107     0     5     1     7
 -7.4054802012920495E+00 a       108     0     5     1     8
 -1.9052921613256621E-01 a       109     0     5     1     9
 -1.9367554316813244E+01 a       110     0     5     1    10
 -1.7028369032947701E+01 a       111     0     5     1    11
  9.6023292138522223E+00 a       112     0     5     1    12
  1.4363588472856625E+01 a       113     0     5     1    13
 -1.3028721048233038E+01 a       114     0     5     1    14
  1.2195728615831463E+01 a       115     0     5     1    15
 -2.4611467273922796E+00 a       116     0     5     1    16
 -2.6187565785815917E+01 a       117     0     5     1    17
 -6.6730884760703537E+00 a       118     0     5     1    18
  3.2918338290092710E+00 a       119     0     5     1    19
  1.3300417182649001E+01 a       120     0     5     1    20
  4.8091957760837261E+00 a       121     0     5     1    21
 -2.1266320885789816E-01 a       122     0     5     1    22
  6.5739139501115780E+00 a       123     0     5     1    23
 -1.5815780578370850E+01 a       124     0     5     1    24
 -2.4464965974172133E+00 a       125     0     5     1    25
 -3.4415835508487009E+00 a       126     0     6     1     1
 -1.0896544434173986E+01 a       127     0     6     1     2
 -1.0469270280053644E+01 a       128     0     6     1     3
 -2.0228146810327722E+01 a       129     0     6     1     4
 -1.4067482895426100E+01 a       130     0     6     1     5
 -1.4753128708117773E+01 a       131     0     6     1     6
  4.7499167774277646E+00 a       132     0     6     1     7
 -7.8375027440560823E+00 a       133     0     6     1     8
 -1.4793994247594604E+01 a       134     0     6     1     9
  3.1312112586107701E+00 a       135     0     6     1    10
 -9.9785508924310715E+00 a       136     0     6     1    11
  2.3025849460166178E+01 a       137     0     6     1    12
 -2.8335518354986842E+01 a       138     0     6     1    13
  1.8386157105017070E+01 a       139     0     6     1    14
 -2.5643499742302968E+01 a       140     0     6     1    15
 -8.3993200354771851E+00 a       141     0     6     1    16
  1.0196281396051036E+01 a       142     0     6     1    17
 -4.2475286284201541E+00 a       143     0     6     1    18
 -5.7391544373380095E+00 a       144     0     6     1    19
  1.5850449519983922E+01 a       145     0     6     1    20
  5.2063831803769682E+00 a       146     0     6     1    21
 -1.6306742230213267E+01 a       147     0     6     1    22
  3.8552458827697286E+01 a       148     0     6     1    23
 -1.5264633989942253E+01 a       149     0     6     1    24
 -5.3020493280413259E+00 a       150     0     6     1    25
  2.4045875463905677E+00 a       151     0     7     1     1
 -5.5892090934294691E-01 a       152     0     7     1     2
 -1.5183903713546480E+01 a       153     0     7     1     3
  7.4330588574042986E+00 a       154     0     7     1     4
  2.3647567411043859E+01 a       155     0     7     1     5
  1.2589404094847490E+01 a       156     0     7     1     6
  5.9117081131364309E+00 a       157     0     7     1     7
  4.0931601681206073E+00 a       158     0     7     1     8
  8.8693934374404488E+00 a       159     0     7     1     9
  7.3680610486034102E+00 a       160     0     7     1    10
  1.8889213491209194E+01 a       161     0     7     1    11
  2.0506092848558661E+00 a       162     0     7     1    12
 -7.9442408840908296E+00 a       163     0     7     1    13
  1.2937702255354649E+01 a       164     0     7     1    14
 -1.1685858064222451E+01 a       165     0     7     1    15
  4.7469670877882730E-01 a       166     0     7     1    16
  1.5289177180101602E+01 a       167     0     7     1    17
 -3.9013054756656146E-01 a       168     0     7     1    18
 -6.8315345157708283E+00 a       169     0     7     1    19
 -8.4690501900406243E+00 a       170     0     7     1    20
 -2.1342553799797486E+01 a       171     0     7     1    21
  1.6768812106034748E+01 a       172     0     7     1    22
 -2.1300739523242300E+00 a       173     0     7     1    23
  1.0726025771418941E+01 a       174     0     7     1    24
  9.3356214578859884E+00 a       175     0     7     1    25
 -3.6281920671855103E+00 a       176     0     8     1     1
 -3.8851275282292548E+00 a       177     0     8     1     2
  1.9351258259407178E+01 a       178     0     8     1     3
  6.4908090028329166E+00 a       179     0     8     1     4
  8.9804254087172595E+00 a       180     0     8     1     5
  5.5327671265297571E+00 a       181     0     8     1     6
  2.6889284946225733E+00 a       182     0     8     1     7
  4.3666469934128473E+00 a       183     0     8     1     8
 -9.0548057936432222E+00 a       184     0     8     1     9
  1.7918077294084501E+01 a       185     0     8     1    10
 -9.2293860244132109E+00 a       186     0     8     1    11
 -7.9054660302170738E+00 a       187     0     8     1    12
  1.1330940174965393E+01 a       188     0     8     1    13
  2.5298777906922645E+00 a       189     0     8     1    14
 -1.0510272404549591E+01 a       190     0     8     1    15
  2.0318816966357076E+01 a       191     0     8     1    16
  1.6428320688806991E+01 a       192     0     8     1    17
  6.6203710508802409E+00 a       193     0     8     1    18
  2.0745364107515698E+01 a       194     0     8     1    19
 -3.3447234752740826E+01 a       195     0     8     1    20
  1.7301410801423569E+00 a       196     0     8     1    21
  1.2398458655727522E+00 a       197     0     8     1    22
 -2.5718996954019456E+01 a       198     0     8     1    23
 -2.0495083173708287E-01 a       199     0     8     1    24
 -5.6376257371642273E+00 a       200     0     8     1    25
 -2.6190415915580649E+00 a       201     0     9     1     1
 -4.7564593912648165E+00 a       202     0     9     1     2
  6.5750144934984602E+00 a       203     0     9     1     3
 -2.9033063879804146E+00 a       204     0     9     1     4
 -6.5019965977547898E+00 a       205     0     9     1     5
 -4.0800560796122491E+00 a       206     0     9     1     6
 -1.1245426301681123E+01 a       207     0     9     1     7
  4.2151349521331163E+00 a       208     0     9     1     8
  1.3292024885082074E+00 a       209     0     9     1     9
 -7.4926589026852746E+00 a       210     0     9     1    10
 -9.1096213199816045E+00 a       211     0     9     1    11
  3.0296768471008204E+00 a       212     0     9     1    12
  1.0753781867711714E+01 a       213     0     9     1    13
 -7.1873707381940584E+00 a       214     0     9     1    14
  2.0683765262111495E+00 a       215     0     9     1    15
 -4.1170416621224515E+00 a       216     0     9     1    16
 -8.0586187481128793E+00 a       217     0     9     1    17
 -1.5690899708556487E+00 a       218     0     9     1    18
  4.5123234797872733E+00 a       219     0     9     1    19
  4.7562542263569920E+00 a       220     0     9     1    20
  1.5132473777279930E+01 a       221     0     9     1    21
 -9.7513194663091802E+00 a       222     0     9     1    22
 -2.4776516747480501E+00 a       223     0     9     1    23
 -8.4518397128283218E-01 a       224     0     9     1    24
 -2.6211170493411973E+00 a       225     0     9     1    25
 -2.8819647798873231E+00 a       226     0    10     1     1
  2.8835771040484741E+00 a       227     0    10     1     2
 -4.3057347496500703E-01 a       228     0    10     1     3
 -3.0825001922558259E+00 a       229     0    10     1     4
  3.5855372936075693E+00 a       230     0    10     1     5
  3.9616664152050092E+00 a       231     0    10     1     6
  4.4266831749329366E-01 a       232     0    10     1     7
  5.2181394901240017E+00 a       233     0    10     1     8
  9.9937552639358262E+00 a       234     0    10     1     9
 -3.1340921980723859E+00 a       235     0    10     1    10
  2.7319673267203282E+00 a       236     0    10     1    11
  7.3208119427682572E+00 a       237     0    10     1    12
  8.4562269859919521E+00 a       238     0    10     1    13
 -5.0912199946209142E+00 a       239     0    10     1    14
  1.4433086780614968E+01 a       240     0    10     1    15
 -8.9571662205821809E+00 a       241     0    10     1    16
 -1.2102906039006408E+01 a       242     0    10     1    17
 -8.3316333443496857E-02 a       243     0    10     1    18
 -4.6059350080975161E+00 a       244     0    10     1    19
  1.4075529238117865E+00 a       245     0    10     1    20
 -6.0736492858971367E+00 a       246     0    10     1    21
  7.1811172964129781E+00 a       247     0    10     1    22
 -3.6286060432827699E-01 a       248     0    10     1    23
 -1.5614352800249589E+00 a       249     0    10     1    24
 -3.6327245058615478E+00 a       250     0    10     1    25
  6.8256594695751316E+00 a       251     0    11     1     1
  1.2676743618021207E+00 a       252     0    11     1     2
 -2.1081841084979969E+00 a       253     0    11     1     3
 -9.1354820679494864E-01 a       254     0    11     1     4
  4.9228000452995415E+00 a       255     0    11     1     5
  3.7324946700339057E+00 a       256     0    11     1     6
  4.5704606846109668E+00 a       257     0    11     1     7
 -1.5465634696215254E+00 a       258     0    11     1     8
  2.9546375202537449E+00 a       259     0    11     1     9
 -1.1076213247848266E+00 a       260     0    11     1    10
  3.7787031406981271E+00 a       261     0    11     1    11
 -6.7812564827921191E+00 a       262     0    11     1    12
 -2.0483964797190701E+00 a       263     0    11     1    13
  1.7471397238277808E+00 a       264     0    11     1    14
  2.4609932284596936E+00 a       265     0    11     1    15
 -4.8527853739264305E-02 a       266     0    11     1    16
 -2.6248785311368117E-01 a       267     0    11     1    17
 -4.2836880397108388E+00 a       268     0    11     1    18
 -4.0242016395402036E+00 a       269     0    11     1    19
 -3.7367279511380138E+00 a       270     0    11     1    20
 -9.0538287130549371E+00 a       271     0    11     1    21
  3.9770341970749784E-01 a       272     0    11     1    22
  7.5050484691828478E-01 a       273     0    11     1    23
  4.0618833351034694E-01 a       274     0    11     1    24
  3.8599488998613483E+00 a       275     0    11     1    25
  5.8431056748352965E+00 a       276     0    12     1     1
  4.8388132387810705E+00 a       277     0    12     1     2
 -4.7307467935152374E+00 a       278     0    12     1     3
  4.9916861486750266E+00 a       279     0    12     1     4
 -5.2639884671613304E+00 a       280     0    12     1     5
 -2.5659806033794004E+00 a       281     0    12     1     6
  1.4712517942884953E+00 a       282     0    12     1     7
 -3.5863561142856066E+00 a       283     0    12     1     8
 -1.6886585295613121E+00 a       284     0    12     1     9
 -6.4800075272921387E-01 a       285     0    12     1    10
  6.5463800484576682E+00 a       286     0    12     1    11
 -7.5915214837012472E+00 a       287     0    12     1    12
 -7.4728840907330083E+00 a       288     0    12     1    13
  1.5055455836034839E+00 a       289     0    12     1    14
  6.9675104800712495E-01 a       290     0    12     1    15
 -2.0209193363159780E-01 a       291     0    12     1    16
  2.7371985981349085E+00 a       292     0    12     1    17
 -2.5023224860988602E+00 a       293     0    12     1    18
 -2.1355365027624629E+00 a       294     0    12     1    19
  7.7831306940276841E+00 a       295     0    12     1    20
 -5.4393361021334252E+00 a       296     0    12     1    21
 -8.1300449566908117E+00 a       297     0    12     1    22
  1.3570490684096681E+00 a       298     0    12     1    23
  2.1413299055181718E+00 a       299     0    12     1    24
  1.7776745535796543E+00 a       300     0    12     1    25
 -4.4731379257732380E+00 a       301     0    13     1     1
  5.5182919852239790E-02 a       302     0    13     1     2
 -1.3004124389217755E+00 a       303     0    13     1     3
 -5.3079504761402996E-03 a       304     0    13     1     4
 -3.3596509272611259E+00 a       305     0    13     1     5
 -1.1482647187968056E+00 a       306     0    13     1     6
 -2.2209477985210984E+00 a       307     0    13     1     7
 -4.3143215614923536E-01 a       308     0    13     1     8
 -6.9252306572037037E-01 a       309     0    13     1     9
 -2.2753572046718191E+00 a       310     0    13     1    10
  1.2780447160297221E+00 a       311     0    13     1    11
  8.3675234034886248E-01 a       312     0    13     1    12
  9.0655348264508506E-01 a       313     0    13     1    13
 -4.3796968530869268E-01 a       314     0    13     1    14
  5.4112871967745990E-01 a       315     0    13     1    15
  1.7802667007727901E+00 a       316     0    13     1    16
 -7.3549952701562316E-01 a       317     0    13     1    17
  9.3419212496078916E-02 a       318     0    13     1    18
 -6.5179559912246193E-02 a       319     0    13     1    19
  5.4764660142489810E-04 a       320     0    13     1    20
  8.0593876659414256E+00 a       321     0    13     1    21
  7.2089213532336049E-01 a       322     0    13     1    22
 -9.1348860297082246E-01 a       323     0    13     1    23
 -1.7804523520419151E+00 a       324     0    13     1    24
  3.7459408816779682E-01 a       325     0    13     1    25
 -4.0116255073307308E+00 a       326     0    14     1     1
  1.7659395218745397E+00 a       327     0    14     1     2
  1.2175821065546057E-01 a       328     0    14     1     3
  1.4181063731642329E+00 a       329     0    14     1     4
  1.1060116318768098E+00 a       330     0    14     1     5
  7.1286884669749673E-01 a       331     0    14     1     6
  1.4005859359320834E+00 a       332     0    14     1     7
  1.0589850275691797E+00 a       333     0    14     1     8
  3.8753857374188677E-01 a       334     0    14     1     9
 -1.4543802302892981E+00 a       335     0    14     1    10
 -2.2879666698745180E+00 a       336     0    14     1    11
  3.9876669029259291E+00 a       337     0    14     1    12
  1.3576096077305502E+00 a       338     0    14     1    13
  2.0116459079471469E+00 a       339     0    14     1    14
  4.7961598317285525E-01 a       340     0    14     1    15
 -1.2165669373470522E+00 a       341     0    14     1    16
 -1.9462607066411630E-01 a       342     0    14     1    17
  5.6667339513842330E-01 a       343     0    14     1    18
  1.0037435716363070E-01 a       344     0    14     1    19
 -2.1835772511889227E+00 a       345     0    14     1    20
  2.8038945709174512E+00 a       346     0    14     1    21
  5.7590483909793191E+00 a       347     0    14     1    22
  7.4268841430981403E-01 a       348     0    14     1    23
 -6.6759696185820427E-01 a       349     0    14     1    24
 -2.0034764088354895E+00 a       350     0    14     1    25
  2.2628816133130871E+00 a       351     0    15     1     1
 -1.8934447215978001E-01 a       352     0    15     1     2
  9.6240609339287675E-01 a       353     0    15     1     3
  1.2049677431782131E-01 a       354     0    15     1     4
 -2.0170700771250543E+00 a       355     0    15     1     5
  3.2308162195025536E-01 a       356     0    15     1     6
 -1.6248281955741864E-01 a       357     0    15     1     7
 -1.5384743277819798E-01 a       358     0    15     1     8
 -1.5656663152690677E+00 a       359     0    15     1     9
  4.9681051663939363E-01 a       360     0    15     1    10
  1.0784904495288011E-01 a       361     0    15     1    11
 -4.4177810796495515E-01 a       362     0    15     1    12
  3.7998680721465429E-02 a       363     0    15     1    13
 -5.7901586254138482E-01 a       364     0    15     1    14
  3.7930312997901255E-01 a       365     0    15     1    15
 -1.0096913604888267E+00 a       366     0    15     1    16
 -1.9338028284010340E+00 a       367     0    15     1    17
  8.0892341675496870E-01 a       368     0    15     1    18
 -1.8601856738428957E+00 a       369     0    15     1    19
  3.7441669224782748E-01 a       370     0    15     1    20
 -2.7699450864573274E+00 a       371     0    15     1    21
 -1.4281991205406728E+00 a       372     0    15     1    22
  1.0838143309313575E+00 a       373     0    15     1    23
  4.8929128984323056E-01 a       374     0    15     1    24
 -6.2778637286584416E-01 a       375     0    15     1    25
 -3.3863850235136306E-01 a       376     0    16     1     1
  2.7683235492586720E+00 a       377     0    16     1     2
 -1.7799173043172749E+00 a       378     0    16     1     3
  1.1207112159111279E+00 a       379     0    16     1     4
 -1.1803388697684769E+00 a       380     0    16     1     5
 -1.7307435009974368E+00 a       381     0    16     1     6
  6.6280577395323270E-01 a       382     0    16     1     7
 -9.2042645471036610E-01 a       383     0    16     1     8
  2.7377377633143934E-01 a       384     0    16     1     9
  9.8450665676867177E-01 a       385     0    16     1    10
 -3.4412727937462573E-01 a       386     0    16     1    11
 -2.4286472158431511E+00 a       387     0    16     1    12
 -8.9250111263779186E-01 a       388     0    16     1    13
  6.1205713394132577E-01 a       389     0    16     1    14
  1.4623513181125929E+00 a       390     0    16     1    15
 -6.9906973665360850E-01 a       391     0    16     1    16
 -8.1433466245563835E-01 a       392     0    16     1    17
  2.5510974616674065E-01 a       393     0    16     1    18
 -1.5879546809155293E-01 a       394     0    16     1    19
  1.8841812011402539E+00 a       395     0    16     1    20
 -1.5855862237417533E+00 a       396     0    16     1    21
 -1.7330185690415983E-01 a       397     0    16     1    22
  1.2676662846696427E+00 a       398     0    16     1    23
  2.8762888558044375E-01 a       399     0    16     1    24
  9.1520690313999697E-01 a       400     0    16     1    25
  4.5062642090911815E+00 a       401     0    17     1     1
 -2.4599311814690932E+00 a       402     0    17     1     2
 -9.2656019871278286E+00 a       403     0    17     1     3
  5.1331427468256345E+00 a       404     0    17     1     4
  6.5863607612955413E+00 a       405     0    17     1     5
  8.9321487217885966E+00 a       406     0    17     1     6
 -1.2011459934010807E+01 a       407     0    17     1     7
 -2.5460975318052750E+00 a       408     0    17     1     8
  3.9443958726367079E-01 a       409     0    17     1     9
 -1.4179351371240372E+01 a       410     0    17     1    10
 -6.2850376602458189E+00 a       411     0    17     1    11
  2.9664295015073012E+00 a       412     0    17     1    12
  2.2069271140885243E+00 a       413     0    17     1    13
  1.4108665438947969E+00 a       414     0    17     1    14
 -9.5995198620406228E+00 a       415     0    17     1    15
 -5.0080847415910990E+00 a       416     0    17     1    16
 -1.1029660353115663E+01 a       417     0    17     1    17
  1.5849660479764098E+00 a       418     0    17     1    18
 -2.5267334866784177E+00 a       419     0    17     1    19
  4.4085546951064791E-01 a       420     0    17     1    20
  2.0280884238403991E+00 a       421     0    17     1    21
  8.8064207587518801E+00 a       422     0    17     1    22
  4.5257116630674210E-01 a       423     0    17     1    23
 -6.1346258936585967E+00 a       424     0    17     1    24
 -1.2890011038818521E+00 a       425     0    17     1    25
 -2.2824295979923437E+00 a       426     0    18     1     1
 -3.0705186527088077E+00 a       427     0    18     1     2
  6.7641017504281233E+00 a       428     0    18     1     3
 -7.9752888613116486E+00 a       429     0    18     1     4
 -7.3437492287968897E-01 a       430     0    18     1     5
 -5.4935587885621540E-01 a       431     0    18     1     6
 -2.2299975208648752E+00 a       432     0    18     1     7
  4.0169252392250359E+00 a       433     0    18     1     8
  2.0003328453024230E-01 a       434     0    18     1     9
  5.2341623997822069E+00 a       435     0    18     1    10
 -8.2100988489870499E+00 a       436     0    18     1    11
 -3.0480439332099700E+00 a       437     0    18     1    12
 -4.2236212968795434E-01 a       438     0    18     1    13
 -5.1855525831372618E-01 a       439     0    18     1    14
  1.3909292806614666E+00 a       440     0    18     1    15
  4.6584781416381853E+00 a       441     0    18     1    16
  2.3156058056463005E+00 a       442     0    18     1    17
  5.1975620575197434E-01 a       443     0    18     1    18
  2.5726195775680334E+00 a       444     0    18     1    19
  2.3968406798583142E+00 a       445     0    18     1    20
  3.1353994691158253E+00 a       446     0    18     1    21
 -7.9404437905455092E+00 a       447     0    18     1    22
 -4.0075203459815620E+00 a       448     0    18     1    23
  2.0284670136245802E+00 a       449     0    18     1    24
  2.7230397508722968E+00 a       450     0    18     1    25
 -1.5803232384834990E+01 a       451     0    19     1     1
  1.0542577619160667E+01 a       452     0    19     1     2
  2.1389964551831635E+01 a       453     0    19     1     3
  1.5562660800718989E+01 a       454     0    19     1     4
  1.1344941569571677E+01 a       455     0    19     1     5
  9.3874630137435950E+00 a       456     0    19     1     6
  4.8289171639380237E+00 a       457     0    19     1     7
  2.4271779851608142E+00 a       458     0    19     1     8
  6.5736384633278044E+00 a       459     0    19     1     9
 -1.0493807985585617E+01 a       460     0    19     1    10
  9.4374231950671987E+00 a       461     0    19     1    11
 -2.7259270460954006E+01 a       462     0    19     1    12
  1.2542624299124107E+01 a       463     0    19     1    13
  2.7184706390730713E+00 a       464     0    19     1    14
 -9.6339868938646465E+00 a       465     0    19     1    15
  8.1510005192644321E+00 a       466     0    19     1    16
 -1.2325972908734656E+01 a       467     0    19     1    17
 -1.5319318223337117E+00 a       468     0    19     1    18
  5.9024392947096338E+00 a       469     0    19     1    19
  7.2278098367027999E-01 a       470     0    19     1    20
  2.0646619241659607E+01 a       471     0    19     1    21
 -2.7241328435485528E+01 a       472     0    19     1    22
 -2.7613405033148939E+00 a       473     0    19     1    23
 -3.3994065837458827E+00 a       474     0    19     1    24
 -1.1992459020369426E+00 a       475     0    19     1    25
  9.3815171144027740E+00 a       476     0    20     1     1
 -2.0515005573918256E+01 a       477     0    20     1     2
 -7.5459694789964074E+00 a       478     0    20     1     3
 -1.1546716586405223E+01 a       479     0    20     1     4
 -8.1671132309765753E+00 a       480     0    20     1     5
 -2.4293196185182979E+00 a       481     0    20     1     6
 -4.0804693738967028E+00 a       482     0    20     1     7
 -1.3842174587157383E+00 a       483     0    20     1     8
 -6.8849060010702710E+00 a       484     0    20     1     9
  5.3466804414998288E+00 a       485     0    20     1    10
 -1.3854842006265145E+01 a       486     0    20     1    11
  6.1110206777697638E+00 a       487     0    20     1    12
 -9.3483075679535954E+00 a       488     0    20     1    13
  2.2037307021591581E+00 a       489     0    20     1    14
 -3.4579153039480151E+00 a       490     0    20     1    15
 -1.3320173189680382E+01 a       491     0    20     1    16
  6.1873871095017412E+00 a       492     0    20     1    17
  2.1209796571258241E+00 a       493     0    20     1    18
  2.2985139183944909E+00 a       494     0    20     1    19
 -4.9749169615920668E+00 a       495     0    20     1    20
 -5.4823692606305818E-01 a       496     0    20     1    21
  1.5412017454501754E+01 a       497     0    20     1    22
 -1.6829577208729002E-01 a       498     0    20     1    23
 -1.9038943774456121E+00 a       499     0    20     1    24
 -8.5396640881319890E+00 a       500     0    20     1    25
 -2.4356081283892870E+00 a       501     0    21     1     1
 -1.5810089439003343E+00 a       502     0    21     1     2
  2.4931336457020934E+00 a       503     0    21     1     3
 -3.0775699254837332E+00 a       504     0    21     1     4
 -3.2775258282184381E+00 a       505     0    21     1     5
 -1.4096089202652693E+00 a       506     0    21     1     6
  3.9994720870734541E+00 a       507     0    21     1     7
  4.2977879119415130E+00 a       508     0    21     1     8
 -3.0344971268999839E+00 a       509     0    21     1     9
  5.4085018712651225E+00 a       510     0    21     1    10
 -1.8784440629762191E+00 a       511     0    21     1    11
  1.8284665238077291E-01 a       512     0    21     1    12
 -1.8833916335916374E+00 a       513     0    21     1    13
 -1.3860545255527674E+00 a       514     0    21     1    14
  5.5772404130174307E+00 a       515     0    21     1    15
  7.3399872144119405E-01 a       516     0    21     1    16
  4.3860619308563908E+00 a       517     0    21     1    17
  1.8492296176749720E-01 a       518     0    21     1    18
  2.5264503018727957E+00 a       519     0    21     1    19
 -1.9004481678426025E-01 a       520     0    21     1    20
  5.1920355395150031E+00 a       521     0    21     1    21
 -4.3754814410643821E+00 a       522     0    21     1    22
 -1.4755743485817596E+00 a       523     0    21     1    23
  1.6745698791595628E-01 a       524     0    21     1    24
 -5.0394354857569450E+00 a       525     0    21     1    25
 -2.8532538871849011E+00 a       526     0    22     1     1
  6.9388423949908242E+00 a       527     0    22     1     2
 -1.1705799199954292E+01 a       528     0    22     1     3
 -9.2826841611807875E+00 a       529     0    22     1     4
 -2.3081080464235524E+00 a       530     0    22     1     5
  1.5548945269517260E+00 a       531     0    22     1     6
  1.7131612232820290E+00 a       532     0    22     1     7
 -4.9661030311550931E+00 a       533     0    22     1     8
  5.3433307878918255E+00 a       534     0    22     1     9
 -6.3206379130297197E-01 a       535     0    22     1    10
 -7.4213488051195791E+00 a       536     0    22     1    11
  2.2899256541257191E+00 a       537     0    22     1    12
 -4.7614027658199962E+00 a       538     0    22     1    13
 -8.7660592102881607E-01 a       539     0    22     1    14
  3.9923203494864397E+00 a       540     0    22     1    15
  8.3887463668582836E+00 a       541     0    22     1    16
  3.1361362511901869E+00 a       542     0    22     1    17
 -2.5029195163751417E+00 a       543     0    22     1    18
 -6.1916749877425730E+00 a       544     0    22     1    19
  6.6708055708569454E+00 a       545     0    22     1    20
 -1.2998612094928909E+01 a       546     0    22     1    21
  6.7368690225589329E+00 a       547     0    22     1    22
  9.0629452367855490E-01 a       548     0    22     1    23
  1.9268440908032800E+00 a       549     0    22     1    24
  6.8708180473292790E+00 a       550     0    22     1    25
  9.2148222686439389E+00 a       551     0    23     1     1
  1.5767649474713179E+01 a       552     0    23     1     2
 -6.4982098054130724E+00 a       553     0    23     1     3
  8.8390262676044407E-01 a       554     0    23     1     4
 -9.3327203832906847E+00 a       555     0    23     1     5
 -4.3754027521271706E+00 a       556     0    23     1     6
  5.4644133842117757E+00 a       557     0    23     1     7
 -6.6781756111710422E+00 a       558     0    23     1     8
 -7.1119852522586715E+00 a       559     0    23     1     9
  1.2183322358904878E+01 a       560     0    23     1    10
 -4.1580456618488010E-01 a       561     0    23     1    11
 -1.5905976864419532E+01 a       562     0    23     1    12
 -1.0807591161491358E+01 a       563     0    23     1    13
 -3.2327078214608956E-01 a       564     0    23     1    14
  7.0912700994235980E+00 a       565     0    23     1    15
  1.9097528262749556E+01 a       566     0    23     1    16
  1.3559515586038959E+01 a       567     0    23     1    17
  4.9923503214602567E+00 a       568     0    23     1    18
 -5.8177556219165139E+00 a       569     0    23     1    19
 -1.6739199240256770E+00 a       570     0    23     1    20
 -2.1274969432923747E+00 a       571     0    23     1    21
 -3.5764812815137831E-01 a       572     0    23     1    22
  2.1283764004893322E+00 a       573     0    23     1    23
 -5.3628357313961859E+00 a       574     0    23     1    24
  8.6654734453005489E+00 a       575     0    23     1    25
 -9.0937566695214080E+00 a       576     0    24     1     1
 -1.4927428864436484E+01 a       577     0    24     1     2
 -8.3350861880538929E+00 a       578     0    24     1     3
 -2.1142181402418068E+01 a       579     0    24     1     4
  1.0340223130780197E+01 a       580     0    24     1     5
 -4.9546481737199075E+00 a       581     0    24     1     6
 -2.5329973601474041E+01 a       582     0    24     1     7
 -5.5119806304833299E+00 a       583     0    24     1     8
  9.9786446497384809E+00 a       584     0    24     1     9
 -2.6882642623770661E+01 a       585     0    24     1    10
  1.9406888483248348E+01 a       586     0    24     1    11
 -1.0801216293595422E+01 a       587     0    24     1    12
  1.0863935462708040E+01 a       588     0    24     1    13
  1.5025080538006286E+01 a       589     0    24     1    14
  1.5121429044729362E+01 a       590     0    24     1    15
 -2.5293092289304959E+00 a       591     0    24     1    16
 -3.5425057128338658E+01 a       592     0    24     1    17
 -5.7107233224101117E+00 a       593     0    24     1    18
 -9.5985733345078987E+00 a       594     0    24     1    19
  1.6803497840146864E+01 a       595     0    24     1    20
  1.1509802213157261E+01 a       596     0    24     1    21
 -3.4551912212096170E+00 a       597     0    24     1    22
  2.7175868035360300E+00 a       598     0    24     1    23
  5.5109338006611814E+00 a       599     0    24     1    24
  8.9458319771098456E+00 a       600     0    24     1    25
  1.0855921777939944E+01 a       601     0    25     1     1
 -1.1210662743826774E+01 a       602     0    25     1     2
 -1.5622103787198702E+00 a       603     0    25     1     3
  1.3734150989352626E+01 a       604     0    25     1     4
 -5.1975582829815075E+00 a       605     0    25     1     5
  5.5092723145854938E+00 a       606     0    25     1     6
  1.6975819665864703E-01 a       607     0    25     1     7
  9.5727257739466367E+00 a       608     0    25     1     8
 -3.1174406843969700E+00 a       609     0    25     1     9
  9.4117702297082459E+00 a       610     0    25     1    10
 -2.2545435774666885E+01 a       611     0    25     1    11
  6.8976328642512819E+00 a       612     0    25     1    12
  4.2742228759248260E+00 a       613     0    25     1    13
  2.0961679620952292E+00 a       614     0    25     1    14
 -1.4272802214532724E+01 a       615     0    25     1    15
 -1.0432413477014491E+01 a       616     0    25     1    16
  1.0786010098645246E+01 a       617     0    25     1    17
 -1.4069484829033914E+00 a       618     0    25     1    18
  1.5460010689093329E+01 a       619     0    25     1    19
 -1.0453223344161094E+01 a       620     0    25     1    20
 -8.8676876108072022E+00 a       621     0    25     1    21
  5.3045163490181819E+00 a       622     0    25     1    22
 -9.3026870708882896E+00 a       623     0    25     1    23
 -2.0050132557355248E+01 a       624     0    25     1    24
 -1.1356647249799469E+01 a       625     0    25     1    25
  8.7206663834067246E+00 a       626     0    26     1     1
 -1.5074659027961419E+00 a       627     0    26     1     2
  7.4884107892432583E+00 a       628     0    26     1     3
 -4.1579114807728945E-01 a       629     0    26     1     4
  2.9028193917377920E+00 a       630     0    26     1     5
  3.0490637103819953E+00 a       631     0    26     1     6
 -5.1060509861796195E+00 a       632     0    26     1     7
  5.7527644352446181E+00 a       633     0    26     1     8
 -1.2546870466740433E+01 a       634     0    26     1     9
  6.2043506488861755E-01 a       635     0    26     1    10
 -4.7632388876560601E+00 a       636     0    26     1    11
 -2.8358340263098625E+00 a       637     0    26     1    12
  3.3704898786462483E+00 a       638     0    26     1    13
  6.1363631845202500E+00 a       639     0    26     1    14
  4.4327898399459515E+00 a       640     0    26     1    15
 -1.2539804839936705E+01 a       641     0    26     1    16
 -3.4476905595482319E+00 a       642     0    26     1    17
  6.0372206339509162E+00 a       643     0    26     1    18
  1.3356460010749451E+01 a       644     0    26     1    19
 -1.1004660688190834E+01 a       645     0    26     1    20
  6.4558166037382865E+00 a       646     0    26     1    21
 -4.7661583734313275E+00 a       647     0    26     1    22
 -9.8667460031626479E+00 a       648     0    26     1    23
  7.2906279967811749E-01 a       649     0    26     1    24
 -1.1153029057587384E+01 a       650     0    26     1    25
  9.9816958170063295E+00 a       651     0    27     1     1
 -1.2829952818377802E+01 a       652     0    27     1     2
 -1.0412959158939737E+01 a       653     0    27     1     3
 -1.2931998743938813E+01 a       654     0    27     1     4
 -1.9331044953518802E+01 a       655     0    27     1     5
 -1.0809679739264404E+01 a       656     0    27     1     6
 -1.0421533632541347E+01 a       657     0    27     1     7
 -9.8318188565870415E+00 a       658     0    27     1     8
  4.2209808774453323E+00 a       659     0    27     1     9
  1.2731997265938212E+01 a       660     0    27     1    10
  1.1484835775239230E+01 a       661     0    27     1    11
  1.6377235803984483E+01 a       662     0    27     1    12
 -4.3643905789242714E+00 a       663     0    27     1    13
 -3.7802829128782840E+01 a       664     0    27     1    14
  1.0365115252576814E+01 a       665     0    27     1    15
 -1.1719381409886704E+01 a       666     0    27     1    16
  2.3879976907759666E+00 a       667     0    27     1    17
  4.1221259472088736E+00 a       668     0    27     1    18
 -1.4760607408838299E+01 a       669     0    27     1    19
  8.4319171401773352E-01 a       670     0    27     1    20
  3.8385093419353300E+00 a       671     0    27     1    21
  6.3548530382319246E+00 a       672     0    27     1    22
  3.1263842629697290E+01 a       673     0    27     1    23
  1.6437344263251730E+00 a       674     0    27     1    24
  5.1515918134072356E+00 a       675     0    27     1    25
 -1.1236432164532566E+01 a       676     0    28     1     1
  3.0126638995707168E+01 a       677     0    28     1     2
  6.9302550963659781E+00 a       678     0    28     1     3
  1.1646935737853539E+01 a       679     0    28     1     4
  9.7537834062062529E+00 a       680     0    28     1     5
 -2.5942221137799168E+00 a       681     0    28     1     6
  7.4057012704609866E+00 a       682     0    28     1     7
  1.8010830673042855E-01 a       683     0    28     1     8
  2.2585037690273486E+00 a       684     0    28     1     9
 -5.9255969215288582E+00 a       685     0    28     1    10
  2.8627785087940705E+01 a       686     0    28     1    11
  1.1455877983148854E+01 a       687     0    28     1    12
  2.5235792731632323E+00 a       688     0    28     1    13
  2.0379582264666287E+00 a       689     0    28     1    14
  7.5986290370541134E+00 a       690     0    28     1    15
  1.6088112131080326E+01 a       691     0    28     1    16
  3.2955334771170821E+00 a       692     0    28     1    17
 -3.7797252098819065E+00 a       693     0    28     1    18
 -8.4508557223170886E+00 a       694     0    28     1    19
  7.7039984870929885E+00 a       695     0    28     1    20
 -1.3670197552117838E+01 a       696     0    28     1    21
 -3.4329153098885321E+00 a       697     0    28     1    22
 -9.0406699002832980E+00 a       698     0    28     1    23
  1.5193991978975204E+01 a       699     0    28     1    24
  9.5828845154980016E+00 a       700     0    28     1    25
 -5.7038207868763875E+00 a       701     0    29     1     1
 -3.0516658230691878E+00 a       702     0    29     1     2
  3.4029907313816450E+00 a       703     0    29     1     3
  1.8596227067634525E+00 a       704     0    29     1     4
  4.2078349987148261E-01 a       705     0    29     1     5
  3.3170481188220607E-01 a       706     0    29     1     6
  2.4604823226670929E+00 a       707     0    29     1     7
  2.1287225793297186E+00 a       708     0    29     1     8
 -6.9284229471308789E-01 a       709     0    29     1     9
 -4.7189437846657240E-01 a       710     0    29     1    10
 -7.9434691267591448E+00 a       711     0    29     1    11
  1.3636755065948979E+01 a       712     0    29     1    12
  5.8954180553164426E-01 a       713     0    29     1    13
  1.6285117972311935E+00 a       714     0    29     1    14
 -9.6101850838282932E+00 a       715     0    29     1    15
 -1.1371178407599830E+01 a       716     0    29     1    16
  2.4486109319012481E+00 a       717     0    29     1    17
 -3.0907810314005257E-01 a       718     0    29     1    18
  7.4119681467703185E+00 a       719     0    29     1    19
  2.8143525893537658E+00 a       720     0    29     1    20
 -5.0399459661045256E+00 a       721     0    29     1    21
  3.3970870659863865E+00 a       722     0    29     1    22
 -3.2075738591572831E+00 a       723     0    29     1    23
 -1.0651963540384408E+00 a       724     0    29     1    24
 -5.3644462876693666E+00 a       725     0    29     1    25
 -5.4997509309511647E+00 a       726     0    30     1     1
  5.8132271435920890E-01 a       727     0    30     1     2
  6.2217325419317184E+00 a       728     0    30     1     3
  1.1384667117691230E+00 a       729     0    30     1     4
  3.7726956817130264E-01 a       730     0    30     1     5
 -1.9074172936233733E-01 a       731     0    30     1     6
  3.7907716318615998E+00 a       732     0    30     1     7
 -3.0528324266249324E-01 a       733     0    30     1     8
  2.9120082218858161E+00 a       734     0    30     1     9
  3.3729102191995199E+00 a       735     0    30     1    10
 -1.7487948051819122E-01 a       736     0    30     1    11
  1.1214044515663750E+00 a       737     0    30     1    12
 -3.8152809536961416E+00 a       738     0    30     1    13
 -3.6480557722211553E+00 a       739     0    30     1    14
 -3.7384561198519273E+00 a       740     0    30     1    15
  9.8495077984834509E+00 a       741     0    30     1    16
  1.2317289639421387E+00 a       742     0    30     1    17
  5.1796873032976876E-01 a       743     0    30     1    18
 -6.1859684488092670E+00 a       744     0    30     1    19
  2.7003402777766139E-01 a       745     0    30     1    20
  1.2915442949538780E+00 a       746     0    30     1    21
  8.7143519432140015E-01 a       747     0    30     1    22
  1.3885933807083013E+00 a       748     0    30     1    23
 -1.6315889868909431E-01 a       749     0    30     1    24
 -1.3272668772477403E-02 a       750     0    30     1    25
  3.9805180313560645E-01 b       751     1     1
  1.2664836017392912E-02 b       752     1     2
 -1.4239107438693163E-01 b       753     1     3
  1.8213131727117243E-01 b       754     1     4
 -1.6379847374939782E+00 b       755     1     5
 -2.3337784261627190E-01 b       756     1     6
 -4.9345699338078547E-01 b       757     1     7
 -5.9016461344775506E-01 b       758     1     8
  8.2612645514332117E-01 b       759     1     9
 -1.8072153566538653E+00 b       760     1    10
  9.6161810272391046E-01 b       761     1    11
 -6.2122328590475895E-01 b       762     1    12
  3.4797903779828515E-01 b       763     1    13
 -1.0789072745576609E+00 b       764     1    14
  8.5131165723175417E-01 b       765     1    15
 -4.6580968261182554E-01 b       766     1    16
 -1.5747913803856382E+00 b       767     1    17
  4.1009809222138754E-01 b       768     1    18
  1.5361473286423224E+00 b       769     1    19
  6.7979605313033165E-01 b       770     1    20
  1.1953457993396299E+00 b       771     1    21
 -4.0817590810275212E-01 b       772     1    22
 -7.2245310232087634E-01 b       773     1    23
 -9.3487229581574627E-01 b       774     1    24
  7.7543147262863688E-01 b       775     1    25
 -7.8414374012105481E-01 a       776     1     1     2     1
 -1.5020955581482237E-01 a       777     1     1     2     2
 -1.0037287347909578E+00 a       778     1     1     2     3
  1.1831517227217352E+00 a       779     1     1     2     4
  4.5934051461334213E-01 a       780     1     1     2     5
 -1.7773443771270783E+00 a       781     1     1     2     6
  2.5440252269834457E-01 a       782     1     1     2     7
 -9.9814036319691990E-02 a       783     1     1     2     8
  7.7248886470696732E-01 a       784     1     1     2     9
  2.9828802057470960E+00 a       785     1     1     2    10
 -1.2071601703394992E+00 a       786     1     1     2    11
  9.8677525528218224E-01 a       787     1     1     2    12
 -6.7329921197198872E-01 a       788     1     1     2    13
  1.6408618789131024E+00 a       789     1     1     2    14
  3.7118233767666597E-01 a       790     1     1     2    15
  6.7025374158549267E-01 a       791     1     1     2    16
 -8.9647856419454508E-01 a       792     1     1     2    17
 -1.0311353414416315E+00 a       793     1     1     2    18
  3.6948216225807606E-01 a       794     1     1     2    19
  4.8688716310150121E-01 a       795     1     1     2    20
 -5.6586101313009574E-01 a       796     1     1     2    21
 -8.4644946962173159E-02 a       797     1     1     2    22
 -8.2332252624505942E-01 a       798     1     1     2    23
 -7.7280894174001835E-01 a       799     1     1     2    24
 -4.1360768886308830E-01 a       800     1     1     2    25
  8.8803237589426076E-01 a       801     1     2     2     1
  8.6205131176471195E-01 a       802     1     2     2     2
  5.2590665714849238E-01 a       803     1     2     2     3
  7.7318515133756716E-01 a       804     1     2     2     4
 -9.0367591085510540E-02 a       805     1     2     2     5
 -1.4115011330556813E+00 a       806     1     2     2     6
 -1.4771822460121078E+00 a       807     1     2     2     7
 -2.3812609597561715E-01 a       808     1     2     2     8
  2.0990360907562891E-01 a       809     1     2     2     9
  4.3199416854853832E+00 a       810     1     2     2    10
 -1.9597650784648291E-01 a       811     1     2     2    11
  6.9088947445514706E-02 a       812     1     2     2    12
 -1.2044281434428855E-01 a       813     1     2     2    13
  2.2671471676068289E+00 a       814     1     2     2    14
  1.8580318001569096E-01 a       815     1     2     2    15
  1.1906964929613195E+00 a       816     1     2     2    16
 -1.3910093408590000E-03 a       817     1     2     2    17
 -6.6824848897422906E-02 a       818     1     2     2    18
 -9.1950587959615537E-01 a       819     1     2     2    19
 -3.4903226684542649E-01 a       820     1     2     2    20
  1.4519264288803977E+00 a       821     1     2     2    21
 -2.0917957252173243E+00 a       822     1     2     2    22
  1.1755080954905389E-01 a       823     1     2     2    23
 -2.8641848629188348E-02 a       824     1     2     2    24
 -1.2737256130940587E-02 a       825     1     2     2    25
 -3.7158506962379784E-01 a       826     1     3     2     1
  6.5839046247732055E-02 a       827     1     3     2     2
 -3.7567780433059694E-01 a       828     1     3     2     3
  3.2510559498639807E-01 a       829     1     3     2     4
  1.6246956318854264E-01 a       830     1     3     2     5
  2.6355204840345015E-01 a       831     1     3     2     6
  1.0588555436283522E+00 a       832     1     3     2     7
  1.3332778183486469E+00 a       833     1     3     2     8
  6.4170611771065944E-01 a       834     1     3     2     9
 -7.8376757445320866E-01 a       835     1     3     2    10
  6.9720963925344348E-01 a       836     1     3     2    11
 -3.8870023294033655E-02 a       837     1     3     2    12
 -7.2474643305407649E-01 a       838     1     3     2    13
 -1.3142449324501262E+00 a       839     1     3     2    14
  5.8573933018508395E-01 a       840     1     3     2    15
  3.9815347729018058E-01 a       841     1     3     2    16
 -8.6690003195606169E-01 a       842     1     3     2    17
  7.0015826058602282E-01 a       843     1     3     2    18
 -4.7995426700580941E-02 a       844     1     3     2    19
 -7.4970738244405616E-02 a       845     1     3     2    20
 -6.1170186888112676E-01 a       846     1     3     2    21
  2.7996109197150704E-01 a       847     1     3     2    22
 -5.9535442683760120E-01 a       848     1     3     2    23
  5.2911387889721551E-01 a       849     1     3     2    24
  2.6584362051657168E-01 a       850     1     3     2    25
  1.0664645662637014E-01 a       851     1     4     2     1
  1.2010671289746178E+00 a       852     1     4     2     2
  7.0962279131235129E-01 a       853     1     4     2     3
 -4.1939731460836210E-01 a       854     1     4     2     4
  2.2918661657756551E-01 a       855     1     4     2     5
 -1.1033989635948289E+00 a       856     1     4     2     6
  7.4504385292418529E-01 a       857     1     4     2     7
 -6.7671931091405257E-01 a       858     1     4     2     8
 -9.7551723164018189E-01 a       859     1     4     2     9
  1.0518393447361976E+00 a       860     1     4     2    10
 -1.6775832391802892E+00 a       861     1     4     2    11
 -1.2682144078346433E+00 a       862     1     4     2    12
  4.7271221113206568E-01 a       863     1     4     2    13
 -1.8403940669888121E+00 a       864     1     4     2    14
  4.7468604698669897E-01 a       865     1     4     2    15
 -1.0870785174574447E+00 a       866     1     4     2    16
 -3.5686922434544138E-01 a       867     1     4     2    17
 -5.3586924007248771E-01 a       868     1     4     2    18
 -2.1823180677741383E+00 a       869     1     4     2    19
 -2.6712343471043393E-01 a       870     1     4     2    20
  4.9605159336043864E-01 a       871     1     4     2    21
  8.6634642663545125E-01 a       872     1     4     2    22
  7.3862291055443074E-01 a       873     1     4     2    23
  1.6420551391597289E+00 a       874     1     4     2    24
  9.1869293107228955E-01 a       875     1     4     2    25
  5.0950812712946880E-01 a       876     1     5     2     1
  3.4082296962130805E+00 a       877     1     5     2     2
 -1.1694869964264030E+00 a       878     1     5     2     3
  1.0664586176455648E+00 a       879     1     5     2     4
  2.1005828239783195E+00 a       880     1     5     2     5
 -1.5118818088919719E+00 a       881     1     5     2     6
  4.7928876197608066E+00 a       882     1     5     2     7
  2.2068458210506661E+00 a       883     1     5     2     8
  1.5272063027486724E+00 a       884     1     5     2     9
 -1.3945515977842931E+00 a       885     1     5     2    10
 -1.0189070454151048E+00 a       886     1     5     2    11
  4.3669921763607339E-01 a       887     1     5     2    12
 -7.8905329822273829E-01 a       888     1     5     2    13
 -9.3801975071311428E-01 a       889     1     5     2    14
  1.7660534812196271E+00 a       890     1     5     2    15
 -3.2178267983836690E+00 a       891     1     5     2    16
 -3.5972813335276507E-02 a       892     1     5     2    17
  2.6573952428723819E+00 a       893     1     5     2    18
 -1.6583281024200465E+00 a       894     1     5     2    19
  1.1585134071052088E+00 a       895     1     5     2    20
 -2.5462456461674536E+00 a       896     1     5     2    21
 -7.4093007657401688E-01 a       897     1     5     2    22
  1.5164234336871993E-01 a       898     1     5     2    23
  1.5524269129499142E+00 a       899     1     5     2    24
  1.3398477664293311E+00 a       900     1     5     2    25
  7.6168042686365989E-01 a       901     1     6     2     1
 -1.2988513857698186E-01 a       902     1     6     2     2
  7.8479328725806397E-01 a       903     1     6     2     3
 -5.1919548956177775E-01 a       904     1     6     2     4
  2.4469895312400376E+00 a       905     1     6     2     5
 -1.6336281504743566E+00 a       906     1     6     2     6
 -2.5967027739677517E+00 a       907     1     6     2     7
 -5.4702679119076714E-01 a       908     1     6     2     8
 -1.5038984133393135E-01 a       909     1     6     2     9
  1.0638166321487375E+00 a       910     1     6     2    10
  1.4544304055291206E+00 a       911     1     6     2    11
 -5.3059054355946621E-02 a       912     1     6     2    12
  6.4626023072713545E-01 a       913     1     6     2    13
  5.0800708537077344E-01 a       914     1     6     2    14
  5.3956668010332376E-01 a       915     1     6     2    15
 -4.6284449753437384E-01 a       916     1     6     2    16
  2.0670696787467885E-01 a       917     1     6     2    17
 -6.7901301770231071E-01 a       918     1     6     2    18
  1.0535192918932619E+00 a       919     1     6     2    19
 -9.1974514339419444E-02 a       920     1     6     2    20
 -8.9757711388974024E-02 a       921     1     6     2    21
  6.5000341268365280E-01 a       922     1     6     2    22
  6.3955555465354985E-01 a       923     1     6     2    23
  5.1075162002973418E-01 a       924     1     6     2    24
 -1.2123516253855857E-01 a       925     1     6     2    25
  7.5662924623317340E-01 a       926     1     7     2     1
 -4.9811351741546950E-01 a       927     1     7     2     2
  1.6280676682121471E+00 a       928     1     7     2     3
  3.8020861208963241E-01 a       929     1     7     2     4
 -1.3105238615664980E-01 a       930     1     7     2     5
  2.3126820692968848E+00 a       931     1     7     2     6
  1.5553286750400044E+00 a       932     1     7     2     7
 -1.6569334719688327E+00 a       933     1     7     2     8
  2.8028943608148821E-01 a       934     1     7     2     9
  3.7053479039055430E+00 a       935     1     7     2    10
 -1.1791109672249778E-01 a       936     1     7     2    11
 -1.8512418479583543E+00 a       937     1     7     2    12
 -3.4380411512626857E-01 a       938     1     7     2    13
  1.1399373025913244E+00 a       939     1     7     2    14
  1.6446969247593493E-01 a       940     1     7     2    15
  3.4266017655344305E-01 a       941     1     7     2    16
  1.6096010156906257E+00 a       942     1     7     2    17
 -1.5977027055526798E+00 a       943     1     7     2    18
  8.5052759395843636E-01 a       944     1     7     2    19
 -2.7496057916550720E-01 a       945     1     7     2    20
 -1.0935766933693862E+00 a       946     1     7     2    21
  7.6688268954725414E-01 a       947     1     7     2    22
 -2.1786338310890518E-01 a       948     1     7     2    23
  3.2742311104666683E-01 a       949     1     7     2    24
 -2.0020504331774586E-01 a       950     1     7     2    25
 -1.6859002681844624E-02 a       951     1     8     2     1
  5.1521418152488709E-02 a       952     1     8     2     2
  7.4071026508913707E-01 a       953     1     8     2     3
  9.6568032284951366E-01 a       954     1     8     2     4
 -1.2131451108274807E+00 a       955     1     8     2     5
  1.7403060404584507E+00 a       956     1     8     2     6
  8.1264500265729997E-02 a       957     1     8     2     7
 -9.9508073559329857E-01 a       958     1     8     2     8
 -4.6446846364993305E-01 a       959     1     8     2     9
  2.8110935533988340E-01 a       960     1     8     2    10
  4.7310922469037148E-01 a       961     1     8     2    11
 -1.3844412100222006E+00 a       962     1     8     2    12
 -8.5158441453446254E-01 a       963     1     8     2    13
 -1.6192636951149464E+00 a       964     1     8     2    14
  6.5386378794629985E-01 a       965     1     8     2    15
  5.3273360776215006E-01 a       966     1     8     2    16
  1.3318660946313259E+00 a       967     1     8     2    17
  1.0543796184605345E-01 a       968     1     8     2    18
  1.8940922438165653E+00 a       969     1     8     2    19
  1.0499920757630801E+00 a       970     1     8     2    20
 -5.0121214570070538E-01 a       971     1     8     2    21
 -9.5398367551282481E-01 a       972     1     8     2    22
  8.3850183351434682E-02 a       973     1     8     2    23
  9.9761602503101088E-01 a       974     1     8     2    24
 -1.2508274026516033E+00 a       975     1     8     2    25
  1.1342239693345487E-02 a       976     1     9     2     1
  6.6042648111168578E-01 a       977     1     9     2     2
 -6.6698204409141570E-01 a       978     1     9     2     3
 -3.1923155706788142E-01 a       979     1     9     2     4
 -9.1488435494605086E-02 a       980     1     9     2     5
 -5.0841050770097311E+00 a       981     1     9     2     6
  1.2716298752130468E+00 a       982     1     9     2     7
 -2.3636704542669440E+00 a       983     1     9     2     8
  3.7847825032792071E-01 a       984     1     9     2     9
 -3.0073122140891626E+00 a       985     1     9     2    10
  1.5628565929142830E+00 a       986     1     9     2    11
 -3.4193914299832368E-01 a       987     1     9     2    12
  1.3870188525599751E+00 a       988     1     9     2    13
 -9.6229748240814417E-01 a       989     1     9     2    14
 -4.7630456181670816E-01 a       990     1     9     2    15
  4.2151167144617624E-01 a       991     1     9     2    16
 -3.8531279875047442E-01 a       992     1     9     2    17
  6.0292137541506557E-02 a       993     1     9     2    18
 -3.9398679693490167E-02 a       994     1     9     2    19
  4.0051768440411201E-01 a       995     1     9     2    20
  2.6344079923438941E+00 a       996     1     9     2    21
  7.6135659792061661E-01 a       997     1     9     2    22
  9.1911706671186266E-01 a       998     1     9     2    23
 -9.9307266384338910E-01 a       999     1     9     2    24
 -1.9453472919182688E+00 a      1000     1     9     2    25
  1.8504192886658544E+00 a      1001     1    10     2     1
 -1.1492721266517558E+00 a      1002     1    10     2     2
 -3.8327399357858127E-01 a      1003     1    10     2     3
 -3.9352868195931530E+00 a      1004     1    10     2     4
 -5.0884304693460269E-01 a      1005     1    10     2     5
 -1.8207677803281894E+00 a      1006     1    10     2     6
 -2.9926591546708057E+00 a      1007     1    10     2     7
  2.1550585293365390E+00 a      1008     1    10     2     8
 -2.5029681924827080E-01 a      1009     1    10     2     9
  7.0014044135314002E+00 a      1010     1    10     2    10
 -3.1225493791286283E+00 a      1011     1    10     2    11
  1.3897287807672114E+00 a      1012     1    10     2    12
  3.2592531103884020E-01 a      1013     1    10     2    13
 -5.2792721584169833E-01 a      1014     1    10     2    14
  6.5056136754228822E-01 a      1015     1    10     2    15
 -1.1603139371365421E+00 a      1016     1    10     2    16
  2.4327490278243248E-02 a      1017     1    10     2    17
  1.3627763704438178E+00 a      1018     1    10     2    18
  3.0703665923210149E-01 a      1019     1    10     2    19
 -1.4006372607797288E+00 a      1020     1    10     2    20
 -1.0769484212736680E+00 a      1021     1    10     2    21
 -1.3561517047998122E+00 a      1022     1    10     2    22
 -7.1074257292965612E-02 a      1023     1    10     2    23
  7.2725635564237590E-01 a      1024     1    10     2    24
  8.5520055148387908E-01 a      1025     1    10     2    25
  1.4011215620951736E+00 a      1026     1    11     2     1
  3.1337514662498361E-01 a      1027     1    11     2     2
  1.2265851338868123E+00 a      1028     1    11     2     3
 -7.7338741025929436E-01 a      1029     1    11     2     4
  6.5785258647106315E-01 a      1030     1    11     2     5
  1.2249589616669414E+00 a      1031     1    11     2     6
  1.6081480331376756E+00 a      1032     1    11     2     7
 -1.2581272351342796E+00 a      1033     1    11     2     8
  2.2417515603543278E-01 a      1034     1    11     2     9
 -7.8991308225776558E-01 a      1035     1    11     2    10
  1.3669017022499805E+00 a      1036     1    11     2    11
 -4.2594512809967650E-01 a      1037     1    11     2    12
  4.2237584961344843E-01 a      1038     1    11     2    13
  3.2055026519084195E-01 a      1039     1    11     2    14
  5.9374497812608973E-01 a      1040     1    11     2    15
 -4.4988504653316219E-01 a      1041     1    11     2    16
  2.1006842291083814E+00 a      1042     1    11     2    17
  3.7156647389031361E-01 a      1043     1    11     2    18
  2.1563030708379713E+00 a      1044     1    11     2    19
  7.8534141267970814E-01 a      1045     1    11     2    20
 -3.4354908187062361E-01 a      1046     1    11     2    21
 -8.6961281067696905E-01 a      1047     1    11     2    22
  5.7852087825375598E-01 a      1048     1    11     2    23
  6.7738842868396998E-01 a      1049     1    11     2    24
 -1.8145908519697131E+00 a      1050     1    11     2    25
  1.0607512782252855E-01 a      1051     1    12     2     1
 -1.5172465274012445E-01 a      1052     1    12     2     2
 -3.2715543648806988E-01 a      1053     1    12     2     3
  1.1832832347380575E+00 a      1054     1    12     2     4
 -9.0736713624067045E-01 a      1055     1    12     2     5
  5.0316388238565013E-01 a      1056     1    12     2     6
 -7.5861432206193267E-03 a      1057     1    12     2     7
  2.8435061258770045E-01 a      1058     1    12     2     8
  7.3069233089525132E-01 a      1059     1    12     2     9
  1.2355508352731462E-01 a      1060     1    12     2    10
 -8.5046632741820061E-01 a      1061     1    12     2    11
  1.0837134495196867E+00 a      1062     1    12     2    12
  7.8522709638141563E-01 a      1063     1    12     2    13
  1.7069555473654543E+00 a      1064     1    12     2    14
 -1.9325470799399075E-01 a      1065     1    12     2    15
  1.2530207400546853E+00 a      1066     1    12     2    16
 -4.5151578726529312E-01 a      1067     1    12     2    17
 -6.2590089581168207E-01 a      1068     1    12     2    18
 -9.9741046423349433E-01 a      1069     1    12     2    19
 -2.2742557754830725E-01 a      1070     1    12     2    20
  8.7336576425726165E-01 a      1071     1    12     2    21
 -6.4313322566434206E-01 a      1072     1    12     2    22
  3.6465401353726667E-01 a      1073     1    12     2    23
 -1.3704289447478919E+00 a      1074     1    12     2    24
 -1.0882436759439094E+00 a      1075     1    12     2    25
  7.3076043455083961E-01 a      1076     1    13     2     1
  8.9877584619103856E-01 a      1077     1    13     2     2
  3.3061789609078046E-01 a      1078     1    13     2     3
 -1.5193217969641635E+00 a      1079     1    13     2     4
 -4.7543065121630451E-02 a      1080     1    13     2     5
 -1.7031668450062125E+00 a      1081     1    13     2     6
  9.2150447738830366E-01 a      1082     1    13     2     7
 -1.1701464743936238E+00 a      1083     1    13     2     8
 -1.6155145760723327E-01 a      1084     1    13     2     9
  5.3177236996423556E+00 a      1085     1    13     2    10
 -5.6348851272991052E-01 a      1086     1    13     2    11
 -1.4160971847325857E-01 a      1087     1    13     2    12
 -3.8450733686525809E-02 a      1088     1    13     2    13
  6.8112971002392386E-02 a      1089     1    13     2    14
 -1.5445050480929276E-01 a      1090     1    13     2    15
  1.4136886508529301E-01 a      1091     1    13     2    16
 -9.9648873672030325E-01 a      1092     1    13     2    17
 -1.0096876455186194E+00 a      1093     1    13     2    18
 -2.0306445887944227E-01 a      1094     1    13     2    19
 -5.5285033190262611E-01 a      1095     1    13     2    20
 -1.2546545596198646E+00 a      1096     1    13     2    21
 -1.8543449269542542E+00 a      1097     1    13     2    22
  6.6778828939836732E-01 a      1098     1    13     2    23
  4.9042181461324386E-01 a      1099     1    13     2    24
  2.7183164363371387E-01 a      1100     1    13     2    25
  4.1875471277951104E-01 a      1101     1    14     2     1
  1.4396652847644231E+00 a      1102     1    14     2     2
 -9.7520065435139092E-01 a      1103     1    14     2     3
 -1.0585074321289989E-01 a      1104     1    14     2     4
  1.7194709374603410E+00 a      1105     1    14     2     5
 -3.4193089357278283E-01 a      1106     1    14     2     6
 -7.1662762555224080E-02 a      1107     1    14     2     7
  1.4548134897954793E-01 a      1108     1    14     2     8
 -2.7566643052883957E+00 a      1109     1    14     2     9
  3.8356098635104163E+00 a      1110     1    14     2    10
  4.5135747592108522E-01 a      1111     1    14     2    11
 -4.1382284495563737E-01 a      1112     1    14     2    12
  2.2165096632347225E+00 a      1113     1    14     2    13
  4.5137313840078432E+00 a      1114     1    14     2    14
 -7.9067021060955223E-01 a      1115     1    14     2    15
 -1.1409156072059496E+00 a      1116     1    14     2    16
  4.1139928062435771E-01 a      1117     1    14     2    17
 -1.8469375212551078E+00 a      1118     1    14     2    18
 -7.4039150366492790E-01 a      1119     1    14     2    19
 -4.0720723835090372E-02 a      1120     1    14     2    20
  2.2868726172613543E+00 a      1121     1    14     2    21
 -9.2376103850717062E-01 a      1122     1    14     2    22
  8.8281540326210894E-01 a      1123     1    14     2    23
 -1.6752540695291396E+00 a      1124     1    14     2    24
  6.1895310027809469E-01 a      1125     1    14     2    25
 -1.4954458611369498E-01 a      1126     1    15     2     1
  1.0513925907410699E+00 a      1127     1    15     2     2
 -8.3878585253320548E-01 a      1128     1    15     2     3
 -1.5511624778169266E+00 a      1129     1    15     2     4
  1.4935968114622176E+00 a      1130     1    15     2     5
  6.2308109601933570E-01 a      1131     1    15     2     6
 -8.5191681383633142E+00 a      1132     1    15     2     7
  2.4020448190632613E+00 a      1133     1    15     2     8
  3.6142051126759484E-01 a      1134     1    15     2     9
  4.8465906508836021E+00 a      1135     1    15     2    10
 -9.8995295090417768E-01 a      1136     1    15     2    11
 -9.7611683606678501E-01 a      1137     1    15     2    12
 -4.0903176837562488E-01 a      1138     1    15     2    13
 -9.4196359087472048E-01 a      1139     1    15     2    14
  6.9246198804005166E-01 a      1140     1    15     2    15
 -7.0708193626678273E-01 a      1141     1    15     2    16
 -1.6061039092894931E+00 a      1142     1    15     2    17
  1.1787166489952590E+00 a      1143     1    15     2    18
  2.7852306818594319E-01 a      1144     1    15     2    19
  1.0793500814961399E+00 a      1145     1    15     2    20
  6.2620106947159040E-02 a      1146     1    15     2    21
  2.0801799155718670E+00 a      1147     1    15     2    22
 -4.8304166261444859E-01 a      1148     1    15     2    23
  9.2893891262082606E-01 a      1149     1    15     2    24
 -1.3816858083888757E+00 a      1150     1    15     2    25
  1.2150299361854284E+00 a      1151     1    16     2     1
 -3.5493008839627566E-01 a      1152     1    16     2     2
 -7.1840786621300734E-01 a      1153     1    16     2     3
 -5.2152393323657475E-01 a      1154     1    16     2     4
  2.2044029049835978E+00 a      1155     1    16     2     5
 -2.0867144578396690E+00 a      1156     1    16     2     6
 -2.0943419749042120E+00 a      1157     1    16     2     7
 -8.1277527234928770E-01 a      1158     1    16     2     8
  6.6018306707854391E-01 a      1159     1    16     2     9
 -1.7207352151845967E+00 a      1160     1    16     2    10
 -1.5736384092906013E+00 a      1161     1    16     2    11
  6.7265014671713697E-01 a      1162     1    16     2    12
 -2.2175119077148897E-01 a      1163     1    16     2    13
  7.9295638152723702E-01 a      1164     1    16     2    14
  6.1256335706964027E-01 a      1165     1    16     2    15
  1.1607282228881801E+00 a      1166     1    16     2    16
 -3.0897618661544773E-01 a      1167     1    16     2    17
 -6.2359762463824930E-01 a      1168     1    16     2    18
  7.1420023871185490E-01 a      1169     1    16     2    19
 -2.5548402895536909E-01 a      1170     1    16     2    20
 -2.6671059712201846E+00 a      1171     1    16     2    21
 -8.0814897111707740E-01 a      1172     1    16     2    22
 -1.5148390107453613E-01 a      1173     1    16     2    23
  6.4651933425843455E-01 a      1174     1    16     2    24
  2.0606625883312124E+00 a      1175     1    16     2    25
  4.8458374257629577E-01 a      1176     1    17     2     1
 -4.7062664618306567E+00 a      1177     1    17     2     2
  1.5492283334029098E+00 a      1178     1    17     2     3
 -3.0881640388497833E+00 a      1179     1    17     2     4
 -3.0777932057159498E+00 a      1180     1    17     2     5
  4.7721361890348755E+00 a      1181     1    17     2     6
 -8.9783052491808331E+00 a      1182     1    17     2     7
 -1.8375154088625594E+00 a      1183     1    17     2     8
 -6.2607629682960120E-01 a      1184     1    17     2     9
 -4.3140677322516163E+00 a      1185     1    17     2    10
  3.5121713994108035E+00 a      1186     1    17     2    11
 -1.2990207800802833E+00 a      1187     1    17     2    12
 -2.3075723931895140E-01 a      1188     1    17     2    13
  1.7144798645327459E+00 a      1189     1    17     2    14
  2.9367303386842947E-01 a      1190     1    17     2    15
  2.9615651241259191E+00 a      1191     1    17     2    16
  2.3549956912252341E+00 a      1192     1    17     2    17
 -1.9527150713047908E-01 a      1193     1    17     2    18
  4.0978270124466398E+00 a      1194     1    17     2    19
 -1.8973402920373870E+00 a      1195     1    17     2    20
  2.9998604624576064E+00 a      1196     1    17     2    21
  2.0220730074728608E+00 a      1197     1    17     2    22
  1.4937194330842235E-01 a      1198     1    17     2    23
 -5.4796083950526098E-01 a      1199     1    17     2    24
 -5.6082369968532131E+00 a      1200     1    17     2    25
 -5.2562823576398332E-01 a      1201     1    18     2     1
 -2.3061930521031004E+00 a      1202     1    18     2     2
  6.0583890205171453E-01 a      1203     1    18     2     3
  7.6816479721846850E-03 a      1204     1    18     2     4
  6.4362157601285108E-01 a      1205     1    18     2     5
  3.0929403513314129E+00 a      1206     1    18     2     6
 -2.7663328042441542E+00 a      1207     1    18     2     7
  7.1855192954571623E-01 a      1208     1    18     2     8
 -9.6000000126530027E-01 a      1209     1    18     2     9
  3.5486722893476901E+00 a      1210     1    18     2    10
  1.1082939933429345E+00 a      1211     1    18     2    11
  1.7032869817138768E-01 a      1212     1    18     2    12
 -1.5920352854035842E+00 a      1213     1    18     2    13
  6.9715989596710859E-01 a      1214     1    18     2    14
 -1.0892408910717915E+00 a      1215     1    18     2    15
  1.0396735925260847E+00 a      1216     1    18     2    16
  2.4793193616926476E-01 a      1217     1    18     2    17
 -6.8781931067593269E-02 a      1218     1    18     2    18
  7.2853293303912425E-01 a      1219     1    18     2    19
 -1.1799511230094486E+00 a      1220     1    18     2    20
  1.7594145440910030E+00 a      1221     1    18     2    21
  1.2138360651721001E+00 a      1222     1    18     2    22
 -1.5754965796041185E+00 a      1223     1    18     2    23
 -4.8574680495850930E-01 a      1224     1    18     2    24
  7.5701731650319945E-02 a      1225     1    18     2    25
 -1.9069410316806688E+00 a      1226     1    19     2     1
  1.7155175204006754E+00 a      1227     1    19     2     2
  3.5401425558938404E-01 a      1228     1    19     2     3
 -7.8233734984173930E-01 a      1229     1    19     2     4
 -8.1914544675473544E-01 a      1230     1    19     2     5
  3.2885088690243541E-01 a      1231     1    19     2     6
  3.4498058876329245E+00 a      1232     1    19     2     7
  2.3710977805044382E+00 a      1233     1    19     2     8
 -5.4359585963599777E-01 a      1234     1    19     2     9
  2.0967968123081464E+00 a      1235     1    19     2    10
  1.5138538145289515E-01 a      1236     1    19     2    11
  2.3222099345798703E+00 a      1237     1    19     2    12
  3.1792426093886501E+00 a      1238     1    19     2    13
 -9.6207155100219627E-02 a      1239     1    19     2    14
 -1.5706379361191489E+00 a      1240     1    19     2    15
 -6.0180020509913490E-01 a      1241     1    19     2    16
  1.3995120582998341E-01 a      1242     1    19     2    17
 -7.3681100495703489E-01 a      1243     1    19     2    18
 -1.5883916572227861E+00 a      1244     1    19     2    19
  1.0569254065318803E+00 a      1245     1    19     2    20
 -4.4894461487714055E-01 a      1246     1    19     2    21
 -2.7440162888166224E+00 a      1247     1    19     2    22
  9.4913780692911232E-01 a      1248     1    19     2    23
 -9.9334377643881522E-01 a      1249     1    19     2    24
 -1.1162661125375677E+00 a      1250     1    19     2    25
 -4.7739133292988295E-01 a      1251     1    20     2     1
 -3.7277341257579372E-01 a      1252     1    20     2     2
 -1.5908523995727382E+00 a      1253     1    20     2     3
 -4.7298287603267558E-01 a      1254     1    20     2     4
 -1.4351495697123751E+00 a      1255     1    20     2     5
 -1.0782115039879206E-01 a      1256     1    20     2     6
 -1.2294909823887039E+00 a      1257     1    20     2     7
 -4.1106864451770385E-02 a      1258     1    20     2     8
  1.2853267177017436E-01 a      1259     1    20     2     9
 -4.7637906504442142E+00 a      1260     1    20     2    10
  8.8816189775873255E-01 a      1261     1    20     2    11
  2.6400260837710801E+00 a      1262     1    20     2    12
  7.3905277386033597E-01 a      1263     1    20     2    13
 -1.5137265936314188E+00 a      1264     1    20     2    14
 -3.6754360378970469E-01 a      1265     1    20     2    15
  7.1256241213262650E-01 a      1266     1    20     2    16
 -9.7954408128139936E-01 a      1267     1    20     2    17
  7.5887836738242631E-01 a      1268     1    20     2    18
  3.6788163679881730E-01 a      1269     1    20     2    19
  9.7503710932259055E-02 a      1270     1    20     2    20
  6.8877531733373309E-01 a      1271     1    20     2    21
 -3.4376048470201859E-01 a      1272     1    20     2    22
  4.2619836516085385E-01 a      1273     1    20     2    23
 -4.5752020677292343E-01 a      1274     1    20     2    24
 -1.2648064631920308E+00 a      1275     1    20     2    25
 -2.6730641936045269E-01 a      1276     1    21     2     1
  8.7204872116547782E-01 a      1277     1    21     2     2
 -4.4311525864529649E-01 a      1278     1    21     2     3
  1.8501880520460287E-01 a      1279     1    21     2     4
 -1.9907772242783868E+00 a      1280     1    21     2     5
 -1.8820996770432660E-01 a      1281     1    21     2     6
  7.4845114113077349E-01 a      1282     1    21     2     7
 -1.3977929942403626E+00 a      1283     1    21     2     8
  2.3629821753918225E+00 a      1284     1    21     2     9
  4.8873458076107559E+00 a      1285     1    21     2    10
  2.4482609073754720E+00 a      1286     1    21     2    11
  8.6102995793518489E-01 a      1287     1    21     2    12
 -1.6923322084106063E-01 a      1288     1    21     2    13
  1.6865765207984658E+00 a      1289     1    21     2    14
  2.2806062570081895E+00 a      1290     1    21     2    15
 -8.5170038043556762E-01 a      1291     1    21     2    16
 -3.9501663729341085E-01 a      1292     1    21     2    17
 -3.7045524236115561E-02 a      1293     1    21     2    18
 -8.6809806564999398E-02 a      1294     1    21     2    19
 -1.6692145391978441E-01 a      1295     1    21     2    20
 -7.1565600561000453E-01 a      1296     1    21     2    21
 -2.0312014252706356E-01 a      1297     1    21     2    22
 -1.1111999710574944E-01 a      1298     1    21     2    23
 -6.6817628478616520E-01 a      1299     1    21     2    24
 -8.9838862009214071E-01 a      1300     1    21     2    25
 -9.3364038966273222E-01 a      1301     1    22     2     1
  1.2274756718032711E+00 a      1302     1    22     2     2
 -5.2903336663287426E-01 a      1303     1    22     2     3
  2.0762750896277862E-01 a      1304     1    22     2     4
  1.2106176683731238E+00 a      1305     1    22     2     5
 -3.7213041893121479E-01 a      1306     1    22     2     6
 -9.2949049016765806E-01 a      1307     1    22     2     7
  6.7049368068936177E-01 a      1308     1    22     2     8
 -1.0359925889919165E-01 a      1309     1    22     2     9
  2.2311906914699214E-01 a      1310     1    22     2    10
 -1.2332737310091286E+00 a      1311     1    22     2    11
  1.5837053426455177E+00 a      1312     1    22     2    12
 -5.6711438086050769E-01 a      1313     1    22     2    13
 -8.1356852969632840E-02 a      1314     1    22     2    14
 -1.6101970758589232E-01 a      1315     1    22     2    15
 -6.0778535751946428E-01 a      1316     1    22     2    16
  3.9148028666724333E-01 a      1317     1    22     2    17
  9.0441958378165299E-01 a      1318     1    22     2    18
  1.7201171738240735E+00 a      1319     1    22     2    19
  7.1180035986638668E-01 a      1320     1    22     2    20
 -1.9419489616389540E+00 a      1321     1    22     2    21
  1.1513103850064399E+00 a      1322     1    22     2    22
 -3.3130822733209009E-01 a      1323     1    22     2    23
  6.7714782152641073E-01 a      1324     1    22     2    24
 -1.3205465928260045E+00 a      1325     1    22     2    25
  2.4388975927753287E-01 a      1326     1    23     2     1
 -9.4644392629751495E-01 a      1327     1    23     2     2
  7.4991953362740593E-01 a      1328     1    23     2     3
  1.1255010081357419E+00 a      1329     1    23     2     4
 -2.7379480654364674E-01 a      1330     1    23     2     5
 -3.9215861344919709E+00 a      1331     1    23     2     6
  2.8363150428917363E+00 a      1332     1    23     2     7
 -6.0259926246776641E-01 a      1333     1    23     2     8
  2.4485053690160012E+00 a      1334     1    23     2     9
  5.8967660928887122E-01 a      1335     1    23     2    10
 -9.7626595690924667E-01 a      1336     1    23     2    11
  8.2792844671476373E-01 a      1337     1    23     2    12
 -6.5243454707849768E-01 a      1338     1    23     2    13
 -8.0455561657360419E-01 a      1339     1    23     2    14
  1.5886974461631804E+00 a      1340     1    23     2    15
  8.6020834565610516E-01 a      1341     1    23     2    16
 -3.1521249366716231E+00 a      1342     1    23     2    17
  6.6795629664309752E-01 a      1343     1    23     2    18
  1.4287844508083547E+00 a      1344     1    23     2    19
  1.8232432790207562E-01 a      1345     1    23     2    20
  1.1680751516412227E+00 a      1346     1    23     2    21
  3.4989038691996754E-01 a      1347     1    23     2    22
 -4.0089153412410039E-01 a      1348     1    23     2    23
 -1.1692082735763918E+00 a      1349     1    23     2    24
  8.9555551516498011E-01 a      1350     1    23     2    25
  1.5434763216073253E+00 a      1351     1    24     2     1
  1.0846046638632909E+00 a      1352     1    24     2     2
  3.4195622586280072E-01 a      1353     1    24     2     3
 -3.6050365806972723E-01 a      1354     1    24     2     4
  5.0866877901259000E-01 a      1355     1    24     2     5
 -2.1288691424716144E+00 a      1356     1    24     2     6
 -1.3349727580571471E+00 a      1357     1    24     2     7
 -5.1367212830566622E-01 a      1358     1    24     2     8
  3.3118199345576643E-01 a      1359     1    24     2     9
  5.5773977547922895E+00 a      1360     1    24     2    10
  1.1571527973164621E+00 a      1361     1    24     2    11
 -3.6125845317305956E+00 a      1362     1    24     2    12
 -3.6396029497153026E-01 a      1363     1    24     2    13
  8.3643484526635814E-01 a      1364     1    24     2    14
  1.5741885384705385E+00 a      1365     1    24     2    15
 -2.5015980852818069E+00 a      1366     1    24     2    16
 -9.1245169337211149E-02 a      1367     1    24     2    17
 -1.2257524295755378E+00 a      1368     1    24     2    18
 -2.3967722191343080E-01 a      1369     1    24     2    19
  8.2668336456502522E-01 a      1370     1    24     2    20
 -1.8180289140157000E+00 a      1371     1    24     2    21
 -5.7324174697399988E-01 a      1372     1    24     2    22
  1.3048457555352944E+00 a      1373     1    24     2    23
  1.5184521291172275E+00 a      1374     1    24     2    24
 -1.1888783260216336E+00 a      1375     1    24     2    25
  4.9572349375635016E-01 a      1376     1    25     2     1
 -3.3777164242401048E-01 a      1377     1    25     2     2
  1.2032179335090298E+00 a      1378     1    25     2     3
  1.7878436220550540E+00 a      1379     1    25     2     4
  1.7103824910631402E-01 a      1380     1    25     2     5
  1.9133584609488148E+00 a      1381     1    25     2     6
 -4.0513205846708429E-02 a      1382     1    25     2     7
  1.7698175479586802E+00 a      1383     1    25     2     8
 -7.3200025680118797E-02 a      1384     1    25     2     9
  2.9145673952005389E+00 a      1385     1    25     2    10
 -4.5473910174796772E-01 a      1386     1    25     2    11
  9.0881420318745598E-01 a      1387     1    25     2    12
  2.7672237981467701E-01 a      1388     1    25     2    13
  1.7253745968203995E+00 a      1389     1    25     2    14
 -2.2340194930071103E-01 a      1390     1    25     2    15
 -1.9935555958553802E-01 a      1391     1    25     2    16
  7.9543222984357553E-01 a      1392     1    25     2    17
 -5.7259754070194929E-02 a      1393     1    25     2    18
 -1.1080278492795115E+00 a      1394     1    25     2    19
  3.1995196086527855E-01 a      1395     1    25     2    20
 -2.1776908222381178E-01 a      1396     1    25     2    21
 -1.1382159341805205E+00 a      1397     1    25     2    22
 -1.9124921125059516E-01 a      1398     1    25     2    23
 -7.7172345596721525E-01 a      1399     1    25     2    24
 -6.4206023734752415E-01 a      1400     1    25     2    25
  6.5717983607146966E+00 b      1401     2     1
 -1.7498459742627295E+00 b      1402     2     2
  7.4514482943289917E-01 b      1403     2     3
 -2.7511319148900366E+00 b      1404     2     4
  3.7980657530614410E+00 b      1405     2     5
  7.0317218146246208E-01 b      1406     2     6
 -2.9545287314372310E+00 b      1407     2     7
 -1.0143181282283658E+00 b      1408     2     8
 -2.0961329224204759E+00 b      1409     2     9
  1.7350390209865278E+00 b      1410     2    10
 -4.0458334018238435E+00 b      1411     2    11
 -4.2535080204439497E+00 b      1412     2    12
 -4.6230852520310517E+00 b      1413     2    13
  4.7117287603887164E+00 b      1414     2    14
  4.2822151180138386E+00 b      1415     2    15
 -1.2014977344537554E+00 b      1416     2    16
  1.3898555068196772E+00 b      1417     2    17
  9.3024168372100047E-01 b      1418     2    18
  5.1357632912928981E+00 b      1419     2    19
 -2.8068132561038870E+00 b      1420     2    20
 -4.0958697640821349E+00 b      1421     2    21
  1.6796836412606857E+00 b      1422     2    22
  8.0038457532326723E-01 b      1423     2    23
  2.0132347180534165E+00 b      1424     2    24
  7.4782529937186748E-01 b      1425     2    25
  3.0135054087717106E+00 a      1426     2     1     3     1
 -2.8071724535364924E+00 a      1427     2     2     3     1
  1.5196581552787209E+00 a      1428     2     3     3     1
 -1.0695066235599944E+00 a      1429     2     4     3     1
  1.5848773730777643E+00 a      1430     2     5     3     1
 -9.9921561990483188E-01 a      1431     2     6     3     1
 -6.4539062721097107E-01 a      1432     2     7     3     1
  8.0308237948225658E-01 a      1433     2     8     3     1
  3.0070372177461944E+00 a      1434     2     9     3     1
  4.0155800552799015E-01 a      1435     2    10     3     1
 -4.2984917902587577E-01 a      1436     2    11     3     1
 -1.7383875434678904E+00 a      1437     2    12     3     1
 -2.2417847518592180E+00 a      1438     2    13     3     1
 -7.3568948079850782E-01 a      1439     2    14     3     1
  2.9634765632655444E+00 a      1440     2    15     3     1
  8.9770858182655122E-01 a      1441     2    16     3     1
 -1.2310601768567668E+00 a      1442     2    17     3     1
  1.4128405317929962E+00 a      1443     2    18     3     1
  4.4516477735234400E-01 a      1444     2    19     3     1
 -2.4099869526609918E+00 a      1445     2    20     3     1
  1.2174003863395824E+00 a      1446     2    21     3     1
  1.2653146697994890E+00 a      1447     2    22     3     1
 -2.8436396164227471E+00 a      1448     2    23     3     1
  2.2290218090899496E+00 a      1449     2    24     3     1
  5.1194494995125328E-01 a      1450     2    25     3     1
  4.4152922315029661E+00 b      1451     3     1
