################################################################################
# Neural network connection values (weights and biases).
################################################################################
# Col  Name       Description
################################################################################
# 1    connection Neural network connection value.
# 2    t          Connection type (a = weight, b = bias).
# 3    index      Index enumerating weights.
# 4    l_s        Starting point layer (end point layer for biases).
# 5    n_s        Starting point neuron in starting layer (end point neuron for biases).
# 6    l_e        End point layer.
# 7    n_e        End point neuron in end layer.
################################################################################
#                      1 2         3     4     5     6     7
#             connection t     index   l_s   n_s   l_e   n_e
############################################################
 -2.3647284081262714E+00 a         1     0     1     1     1
  2.1175520996277648E+01 a         2     0     1     1     2
  1.2041876491585285E+01 a         3     0     1     1     3
  7.0766582516040115E+00 a         4     0     1     1     4
  9.0382811174318434E+00 a         5     0     1     1     5
  1.7743084344201146E-01 a         6     0     1     1     6
 -6.1375205259471555E+00 a         7     0     1     1     7
  4.3220001055697965E+00 a         8     0     1     1     8
 -5.4320033133240928E+00 a         9     0     1     1     9
  3.9545070034668015E+00 a        10     0     1     1    10
 -9.9118591742210160E+00 a        11     0     1     1    11
  1.1830746288216356E+00 a        12     0     1     1    12
  1.2879831160513845E+01 a        13     0     1     1    13
 -7.7596400258852949E+00 a        14     0     1     1    14
  5.1143521430561130E+00 a        15     0     1     1    15
  6.1924638403175862E+00 a        16     0     1     1    16
  2.0947476425783296E+00 a        17     0     1     1    17
 -8.6439681858865693E+00 a        18     0     1     1    18
 -9.9765002137689933E+00 a        19     0     1     1    19
 -1.0374480312813770E+01 a        20     0     1     1    20
 -1.1920964546798205E+01 a        21     0     1     1    21
 -1.0528908874611296E+00 a        22     0     1     1    22
 -4.5937012253644456E+00 a        23     0     1     1    23
  1.0797830138879398E+01 a        24     0     1     1    24
 -1.4636645271855434E+01 a        25     0     1     1    25
  5.5513504981502262E+00 a        26     0     2     1     1
 -3.4470531690138614E+01 a        27     0     2     1     2
 -8.6050316915906500E+00 a        28     0     2     1     3
 -1.1392721605034200E+01 a        29     0     2     1     4
 -1.2281919932353736E+01 a        30     0     2     1     5
 -9.7411097003008362E-01 a        31     0     2     1     6
  1.2800636620834307E+01 a        32     0     2     1     7
 -7.2217262276605254E+00 a        33     0     2     1     8
  2.1029809041844839E+01 a        34     0     2     1     9
 -6.5744084591458907E-01 a        35     0     2     1    10
  1.7603660058759196E+00 a        36     0     2     1    11
  3.2259929974488649E-02 a        37     0     2     1    12
 -1.4975421196126907E+01 a        38     0     2     1    13
  5.1362354585301109E+00 a        39     0     2     1    14
 -2.1705313130566832E+00 a        40     0     2     1    15
 -9.0996720317377910E+00 a        41     0     2     1    16
 -3.6023700332400930E+00 a        42     0     2     1    17
  1.1889440535939482E+01 a        43     0     2     1    18
 -4.1515520159978908E-01 a        44     0     2     1    19
  1.0145325391622270E+01 a        45     0     2     1    20
  2.2330773529199803E+01 a        46     0     2     1    21
  7.9340717345303364E+00 a        47     0     2     1    22
  8.3279541133393753E+00 a        48     0     2     1    23
 -1.5556910764408340E+01 a        49     0     2     1    24
  1.4775916885822516E+01 a        50     0     2     1    25
  5.0090650823942540E-01 a        51     0     3     1     1
 -1.6136296278526796E+01 a        52     0     3     1     2
 -1.5690295397146492E+01 a        53     0     3     1     3
 -8.3256116910251377E-01 a        54     0     3     1     4
 -1.6820075673669425E+01 a        55     0     3     1     5
 -2.2280059091822322E+00 a        56     0     3     1     6
 -7.6149430838388865E-01 a        57     0     3     1     7
  7.2906969480295369E-01 a        58     0     3     1     8
 -1.9388051153598294E+00 a        59     0     3     1     9
 -6.8669876484530779E+00 a        60     0     3     1    10
  1.2794591448616126E+01 a        61     0     3     1    11
 -1.9469971334399385E+00 a        62     0     3     1    12
 -6.6161082040275092E+00 a        63     0     3     1    13
  1.1133128993627047E+01 a        64     0     3     1    14
 -1.3435869422393070E+00 a        65     0     3     1    15
 -1.0543460911497718E+01 a        66     0     3     1    16
 -7.1624748301501349E+00 a        67     0     3     1    17
  1.3464484615440925E+01 a        68     0     3     1    18
  9.7024355905889657E+00 a        69     0     3     1    19
  1.7350121629464347E+01 a        70     0     3     1    20
  1.3729213207271277E+01 a        71     0     3     1    21
  5.4071893202929022E-01 a        72     0     3     1    22
  4.6783932157292751E+00 a        73     0     3     1    23
 -7.6230758674778114E+00 a        74     0     3     1    24
  8.9712128206993693E+00 a        75     0     3     1    25
 -6.3770336840612201E+00 a        76     0     4     1     1
  4.3480196786202754E+01 a        77     0     4     1     2
  1.7318939112495954E+01 a        78     0     4     1     3
  3.8023178659468688E+00 a        79     0     4     1     4
  1.4979230407827464E+01 a        80     0     4     1     5
  3.5243912337990366E+00 a        81     0     4     1     6
 -1.1622140400033866E+01 a        82     0     4     1     7
  3.2393325487761757E+00 a        83     0     4     1     8
 -3.4170895882476380E+01 a        84     0     4     1     9
  3.1694246511644080E+00 a        85     0     4     1    10
 -2.2379974384293733E-01 a        86     0     4     1    11
  1.4600966560459179E+00 a        87     0     4     1    12
  1.0035181422084838E+01 a        88     0     4     1    13
 -9.9929152867175599E+00 a        89     0     4     1    14
 -9.9644364844010926E+00 a        90     0     4     1    15
  1.8806234146740387E+01 a        91     0     4     1    16
  1.6677708373882250E+01 a        92     0     4     1    17
 -2.1274426181590616E+01 a        93     0     4     1    18
  1.0134683358222295E+01 a        94     0     4     1    19
 -1.6122272339329133E+01 a        95     0     4     1    20
 -3.9070475503167131E+01 a        96     0     4     1    21
 -1.3546335565579836E+01 a        97     0     4     1    22
 -1.3315496726505547E+01 a        98     0     4     1    23
  2.2068345215874270E+01 a        99     0     4     1    24
 -1.0570208779296355E+01 a       100     0     4     1    25
 -5.8624772155791485E+00 a       101     0     5     1     1
 -4.2484855402520081E+00 a       102     0     5     1     2
 -1.8318917048420627E+00 a       103     0     5     1     3
 -3.6348105202737475E+00 a       104     0     5     1     4
  1.9072313544525585E+01 a       105     0     5     1     5
 -2.6967657268330392E-01 a       106     0     5     1     6
  5.4599943887067264E+00 a       107     0     5     1     7
 -6.6538330798221477E+00 a       108     0     5     1     8
  1.4231281673007949E+01 a       109     0     5     1     9
  3.5136457227364000E+00 a       110     0     5     1    10
 -4.8952384675943703E+00 a       111     0     5     1    11
  2.6003296007670573E+00 a       112     0     5     1    12
 -1.0431838367543980E+01 a       113     0     5     1    13
  9.3353720829856179E+00 a       114     0     5     1    14
 -4.4831502809664237E+00 a       115     0     5     1    15
  2.7412143372951636E+00 a       116     0     5     1    16
  9.5759260171310050E+00 a       117     0     5     1    17
 -5.4973731299956521E+00 a       118     0     5     1    18
 -9.4400538829997540E+00 a       119     0     5     1    19
 -2.0007566872399334E+01 a       120     0     5     1    20
  1.1236442431552576E+00 a       121     0     5     1    21
  1.1950879299223627E+00 a       122     0     5     1    22
 -3.1991730374464222E-01 a       123     0     5     1    23
 -2.7440702243306508E-01 a       124     0     5     1    24
  4.3106575103688636E+00 a       125     0     5     1    25
  8.6861645735136328E+00 a       126     0     6     1     1
 -2.0514692025191032E+01 a       127     0     6     1     2
 -1.3281486256585493E+01 a       128     0     6     1     3
  1.3579520191895620E+01 a       129     0     6     1     4
 -3.9442659206567643E-01 a       130     0     6     1     5
 -3.1738455005820732E+00 a       131     0     6     1     6
  6.1236216615682908E+00 a       132     0     6     1     7
  1.4288498370914466E+01 a       133     0     6     1     8
  2.0549818209996886E+01 a       134     0     6     1     9
  1.6461207059871745E+00 a       135     0     6     1    10
 -3.5973100878488049E+00 a       136     0     6     1    11
 -5.4502071345912189E+00 a       137     0     6     1    12
  9.3269159389482397E+00 a       138     0     6     1    13
  5.7053829750617453E+00 a       139     0     6     1    14
  2.3746306502708830E+01 a       140     0     6     1    15
 -1.1448885400368084E+01 a       141     0     6     1    16
 -3.6472873867670081E+01 a       142     0     6     1    17
  1.5231683209068473E+01 a       143     0     6     1    18
 -7.4395052844683400E+00 a       144     0     6     1    19
  1.6006998217156873E+01 a       145     0     6     1    20
  3.3294441898015222E+01 a       146     0     6     1    21
  9.1270756152751424E+00 a       147     0     6     1    22
  1.2394485131667484E+01 a       148     0     6     1    23
 -1.3384606993394861E+01 a       149     0     6     1    24
  2.9068222138760018E+00 a       150     0     6     1    25
  5.6440481994177265E+00 a       151     0     7     1     1
  1.2368992741447464E+01 a       152     0     7     1     2
  1.5937188657719629E+01 a       153     0     7     1     3
  3.0180709902301228E-01 a       154     0     7     1     4
 -2.5506644800703221E+01 a       155     0     7     1     5
  5.3169212822329861E+00 a       156     0     7     1     6
 -8.1215872352143244E+00 a       157     0     7     1     7
  1.6584509462720509E+00 a       158     0     7     1     8
 -5.2353395701484287E+00 a       159     0     7     1     9
 -7.1975216856627746E+00 a       160     0     7     1    10
  7.9601358911420483E-01 a       161     0     7     1    11
 -1.0684406862588981E+01 a       162     0     7     1    12
  4.6886727278248914E+00 a       163     0     7     1    13
 -2.3222421080662865E+01 a       164     0     7     1    14
  1.7487998664750335E+00 a       165     0     7     1    15
  3.9284181973722814E+00 a       166     0     7     1    16
  5.3626622264764592E+00 a       167     0     7     1    17
 -7.8205472354211902E-01 a       168     0     7     1    18
  5.6639067617049443E+00 a       169     0     7     1    19
  1.9003979271393696E+01 a       170     0     7     1    20
 -9.5867032139242276E+00 a       171     0     7     1    21
  7.6446787552069462E-01 a       172     0     7     1    22
  6.3435158170144827E+00 a       173     0     7     1    23
  1.2967294746599047E+00 a       174     0     7     1    24
 -1.4118550511594874E+01 a       175     0     7     1    25
 -1.2137940837062178E+01 a       176     0     8     1     1
  1.7374492045464653E+00 a       177     0     8     1     2
  3.9964301741932444E+00 a       178     0     8     1     3
 -1.5426786401141797E+01 a       179     0     8     1     4
 -3.4730737739061466E+00 a       180     0     8     1     5
  2.4769490934460543E+00 a       181     0     8     1     6
 -7.7711351431654325E+00 a       182     0     8     1     7
 -1.0160502777341042E+01 a       183     0     8     1     8
 -8.9237299298666830E+00 a       184     0     8     1     9
 -9.7738408213394088E+00 a       185     0     8     1    10
  4.1129563699091110E+00 a       186     0     8     1    11
  8.8401101703883889E+00 a       187     0     8     1    12
 -2.2136542110782443E+01 a       188     0     8     1    13
 -9.6524766812074709E+00 a       189     0     8     1    14
 -2.4704059288714138E+01 a       190     0     8     1    15
  6.2259109902534249E+00 a       191     0     8     1    16
  4.1020993692414734E+01 a       192     0     8     1    17
 -8.8438018987606970E+00 a       193     0     8     1    18
  1.3435744934399656E+01 a       194     0     8     1    19
 -1.0395650130096044E+01 a       195     0     8     1    20
 -2.4891222555480375E+01 a       196     0     8     1    21
  1.0782681177605913E+00 a       197     0     8     1    22
 -1.5025243991012369E+01 a       198     0     8     1    23
 -1.7556211565904105E+00 a       199     0     8     1    24
  8.0492411384634526E+00 a       200     0     8     1    25
  9.4589357649251085E+00 a       201     0     9     1     1
  1.0230453857078965E+00 a       202     0     9     1     2
 -2.0713026644328680E+00 a       203     0     9     1     3
  8.3711184894350037E+00 a       204     0     9     1     4
  2.8978967861771836E+00 a       205     0     9     1     5
  6.1554561688901881E+00 a       206     0     9     1     6
  4.1003368620245784E+00 a       207     0     9     1     7
  3.7132593798389841E+00 a       208     0     9     1     8
  3.1232293977537080E+00 a       209     0     9     1     9
  2.9693269676288998E+00 a       210     0     9     1    10
 -8.7905873711760272E+00 a       211     0     9     1    11
  3.1070668332378384E+00 a       212     0     9     1    12
  5.8007362882157514E+00 a       213     0     9     1    13
  1.8881866427957998E+00 a       214     0     9     1    14
  1.3781608292631134E+01 a       215     0     9     1    15
 -2.8959750761560126E+00 a       216     0     9     1    16
 -2.1321191772236933E+01 a       217     0     9     1    17
  1.2192752310626980E+00 a       218     0     9     1    18
 -9.0863479358088792E+00 a       219     0     9     1    19
  3.2721559154595097E+00 a       220     0     9     1    20
  8.9934361091950521E+00 a       221     0     9     1    21
 -1.9638591204099065E+00 a       222     0     9     1    22
  6.0454302320825013E+00 a       223     0     9     1    23
  4.0524295551857019E+00 a       224     0     9     1    24
 -3.9711593779544949E+00 a       225     0     9     1    25
 -1.9797061231704205E+00 a       226     0    10     1     1
  8.9164824287085731E-01 a       227     0    10     1     2
 -1.2850333205063555E+01 a       228     0    10     1     3
  5.6920796267543468E+00 a       229     0    10     1     4
  1.0873631741765559E+01 a       230     0    10     1     5
 -4.8585803166874602E+00 a       231     0    10     1     6
  6.0076234592501851E+00 a       232     0    10     1     7
 -6.8902769858538182E+00 a       233     0    10     1     8
 -1.1619051015904602E+00 a       234     0    10     1     9
  3.8417672529707727E+00 a       235     0    10     1    10
  5.7050747196607690E+00 a       236     0    10     1    11
  7.0347031023786766E+00 a       237     0    10     1    12
  1.3760936533817617E+01 a       238     0    10     1    13
  9.5407240631683390E+00 a       239     0    10     1    14
 -2.2083580945888004E+00 a       240     0    10     1    15
 -3.7009354766001064E+00 a       241     0    10     1    16
 -1.2564317881082193E+01 a       242     0    10     1    17
  8.3160572494858176E-01 a       243     0    10     1    18
  1.4368215305124099E+00 a       244     0    10     1    19
 -9.7665700633973351E+00 a       245     0    10     1    20
  9.3521365576866859E+00 a       246     0    10     1    21
 -8.8040880302675817E-01 a       247     0    10     1    22
 -4.3281923406613192E+00 a       248     0    10     1    23
 -1.5607665933339023E+00 a       249     0    10     1    24
  1.3367816089070457E+00 a       250     0    10     1    25
 -3.6087180343477225E+00 a       251     0    11     1     1
 -3.8156402501925202E+00 a       252     0    11     1     2
  6.3206560794251372E+00 a       253     0    11     1     3
 -1.2197646857884057E+00 a       254     0    11     1     4
 -3.7457942090883145E-01 a       255     0    11     1     5
 -1.5968663808183892E+00 a       256     0    11     1     6
  5.4893045001292962E-01 a       257     0    11     1     7
 -6.5077213360231623E+00 a       258     0    11     1     8
 -2.4261243532715007E+00 a       259     0    11     1     9
 -5.2681605077463489E+00 a       260     0    11     1    10
  7.6934294798414893E+00 a       261     0    11     1    11
  1.0863913334888475E+00 a       262     0    11     1    12
 -6.0599276787098812E+00 a       263     0    11     1    13
 -8.0679836987891285E-01 a       264     0    11     1    14
 -6.5721572881917432E+00 a       265     0    11     1    15
  4.0228182449414325E+00 a       266     0    11     1    16
  5.9584476245595148E+00 a       267     0    11     1    17
  1.7579218429179602E-01 a       268     0    11     1    18
  4.0221098382724447E+00 a       269     0    11     1    19
 -1.2043707605707141E+00 a       270     0    11     1    20
 -2.5744424782537938E+00 a       271     0    11     1    21
  1.9096763152241831E+00 a       272     0    11     1    22
 -3.3711812891100240E-01 a       273     0    11     1    23
 -1.2683358818699939E+00 a       274     0    11     1    24
 -7.0529604464659890E-01 a       275     0    11     1    25
 -4.4459560955385849E-02 a       276     0    12     1     1
 -4.2793596681692465E+00 a       277     0    12     1     2
  6.4730484370666623E+00 a       278     0    12     1     3
 -2.8819090334631867E+00 a       279     0    12     1     4
 -4.1854048639251634E-01 a       280     0    12     1     5
 -3.1289098542412983E+00 a       281     0    12     1     6
 -3.1749060210453699E+00 a       282     0    12     1     7
 -2.6511449968024157E+00 a       283     0    12     1     8
  2.9193414947624508E+00 a       284     0    12     1     9
  7.2367079610813434E-01 a       285     0    12     1    10
  6.8806833098775511E-01 a       286     0    12     1    11
 -6.9534890983351341E+00 a       287     0    12     1    12
 -1.3352329827684322E+01 a       288     0    12     1    13
  1.7209850264943796E+00 a       289     0    12     1    14
  6.3008324076436892E+00 a       290     0    12     1    15
  1.2457791805090921E+00 a       291     0    12     1    16
  5.1207861016201770E+00 a       292     0    12     1    17
  2.4137027877162955E+00 a       293     0    12     1    18
  3.0661106671575089E+00 a       294     0    12     1    19
  3.4382175010827504E-01 a       295     0    12     1    20
 -8.3735779607156197E-02 a       296     0    12     1    21
 -4.9323208411933104E+00 a       297     0    12     1    22
  6.8533907800246769E+00 a       298     0    12     1    23
  1.9122005899596364E+00 a       299     0    12     1    24
 -1.1231924560116762E+00 a       300     0    12     1    25
  5.7821231761150083E-01 a       301     0    13     1     1
  3.0403870823692031E-01 a       302     0    13     1     2
 -3.1194432822229543E+00 a       303     0    13     1     3
 -9.8332850265803740E-01 a       304     0    13     1     4
  1.0671636859752665E+00 a       305     0    13     1     5
  1.9323644714071129E+00 a       306     0    13     1     6
  6.4181209493625946E-01 a       307     0    13     1     7
  2.4394022540322329E+00 a       308     0    13     1     8
  8.3446546284435696E-01 a       309     0    13     1     9
  2.4609200040584600E+00 a       310     0    13     1    10
 -1.6499399852593115E+00 a       311     0    13     1    11
 -1.6202638791128312E+00 a       312     0    13     1    12
  2.7865307953634368E+00 a       313     0    13     1    13
 -1.2880739209813000E-01 a       314     0    13     1    14
  2.7826051267789396E+00 a       315     0    13     1    15
 -2.5482411010083825E+00 a       316     0    13     1    16
 -1.3845682574481173E+00 a       317     0    13     1    17
 -5.8214006225312820E-01 a       318     0    13     1    18
 -1.5966694475425345E+00 a       319     0    13     1    19
 -5.5892354014915568E-01 a       320     0    13     1    20
 -3.2131867577518314E-01 a       321     0    13     1    21
 -8.2300563087140943E-01 a       322     0    13     1    22
 -5.2377833086588466E-01 a       323     0    13     1    23
  7.7268510986048322E-01 a       324     0    13     1    24
  2.5446335829286717E+00 a       325     0    13     1    25
 -5.7617374796705423E-01 a       326     0    14     1     1
  1.8602654195372268E+00 a       327     0    14     1     2
 -2.3622330807014817E+00 a       328     0    14     1     3
  1.3421619258577544E+00 a       329     0    14     1     4
 -1.8904448576891908E+00 a       330     0    14     1     5
 -1.8489412621155199E+00 a       331     0    14     1     6
  3.6277331092832585E+00 a       332     0    14     1     7
 -4.7023979997801861E+00 a       333     0    14     1     8
 -9.1390116662151588E-01 a       334     0    14     1     9
  4.2557885226841580E-01 a       335     0    14     1    10
  1.6236582949744596E+00 a       336     0    14     1    11
  3.6201020707671092E+00 a       337     0    14     1    12
  5.3905515865881899E+00 a       338     0    14     1    13
  4.6418307252020541E-01 a       339     0    14     1    14
 -6.3927481535151731E+00 a       340     0    14     1    15
 -2.2972308125774292E+00 a       341     0    14     1    16
 -7.2343785132995917E+00 a       342     0    14     1    17
  6.9001906922875433E-01 a       343     0    14     1    18
  6.4947299131147551E-01 a       344     0    14     1    19
 -3.5298917966249483E+00 a       345     0    14     1    20
  1.2636223201486272E+00 a       346     0    14     1    21
  3.8335475833460397E+00 a       347     0    14     1    22
 -3.0337056657675414E+00 a       348     0    14     1    23
  2.4811259993376225E+00 a       349     0    14     1    24
  2.5801373134298604E+00 a       350     0    14     1    25
 -1.5634823291027498E+00 a       351     0    15     1     1
  1.5682266161299083E+00 a       352     0    15     1     2
  1.1792154343248358E+00 a       353     0    15     1     3
  1.6402645746910283E+00 a       354     0    15     1     4
  4.2939104762507724E-01 a       355     0    15     1     5
 -6.3858992307189066E-01 a       356     0    15     1     6
 -3.0395661788377065E-01 a       357     0    15     1     7
 -1.2835812411634531E-02 a       358     0    15     1     8
  9.2089438969734438E-01 a       359     0    15     1     9
  1.2623587707704009E+00 a       360     0    15     1    10
  2.2494536997585043E-01 a       361     0    15     1    11
 -4.0222396984493529E-02 a       362     0    15     1    12
  1.1562633290772562E+01 a       363     0    15     1    13
  1.2149260799724462E+00 a       364     0    15     1    14
 -5.1656070440442425E-01 a       365     0    15     1    15
  1.2846172229038699E+00 a       366     0    15     1    16
 -5.1473472450910707E-01 a       367     0    15     1    17
  2.8536120373910894E+00 a       368     0    15     1    18
 -4.2511939750386801E-01 a       369     0    15     1    19
  9.0503521068862547E-01 a       370     0    15     1    20
  9.0396704603278266E-01 a       371     0    15     1    21
  4.3414526634799577E-01 a       372     0    15     1    22
 -1.7259719476859112E+00 a       373     0    15     1    23
  7.4966373997846880E-01 a       374     0    15     1    24
  1.7318860707691405E-01 a       375     0    15     1    25
  1.6494464394611583E-01 a       376     0    16     1     1
  4.4123594614354569E-02 a       377     0    16     1     2
  6.1172346869861804E-01 a       378     0    16     1     3
  7.9185731292967565E-01 a       379     0    16     1     4
  4.9789166341962504E-01 a       380     0    16     1     5
 -5.9044305145787079E-01 a       381     0    16     1     6
  3.4709271452528646E-02 a       382     0    16     1     7
  1.7217005697461245E+00 a       383     0    16     1     8
  3.9957048777994136E-01 a       384     0    16     1     9
  3.0306074867195981E-03 a       385     0    16     1    10
  4.6811498223730513E-01 a       386     0    16     1    11
 -9.6510508254916194E-01 a       387     0    16     1    12
 -8.2310557756178937E-01 a       388     0    16     1    13
  1.3362204791861436E+00 a       389     0    16     1    14
  1.3909372317116591E+00 a       390     0    16     1    15
  6.1102467642708991E-01 a       391     0    16     1    16
  3.4269269909388100E-01 a       392     0    16     1    17
 -7.3694327267607593E-02 a       393     0    16     1    18
 -2.2722429240353215E+00 a       394     0    16     1    19
  4.8123961065261206E-01 a       395     0    16     1    20
  5.6767626973754515E-01 a       396     0    16     1    21
  1.6739837071649134E+01 a       397     0    16     1    22
 -5.4081254289196551E-02 a       398     0    16     1    23
  5.6432453900540525E-01 a       399     0    16     1    24
  7.7722360950691483E-01 a       400     0    16     1    25
 -2.2612472767203222E+00 a       401     0    17     1     1
 -1.5450957858824650E+00 a       402     0    17     1     2
  1.3980069618041433E+00 a       403     0    17     1     3
 -1.6725420628655546E-01 a       404     0    17     1     4
 -2.1021289661034084E+00 a       405     0    17     1     5
  7.2371847745020468E-01 a       406     0    17     1     6
 -2.0398658655147286E-01 a       407     0    17     1     7
  5.1899915616634917E+00 a       408     0    17     1     8
  2.0403612133038100E+00 a       409     0    17     1     9
  1.9380731424447065E-01 a       410     0    17     1    10
  3.5487114896906169E-01 a       411     0    17     1    11
 -2.2758832359822789E+00 a       412     0    17     1    12
  8.0713611291257170E-01 a       413     0    17     1    13
  1.2349994194509915E+00 a       414     0    17     1    14
 -2.3082858526381220E+00 a       415     0    17     1    15
 -1.3925891018478835E+00 a       416     0    17     1    16
  2.0115742283618512E+00 a       417     0    17     1    17
  1.0021866017046119E+00 a       418     0    17     1    18
 -4.8463741304449002E+00 a       419     0    17     1    19
  6.0493386356668177E-01 a       420     0    17     1    20
  3.7041745971546880E+00 a       421     0    17     1    21
  5.4362801996016141E-01 a       422     0    17     1    22
  2.5685747928911820E+00 a       423     0    17     1    23
  5.2055754111812680E-01 a       424     0    17     1    24
  6.9148435537211448E+00 a       425     0    17     1    25
 -1.0155460857185860E+01 a       426     0    18     1     1
  1.4230904298581761E+01 a       427     0    18     1     2
  4.8601086330564751E+00 a       428     0    18     1     3
  6.7077244772009967E+00 a       429     0    18     1     4
 -6.7784014066525096E+00 a       430     0    18     1     5
  2.8302248954996623E-01 a       431     0    18     1     6
 -1.0565401819074767E+01 a       432     0    18     1     7
 -1.2847902659436144E+01 a       433     0    18     1     8
  7.1435937527804949E+00 a       434     0    18     1     9
 -2.1859696290743255E+01 a       435     0    18     1    10
  1.8718997123358818E+00 a       436     0    18     1    11
  1.7213037419339776E+00 a       437     0    18     1    12
  1.7237165573606101E+00 a       438     0    18     1    13
 -1.5183897187170560E+01 a       439     0    18     1    14
  2.6273928469119663E+00 a       440     0    18     1    15
  3.3373321135250889E+00 a       441     0    18     1    16
  5.1124623603973065E+00 a       442     0    18     1    17
 -4.1723757040456446E+00 a       443     0    18     1    18
  2.2612034884249216E+01 a       444     0    18     1    19
 -2.0713088875588865E+00 a       445     0    18     1    20
 -7.6468951972822907E-01 a       446     0    18     1    21
  5.3176287232207891E+00 a       447     0    18     1    22
 -1.5423371358130369E+01 a       448     0    18     1    23
 -1.3464322434509224E+01 a       449     0    18     1    24
  5.2116474918250475E+00 a       450     0    18     1    25
  2.5887116119805422E+00 a       451     0    19     1     1
 -8.0176043931244279E-01 a       452     0    19     1     2
  5.9080252167543923E-01 a       453     0    19     1     3
  1.2206179503623520E-01 a       454     0    19     1     4
 -2.6130399132577520E-01 a       455     0    19     1     5
 -7.8231854827431424E-01 a       456     0    19     1     6
 -6.8245693989572254E-01 a       457     0    19     1     7
 -3.7862647536291214E+00 a       458     0    19     1     8
 -1.5896234575371933E+00 a       459     0    19     1     9
  1.3432828361059814E+00 a       460     0    19     1    10
 -1.4391174999836223E+00 a       461     0    19     1    11
  1.7746511877327165E+00 a       462     0    19     1    12
  1.7966352030799357E+00 a       463     0    19     1    13
  5.1703181134060117E+00 a       464     0    19     1    14
  2.3722584334199044E+00 a       465     0    19     1    15
  3.9662135610421561E+00 a       466     0    19     1    16
  4.9169395350886375E-01 a       467     0    19     1    17
 -6.6121038606187688E-01 a       468     0    19     1    18
  5.1932949571136238E+00 a       469     0    19     1    19
  9.3470611557405903E-01 a       470     0    19     1    20
 -5.1357813568259081E+00 a       471     0    19     1    21
  1.1172698543249768E+00 a       472     0    19     1    22
 -9.4912217932349485E-01 a       473     0    19     1    23
  3.5521214400056378E-01 a       474     0    19     1    24
  2.4436082494478302E+00 a       475     0    19     1    25
  2.2707557384359681E+01 a       476     0    20     1     1
 -1.1392694340723526E+01 a       477     0    20     1     2
 -1.1653537964329646E+01 a       478     0    20     1     3
 -9.6923261455765228E+00 a       479     0    20     1     4
  1.6391661804921267E+01 a       480     0    20     1     5
  6.9738062424514335E-01 a       481     0    20     1     6
  1.0780784236960688E+01 a       482     0    20     1     7
  1.3866862726732670E+01 a       483     0    20     1     8
 -1.4326616009819526E+01 a       484     0    20     1     9
  2.4436379904968408E+01 a       485     0    20     1    10
  7.9621940417670567E+00 a       486     0    20     1    11
  7.3442134810734245E+00 a       487     0    20     1    12
  4.1259592173650441E+00 a       488     0    20     1    13
  1.1058080478418061E+01 a       489     0    20     1    14
  2.7503024799124614E+00 a       490     0    20     1    15
 -1.3908163559686910E+01 a       491     0    20     1    16
 -9.7209084354683721E+00 a       492     0    20     1    17
  4.1393575800694258E+00 a       493     0    20     1    18
 -3.5478606866686434E+01 a       494     0    20     1    19
  2.7508441076458006E+00 a       495     0    20     1    20
  7.9771104452509090E-01 a       496     0    20     1    21
 -1.6440414228425983E+01 a       497     0    20     1    22
  1.1617202474263200E+01 a       498     0    20     1    23
  9.9861549024168177E+00 a       499     0    20     1    24
 -2.2798545352640691E+01 a       500     0    20     1    25
  1.3556894920307156E+01 a       501     0    21     1     1
 -5.5139945599794826E+00 a       502     0    21     1     2
 -7.3804387860151377E-01 a       503     0    21     1     3
  4.8864617242639454E+00 a       504     0    21     1     4
  6.8977652934003453E-01 a       505     0    21     1     5
 -2.8543731391676636E-01 a       506     0    21     1     6
 -1.3350121364076278E+01 a       507     0    21     1     7
  3.0172556013259928E+01 a       508     0    21     1     8
  6.7229657071980622E+00 a       509     0    21     1     9
 -1.3442010842514790E+01 a       510     0    21     1    10
  4.3243597509945255E+00 a       511     0    21     1    11
  2.2975891557089817E+01 a       512     0    21     1    12
 -1.8162979032873228E+01 a       513     0    21     1    13
  1.5722557681341225E+01 a       514     0    21     1    14
 -7.2718815861925954E+00 a       515     0    21     1    15
 -1.1014250686673227E+01 a       516     0    21     1    16
  8.9474627209425872E+00 a       517     0    21     1    17
  5.9476876989188172E+00 a       518     0    21     1    18
  2.0791777397864646E+00 a       519     0    21     1    19
  1.0432006402806058E+00 a       520     0    21     1    20
 -9.8949730420326034E+00 a       521     0    21     1    21
  4.2568966925121758E+00 a       522     0    21     1    22
 -1.8661463201637531E+01 a       523     0    21     1    23
 -2.6983715278277591E+00 a       524     0    21     1    24
  2.0610310442002270E+01 a       525     0    21     1    25
 -4.2348126161521513E+00 a       526     0    22     1     1
  1.2584397967390984E+01 a       527     0    22     1     2
  8.5917279781526492E+00 a       528     0    22     1     3
  2.3304030894169978E+00 a       529     0    22     1     4
  3.3037470131517730E+00 a       530     0    22     1     5
 -5.0350324532098734E+00 a       531     0    22     1     6
  5.9056754614411566E-01 a       532     0    22     1     7
 -3.0851537176248232E+00 a       533     0    22     1     8
 -7.0486015872117695E+00 a       534     0    22     1     9
  9.7828437143835441E+00 a       535     0    22     1    10
  4.1207531639489616E+00 a       536     0    22     1    11
 -1.8979834643974250E+01 a       537     0    22     1    12
  2.2515871814574254E+01 a       538     0    22     1    13
 -1.6890938551338655E+00 a       539     0    22     1    14
  4.2639135839338076E+00 a       540     0    22     1    15
 -3.3067097704455168E+00 a       541     0    22     1    16
 -7.9346601343230736E+00 a       542     0    22     1    17
 -5.0914270196705569E-01 a       543     0    22     1    18
  3.3211844393805796E+00 a       544     0    22     1    19
 -3.1889038824665600E-01 a       545     0    22     1    20
  3.6218423460413525E+00 a       546     0    22     1    21
 -3.3580034939702470E+00 a       547     0    22     1    22
  5.8668359245823449E+00 a       548     0    22     1    23
  3.6820499835369911E+00 a       549     0    22     1    24
 -1.6504323880743712E+01 a       550     0    22     1    25
 -2.1683203882427904E+01 a       551     0    23     1     1
  1.5858687906599498E+00 a       552     0    23     1     2
  6.6152434711171479E-02 a       553     0    23     1     3
 -2.5307760719838615E+00 a       554     0    23     1     4
 -9.8887765907712222E+00 a       555     0    23     1     5
 -1.1092488880647535E+00 a       556     0    23     1     6
  2.8300502419110054E+00 a       557     0    23     1     7
 -4.4062755739737021E+01 a       558     0    23     1     8
 -5.2224622490206931E+00 a       559     0    23     1     9
  1.4944333343825193E+01 a       560     0    23     1    10
 -2.6679331013449762E+01 a       561     0    23     1    11
 -1.1403874835441311E+01 a       562     0    23     1    12
 -7.0056196203428263E+00 a       563     0    23     1    13
 -5.1786631461377759E+00 a       564     0    23     1    14
  1.6158984520724417E+01 a       565     0    23     1    15
  1.9149041365696167E+01 a       566     0    23     1    16
 -6.1502121254381281E+00 a       567     0    23     1    17
 -5.9015139342229270E+00 a       568     0    23     1    18
  1.7280760695405466E+01 a       569     0    23     1    19
 -3.6777928414967747E+00 a       570     0    23     1    20
  6.1596614750889209E+00 a       571     0    23     1    21
 -4.7678358543698929E-01 a       572     0    23     1    22
 -1.2288013741858257E+00 a       573     0    23     1    23
  7.5131780922543756E+00 a       574     0    23     1    24
  1.2318604771495067E+01 a       575     0    23     1    25
  5.1544294887217639E+00 a       576     0    24     1     1
 -1.1491193195778798E+01 a       577     0    24     1     2
  1.5696296920389273E+01 a       578     0    24     1     3
 -6.8514436017763414E-01 a       579     0    24     1     4
 -2.6374990928724702E+00 a       580     0    24     1     5
 -1.8954840361971319E+00 a       581     0    24     1     6
  4.6323065638218103E-01 a       582     0    24     1     7
  2.0648149745587556E+01 a       583     0    24     1     8
  9.0874745184917511E+00 a       584     0    24     1     9
 -5.1668602716228076E+00 a       585     0    24     1    10
  3.6022132685002881E+00 a       586     0    24     1    11
  5.5859816121768291E-01 a       587     0    24     1    12
 -1.1335121009938993E+00 a       588     0    24     1    13
  6.2911441810603623E+00 a       589     0    24     1    14
 -5.6135595823375244E+00 a       590     0    24     1    15
 -2.4390542695902068E-01 a       591     0    24     1    16
  1.4738178760966207E+00 a       592     0    24     1    17
  5.2577123148045963E+00 a       593     0    24     1    18
 -1.1139184190926331E+01 a       594     0    24     1    19
  3.1181230381306269E-01 a       595     0    24     1    20
 -1.1705763833628446E+00 a       596     0    24     1    21
  3.0718803282948608E+00 a       597     0    24     1    22
  8.2507100080136127E+00 a       598     0    24     1    23
  7.6098293185387567E+00 a       599     0    24     1    24
  8.8200650448500344E+00 a       600     0    24     1    25
 -3.8565084534954757E+00 a       601     0    25     1     1
 -3.4605326721021190E+00 a       602     0    25     1     2
 -8.7806421059750459E+00 a       603     0    25     1     3
 -9.5853040631261486E+00 a       604     0    25     1     4
  3.1060892176805481E+00 a       605     0    25     1     5
  3.4996097527038699E+00 a       606     0    25     1     6
  2.0863464312071152E+00 a       607     0    25     1     7
 -7.5756618112628358E+00 a       608     0    25     1     8
 -4.7944554549727361E+00 a       609     0    25     1     9
  5.5316501100919098E+00 a       610     0    25     1    10
 -6.7039823369564733E+00 a       611     0    25     1    11
  1.9468049683651065E+00 a       612     0    25     1    12
  8.8450680182134356E+00 a       613     0    25     1    13
 -1.0630509684063043E+01 a       614     0    25     1    14
  4.3837686112614431E+00 a       615     0    25     1    15
  7.7308090036250556E+00 a       616     0    25     1    16
  2.1962561708557509E+00 a       617     0    25     1    17
 -5.3203422709337813E+00 a       618     0    25     1    18
 -2.0333576639855458E+01 a       619     0    25     1    19
  5.6031278721327604E+00 a       620     0    25     1    20
  9.9901449563183697E-01 a       621     0    25     1    21
  1.2158492069880873E-01 a       622     0    25     1    22
  9.8688761702837411E+00 a       623     0    25     1    23
 -1.4934498242911660E+00 a       624     0    25     1    24
 -8.3023753575377341E+00 a       625     0    25     1    25
 -3.4244588949296911E-02 a       626     0    26     1     1
  6.7331570907815248E+00 a       627     0    26     1     2
 -3.4025886628685424E+00 a       628     0    26     1     3
  5.4927195191918168E+00 a       629     0    26     1     4
 -3.3882097434458464E-01 a       630     0    26     1     5
  3.6564103697662205E+00 a       631     0    26     1     6
 -2.0785002267282052E-01 a       632     0    26     1     7
  3.2780326865695500E+01 a       633     0    26     1     8
  6.5806895383465216E+00 a       634     0    26     1     9
 -8.7637470838997622E+00 a       635     0    26     1    10
  1.1376450837635076E+01 a       636     0    26     1    11
  4.4812127647610440E+00 a       637     0    26     1    12
  4.2852092150343069E+00 a       638     0    26     1    13
  6.6276575327236040E+00 a       639     0    26     1    14
 -1.9168281562351236E+01 a       640     0    26     1    15
 -5.3971086628720206E+00 a       641     0    26     1    16
  8.2479625651543511E+00 a       642     0    26     1    17
 -9.2236556047285390E-01 a       643     0    26     1    18
  2.0606975840254300E+00 a       644     0    26     1    19
  3.7513021772083173E+00 a       645     0    26     1    20
  1.8177618852517927E+00 a       646     0    26     1    21
  1.0272474281481680E+01 a       647     0    26     1    22
 -7.6323586757920410E+00 a       648     0    26     1    23
 -1.3925308048585622E+01 a       649     0    26     1    24
 -9.8889030263946260E+00 a       650     0    26     1    25
  8.7396073225552717E-01 a       651     0    27     1     1
 -4.3331559663184155E-01 a       652     0    27     1     2
  9.1226038289334566E-02 a       653     0    27     1     3
 -9.4343867526494740E-01 a       654     0    27     1     4
 -1.0742548014171065E+00 a       655     0    27     1     5
  5.4144512679487855E-01 a       656     0    27     1     6
 -9.0418688835302563E-01 a       657     0    27     1     7
 -2.9579349338962873E+00 a       658     0    27     1     8
 -1.9588741364747755E+00 a       659     0    27     1     9
 -2.6596405550845709E-01 a       660     0    27     1    10
 -1.7549275638225652E+00 a       661     0    27     1    11
  3.1206971167716907E-01 a       662     0    27     1    12
 -2.4128240834324388E+00 a       663     0    27     1    13
 -1.9550124951893744E+00 a       664     0    27     1    14
  1.1657078232465649E+01 a       665     0    27     1    15
 -1.3312816167531722E+00 a       666     0    27     1    16
  1.5361820493756267E-01 a       667     0    27     1    17
  2.3124931028331777E-01 a       668     0    27     1    18
  1.1040031723733306E+00 a       669     0    27     1    19
  1.7233238158062161E+00 a       670     0    27     1    20
 -1.3484062896056928E+00 a       671     0    27     1    21
 -6.1692912222113847E+00 a       672     0    27     1    22
 -9.4112149578969517E-01 a       673     0    27     1    23
  8.5207490755468018E-01 a       674     0    27     1    24
 -1.1605947241731289E+00 a       675     0    27     1    25
 -1.1728644230446836E+00 b       676     1     1
 -5.4448213900606490E-01 b       677     1     2
  1.8811552558170839E+00 b       678     1     3
  1.0319672590024984E-01 b       679     1     4
  1.0836157838106761E+00 b       680     1     5
 -1.2096156628070551E+00 b       681     1     6
 -6.9471597793248441E-01 b       682     1     7
  2.3435720424395261E+00 b       683     1     8
 -6.2192972221159837E-01 b       684     1     9
  6.3109489007470887E-01 b       685     1    10
 -9.6173891015293267E-01 b       686     1    11
  5.6631419791743531E-01 b       687     1    12
  4.3236831815562935E+00 b       688     1    13
  1.3970628022922267E+00 b       689     1    14
  2.6466034286580373E+00 b       690     1    15
 -8.6918837639082036E-01 b       691     1    16
  1.3301794020794444E+00 b       692     1    17
 -1.9251249085509463E+00 b       693     1    18
 -2.0989267702998551E+00 b       694     1    19
  6.9866468608518939E-01 b       695     1    20
 -1.3568606847571152E+00 b       696     1    21
  3.3642172215281878E+00 b       697     1    22
 -2.2472263396523258E+00 b       698     1    23
  8.1671541754620702E-01 b       699     1    24
  2.5855403954329348E+00 b       700     1    25
  2.4225067414024211E+00 a       701     1     1     2     1
 -4.6522053146172654E-01 a       702     1     1     2     2
 -2.8709564122892806E-01 a       703     1     1     2     3
 -1.6365520240521017E-01 a       704     1     1     2     4
 -1.8020532037348962E+00 a       705     1     1     2     5
 -1.7263744838228292E+00 a       706     1     1     2     6
  1.1197866469141833E+00 a       707     1     1     2     7
  2.4861659023779692E-01 a       708     1     1     2     8
  1.9392354972218506E+00 a       709     1     1     2     9
 -1.0008953756622483E+00 a       710     1     1     2    10
 -5.1175760565508183E-02 a       711     1     1     2    11
 -7.3043514549664657E-01 a       712     1     1     2    12
  1.4337645927388634E+00 a       713     1     1     2    13
 -4.8595313189946321E-01 a       714     1     1     2    14
  1.1935613584359654E+00 a       715     1     1     2    15
  4.2872673781913734E-01 a       716     1     1     2    16
 -1.4331935691216797E+00 a       717     1     1     2    17
  1.2647090173646661E-01 a       718     1     1     2    18
 -1.6197013951968109E+00 a       719     1     1     2    19
 -1.5826303001471342E+00 a       720     1     1     2    20
  3.7066246971823609E+00 a       721     1     1     2    21
 -5.3503169803608717E-02 a       722     1     1     2    22
 -2.8212004688433551E-01 a       723     1     1     2    23
  2.4596641989261241E+00 a       724     1     1     2    24
  8.1825932243238905E-02 a       725     1     1     2    25
  1.2891195662852964E-01 a       726     1     2     2     1
  4.8428060846523423E-02 a       727     1     2     2     2
 -4.4763775242933074E-01 a       728     1     2     2     3
 -2.8887565374433799E-01 a       729     1     2     2     4
 -1.1027324453088792E+00 a       730     1     2     2     5
 -2.5967397521832897E-01 a       731     1     2     2     6
  7.1711120939885287E-01 a       732     1     2     2     7
 -4.8495987139041496E-01 a       733     1     2     2     8
  5.8860832163110366E-01 a       734     1     2     2     9
 -2.2491336559483052E-01 a       735     1     2     2    10
  2.7166568148266329E-01 a       736     1     2     2    11
  1.2596723603391693E+00 a       737     1     2     2    12
  2.3425002644382314E-01 a       738     1     2     2    13
 -1.2237814877919064E+00 a       739     1     2     2    14
 -6.6939934849522376E-01 a       740     1     2     2    15
  6.5137090005918044E+00 a       741     1     2     2    16
  1.2488714667992799E-01 a       742     1     2     2    17
 -9.9329751426528556E-01 a       743     1     2     2    18
 -3.0523103114613398E-01 a       744     1     2     2    19
 -1.5540630624001537E+00 a       745     1     2     2    20
  5.8784625531999013E-01 a       746     1     2     2    21
  3.6506434565655171E-01 a       747     1     2     2    22
 -1.2173862177812864E+00 a       748     1     2     2    23
 -4.2274774362676126E-02 a       749     1     2     2    24
 -8.8067527288565695E-01 a       750     1     2     2    25
 -9.5336807272077273E+00 a       751     1     3     2     1
 -1.4073607580352592E+00 a       752     1     3     2     2
  7.0791450978049042E-01 a       753     1     3     2     3
  7.4000852665101480E-02 a       754     1     3     2     4
  2.3186423501519271E+00 a       755     1     3     2     5
  6.2835394176821913E-01 a       756     1     3     2     6
 -1.8902519503207762E+00 a       757     1     3     2     7
 -1.2756040252106502E+00 a       758     1     3     2     8
 -1.5961640439488423E-01 a       759     1     3     2     9
  7.4610636391023366E-01 a       760     1     3     2    10
  2.1697583679399477E+00 a       761     1     3     2    11
  2.5929124833664710E+00 a       762     1     3     2    12
 -1.1833093776825343E+00 a       763     1     3     2    13
  1.8426243052821987E+00 a       764     1     3     2    14
 -7.0338911781747326E-01 a       765     1     3     2    15
  5.7403407643878515E+00 a       766     1     3     2    16
  2.3121080423107171E-01 a       767     1     3     2    17
 -6.4108673893590797E+00 a       768     1     3     2    18
  7.7479397772062752E-01 a       769     1     3     2    19
 -7.9188994967079864E+00 a       770     1     3     2    20
  1.7028043738217087E+00 a       771     1     3     2    21
 -2.6213895301419434E+00 a       772     1     3     2    22
 -2.9244908898333986E+00 a       773     1     3     2    23
  1.3845510238912639E+00 a       774     1     3     2    24
 -2.6743182250644417E+00 a       775     1     3     2    25
 -5.1502640809476130E-01 a       776     1     4     2     1
 -1.2577046211708056E+00 a       777     1     4     2     2
  2.2122042081414880E-01 a       778     1     4     2     3
  7.5459871559967640E-01 a       779     1     4     2     4
 -1.6986795872778598E-02 a       780     1     4     2     5
 -1.6918550835214632E+00 a       781     1     4     2     6
 -7.5290348689483011E-01 a       782     1     4     2     7
 -6.9901892917486141E-01 a       783     1     4     2     8
  1.6652191878421492E+00 a       784     1     4     2     9
  5.5756539427160932E-02 a       785     1     4     2    10
  1.0482678010139068E+00 a       786     1     4     2    11
  9.2710770490497263E-01 a       787     1     4     2    12
 -1.6149443812556404E-02 a       788     1     4     2    13
  5.7879402931081569E-01 a       789     1     4     2    14
 -1.2679460086731251E+00 a       790     1     4     2    15
 -1.2187437228910423E+00 a       791     1     4     2    16
 -1.1705648526502714E+00 a       792     1     4     2    17
  8.0684850326662216E-01 a       793     1     4     2    18
  1.5287747993654131E+00 a       794     1     4     2    19
 -2.0856885952316357E+00 a       795     1     4     2    20
  2.7780356864678107E-01 a       796     1     4     2    21
 -3.9403344728700607E-01 a       797     1     4     2    22
 -3.7635961267702395E-01 a       798     1     4     2    23
  7.9424866379545059E-02 a       799     1     4     2    24
  4.5121704121642103E-01 a       800     1     4     2    25
  8.5284111741922419E-01 a       801     1     5     2     1
  7.0383850325057995E-01 a       802     1     5     2     2
 -2.2813864035304673E-01 a       803     1     5     2     3
 -8.2585686721200124E-01 a       804     1     5     2     4
  2.8266288812061469E-01 a       805     1     5     2     5
 -9.0873615490423318E-02 a       806     1     5     2     6
  3.0409502741155214E-01 a       807     1     5     2     7
 -8.5406851381801985E-01 a       808     1     5     2     8
  8.0631817887200030E-02 a       809     1     5     2     9
 -3.1498934171793458E-01 a       810     1     5     2    10
 -1.4945202768805832E-01 a       811     1     5     2    11
  1.0490043819995039E+00 a       812     1     5     2    12
  6.7372211453683561E-01 a       813     1     5     2    13
  4.7460799101844753E-01 a       814     1     5     2    14
 -7.4578569013513965E-02 a       815     1     5     2    15
 -1.0887825224810450E+00 a       816     1     5     2    16
 -1.2942621317035337E+00 a       817     1     5     2    17
  4.9622212661122617E-01 a       818     1     5     2    18
 -5.3394867405638469E-01 a       819     1     5     2    19
 -1.3478501970927984E-01 a       820     1     5     2    20
  7.6952610086243356E-01 a       821     1     5     2    21
 -1.1580200274443533E+00 a       822     1     5     2    22
 -2.0855297338749090E+00 a       823     1     5     2    23
 -5.4343501229063873E-01 a       824     1     5     2    24
  7.9970463933499825E-02 a       825     1     5     2    25
  1.2650285983851026E+00 a       826     1     6     2     1
  1.9374175522804347E+00 a       827     1     6     2     2
 -2.8234130982399628E+00 a       828     1     6     2     3
  1.1655593193892624E+00 a       829     1     6     2     4
 -3.0824416019170462E+00 a       830     1     6     2     5
 -3.9119885556095063E-01 a       831     1     6     2     6
  1.0746216125174020E+00 a       832     1     6     2     7
  1.5406260424173071E+00 a       833     1     6     2     8
 -2.6351210001750971E+00 a       834     1     6     2     9
 -1.7452699561902616E+00 a       835     1     6     2    10
 -1.7604696164820688E+00 a       836     1     6     2    11
 -2.6009364214712622E+00 a       837     1     6     2    12
  2.3909048168258926E+00 a       838     1     6     2    13
 -5.2999884914209761E-01 a       839     1     6     2    14
  3.1353470157967100E+00 a       840     1     6     2    15
 -3.6672912041270593E+00 a       841     1     6     2    16
  1.4163817144597315E+00 a       842     1     6     2    17
 -7.1182635350212839E-02 a       843     1     6     2    18
 -1.2116378682688136E+00 a       844     1     6     2    19
  4.7489231585772469E+00 a       845     1     6     2    20
 -9.5398496183094553E-02 a       846     1     6     2    21
 -4.2805928241242526E-02 a       847     1     6     2    22
  2.9906886871764038E+00 a       848     1     6     2    23
  3.1130012221297978E+00 a       849     1     6     2    24
  1.0880065214077360E-01 a       850     1     6     2    25
  1.3297123311688406E+00 a       851     1     7     2     1
 -8.4703874101397048E-01 a       852     1     7     2     2
 -1.4849884557740363E+00 a       853     1     7     2     3
  9.5623406305624647E-01 a       854     1     7     2     4
 -3.5080535830196311E+00 a       855     1     7     2     5
 -1.5600897117659447E+00 a       856     1     7     2     6
  5.6637264436874668E-01 a       857     1     7     2     7
  5.7237177722844951E-02 a       858     1     7     2     8
  1.7643792239229543E+00 a       859     1     7     2     9
 -1.7169910694074011E-01 a       860     1     7     2    10
 -3.1126912473900747E-01 a       861     1     7     2    11
  6.9366280141894276E-01 a       862     1     7     2    12
  4.8281549423925585E-01 a       863     1     7     2    13
  5.6967173968609219E-01 a       864     1     7     2    14
  1.1925582355928105E-01 a       865     1     7     2    15
  1.0252576331303678E+00 a       866     1     7     2    16
 -1.2819155541988603E+00 a       867     1     7     2    17
 -9.3769314065112730E-01 a       868     1     7     2    18
  1.1444751935980486E+00 a       869     1     7     2    19
 -1.4408911882799660E+00 a       870     1     7     2    20
 -1.7494262556110187E+00 a       871     1     7     2    21
 -1.4031345444821202E+00 a       872     1     7     2    22
 -8.5994039131924904E-01 a       873     1     7     2    23
  1.2137668101259782E+00 a       874     1     7     2    24
 -4.5539353429228341E-01 a       875     1     7     2    25
 -9.1736398956967165E+00 a       876     1     8     2     1
  8.2847830596860863E+00 a       877     1     8     2     2
  1.7850183881010147E+00 a       878     1     8     2     3
 -1.8520680675354011E+00 a       879     1     8     2     4
 -2.1126692759766499E+01 a       880     1     8     2     5
  2.3234209987103123E+00 a       881     1     8     2     6
  3.8626454117055378E+00 a       882     1     8     2     7
  1.6353534631340869E+00 a       883     1     8     2     8
 -9.4877410648939922E+00 a       884     1     8     2     9
  2.8162692116829384E+00 a       885     1     8     2    10
 -2.7886418945531850E+00 a       886     1     8     2    11
 -1.0253247707283601E+01 a       887     1     8     2    12
  8.2124725152999698E+00 a       888     1     8     2    13
 -1.6349140613849269E+00 a       889     1     8     2    14
 -1.4267258841367572E+00 a       890     1     8     2    15
 -3.0022366783343437E+00 a       891     1     8     2    16
  9.0634939813007573E+00 a       892     1     8     2    17
  5.8264229142714163E-01 a       893     1     8     2    18
 -3.2661956344251597E+00 a       894     1     8     2    19
 -2.2658583969007084E+00 a       895     1     8     2    20
 -9.5768623711156344E+00 a       896     1     8     2    21
  2.1123143084399462E-01 a       897     1     8     2    22
  5.5724436574988379E-01 a       898     1     8     2    23
 -1.1218452366974785E+00 a       899     1     8     2    24
  1.9719549943641446E+00 a       900     1     8     2    25
  9.4344025708757973E-01 a       901     1     9     2     1
 -9.8685358099515352E-01 a       902     1     9     2     2
 -1.1422265985310638E+00 a       903     1     9     2     3
 -1.3412983799581460E-01 a       904     1     9     2     4
  4.6748473652152295E-01 a       905     1     9     2     5
  8.3443457612474981E-01 a       906     1     9     2     6
  2.5888593652269951E+00 a       907     1     9     2     7
  1.6655434901307742E-01 a       908     1     9     2     8
 -1.0153046501421819E+00 a       909     1     9     2     9
 -1.0403345184074870E+00 a       910     1     9     2    10
  5.5642979884189914E-01 a       911     1     9     2    11
  2.5483246149880272E+00 a       912     1     9     2    12
  1.5913974819724774E+00 a       913     1     9     2    13
 -2.5760634976250918E-01 a       914     1     9     2    14
 -1.7807147469542715E+00 a       915     1     9     2    15
  4.8555634669320641E-01 a       916     1     9     2    16
  4.7592942703461166E-01 a       917     1     9     2    17
 -6.2630012920268241E-01 a       918     1     9     2    18
 -1.2100369473547974E+00 a       919     1     9     2    19
  3.3774163335522384E-01 a       920     1     9     2    20
  9.4385746656886527E-01 a       921     1     9     2    21
  2.1143715522702782E+00 a       922     1     9     2    22
  8.0253053029089449E-01 a       923     1     9     2    23
  1.5250629732740786E-01 a       924     1     9     2    24
 -6.9955545833203903E-01 a       925     1     9     2    25
 -2.2404263214710413E-01 a       926     1    10     2     1
 -4.0054573583817706E-02 a       927     1    10     2     2
  4.0764607811539427E-01 a       928     1    10     2     3
 -2.0292069317506121E+00 a       929     1    10     2     4
  2.8665915495388208E+00 a       930     1    10     2     5
  2.4961133829996780E+00 a       931     1    10     2     6
 -1.6102537632870939E+00 a       932     1    10     2     7
 -6.9451498045532045E-01 a       933     1    10     2     8
 -7.1098935732736623E-01 a       934     1    10     2     9
  8.1919812239304091E-01 a       935     1    10     2    10
 -1.6477358844550827E-01 a       936     1    10     2    11
  2.2130115569890143E+00 a       937     1    10     2    12
 -1.3016053118641724E+00 a       938     1    10     2    13
  8.0313707220923691E-01 a       939     1    10     2    14
  2.1726496649764324E-01 a       940     1    10     2    15
 -2.8535635569275870E+00 a       941     1    10     2    16
 -7.3989087233806250E-01 a       942     1    10     2    17
 -3.1828247670656090E-01 a       943     1    10     2    18
  1.4256454803463003E+00 a       944     1    10     2    19
 -1.4707786899904935E+00 a       945     1    10     2    20
 -2.3368001603295028E+00 a       946     1    10     2    21
  2.2675570059311054E+00 a       947     1    10     2    22
 -6.3830820841755020E-01 a       948     1    10     2    23
 -5.9229124962406376E-01 a       949     1    10     2    24
  4.8360500873401141E-01 a       950     1    10     2    25
 -7.3582615039265542E-01 a       951     1    11     2     1
 -5.5349473085187073E-01 a       952     1    11     2     2
 -1.0274666430326855E-01 a       953     1    11     2     3
 -2.2908570549131557E-01 a       954     1    11     2     4
  9.1160662190618302E-01 a       955     1    11     2     5
 -2.3735834463341293E-01 a       956     1    11     2     6
  5.5938168689829304E-01 a       957     1    11     2     7
 -5.5806043296402386E-01 a       958     1    11     2     8
  1.1753630867257774E+00 a       959     1    11     2     9
  6.1758071238446059E-02 a       960     1    11     2    10
  4.1738898445356382E-01 a       961     1    11     2    11
  2.8778096184379598E-01 a       962     1    11     2    12
  7.9000201590801211E-01 a       963     1    11     2    13
  8.2164424428868876E-01 a       964     1    11     2    14
 -1.2535369212228462E+00 a       965     1    11     2    15
  9.8937660934480771E+00 a       966     1    11     2    16
  1.5932461594839684E+00 a       967     1    11     2    17
 -3.6426950714789313E-01 a       968     1    11     2    18
 -2.7427807667993276E-01 a       969     1    11     2    19
 -1.7996818889111459E+00 a       970     1    11     2    20
  3.2649604212247091E-01 a       971     1    11     2    21
  7.8142366858568657E-01 a       972     1    11     2    22
 -1.4430003097035928E+00 a       973     1    11     2    23
 -3.1744863056163530E-01 a       974     1    11     2    24
 -6.3979736655239083E-01 a       975     1    11     2    25
  2.1501686752235409E+00 a       976     1    12     2     1
  8.2213112054474613E-01 a       977     1    12     2     2
 -1.6976804052952781E+00 a       978     1    12     2     3
 -2.1947700097354576E-02 a       979     1    12     2     4
 -6.9803884784045653E+00 a       980     1    12     2     5
  3.7661357297206394E-01 a       981     1    12     2     6
  1.0838251550638329E+00 a       982     1    12     2     7
  5.0477793984974662E-01 a       983     1    12     2     8
  6.1522281966198904E-02 a       984     1    12     2     9
 -3.0469508755682162E-01 a       985     1    12     2    10
 -9.9341006923068342E-01 a       986     1    12     2    11
 -6.0799212065967856E-01 a       987     1    12     2    12
  2.1352025445614671E+00 a       988     1    12     2    13
 -5.6798484894080215E-01 a       989     1    12     2    14
  1.7841914325451163E+00 a       990     1    12     2    15
 -6.4598714664407968E+00 a       991     1    12     2    16
  9.5610540713654402E-01 a       992     1    12     2    17
 -9.5726556341618951E-01 a       993     1    12     2    18
  2.7351106390999547E-01 a       994     1    12     2    19
  4.0840227951318573E+00 a       995     1    12     2    20
 -1.2513326037815271E+00 a       996     1    12     2    21
 -2.3059515257004888E+00 a       997     1    12     2    22
  1.1762269902259523E+00 a       998     1    12     2    23
  1.6778181463879109E+00 a       999     1    12     2    24
  1.9887119396019567E-01 a      1000     1    12     2    25
  3.3264015840622769E+00 a      1001     1    13     2     1
 -1.8109231818004201E+00 a      1002     1    13     2     2
  1.6932143030903619E+00 a      1003     1    13     2     3
  1.4444929262485995E+00 a      1004     1    13     2     4
  6.0520213931923994E+00 a      1005     1    13     2     5
 -4.4712428317084751E-01 a      1006     1    13     2     6
 -3.1837351341985118E+00 a      1007     1    13     2     7
 -2.0637574985511393E+00 a      1008     1    13     2     8
 -8.3650159205899381E+00 a      1009     1    13     2     9
  1.5250283416107111E+00 a      1010     1    13     2    10
 -1.2945477036582833E+00 a      1011     1    13     2    11
  3.7960087888755862E+00 a      1012     1    13     2    12
  1.2778362153600169E+00 a      1013     1    13     2    13
 -1.4174200552206402E+00 a      1014     1    13     2    14
 -9.9469974089779190E-01 a      1015     1    13     2    15
  2.3514651005870418E-01 a      1016     1    13     2    16
 -1.0343176126005296E-01 a      1017     1    13     2    17
 -2.2007776596204223E+00 a      1018     1    13     2    18
 -2.1828223450099622E+00 a      1019     1    13     2    19
  8.7994171752942041E+00 a      1020     1    13     2    20
  2.4707666300536954E-01 a      1021     1    13     2    21
 -2.8675858321006964E+00 a      1022     1    13     2    22
  5.3442515260734265E+00 a      1023     1    13     2    23
 -5.8000534272044977E+00 a      1024     1    13     2    24
  3.2479742398505956E-01 a      1025     1    13     2    25
  7.0636720621984905E-01 a      1026     1    14     2     1
 -1.5607190041309518E+00 a      1027     1    14     2     2
  5.3551122294980169E-01 a      1028     1    14     2     3
 -6.4945115509007501E-01 a      1029     1    14     2     4
  7.0153085494762180E-01 a      1030     1    14     2     5
  9.7593417110593095E-01 a      1031     1    14     2     6
  2.6239002580313526E+00 a      1032     1    14     2     7
  3.0160025902850074E+00 a      1033     1    14     2     8
  2.2645633832940731E-01 a      1034     1    14     2     9
 -1.5079477519674651E+00 a      1035     1    14     2    10
  4.7170360701197989E-01 a      1036     1    14     2    11
 -1.4986248621687086E+00 a      1037     1    14     2    12
  7.1856800463584447E-01 a      1038     1    14     2    13
  2.1961159306094671E+00 a      1039     1    14     2    14
  2.5160896292095871E+00 a      1040     1    14     2    15
  2.7184789870020154E+00 a      1041     1    14     2    16
  8.3710244358194330E-01 a      1042     1    14     2    17
  8.4387495493510822E-01 a      1043     1    14     2    18
 -4.0832288731993366E-01 a      1044     1    14     2    19
  2.5317279220501296E+00 a      1045     1    14     2    20
 -5.6661347537082229E-01 a      1046     1    14     2    21
 -4.6932051577013860E+00 a      1047     1    14     2    22
  7.8662159623840477E-01 a      1048     1    14     2    23
  6.1571958620309064E-01 a      1049     1    14     2    24
 -1.0224598225204649E+00 a      1050     1    14     2    25
  1.1487141487231232E+00 a      1051     1    15     2     1
  7.7221134927214607E-01 a      1052     1    15     2     2
  1.7148380788318518E+00 a      1053     1    15     2     3
 -4.2640602521447912E-01 a      1054     1    15     2     4
  4.3948466156839372E-01 a      1055     1    15     2     5
  1.7646714283869802E+00 a      1056     1    15     2     6
  1.3451486512141120E+00 a      1057     1    15     2     7
  1.8484903564779758E+00 a      1058     1    15     2     8
 -1.2529207019988555E+00 a      1059     1    15     2     9
 -2.0755452080090291E+00 a      1060     1    15     2    10
  2.5760385222578303E-01 a      1061     1    15     2    11
 -1.6260888823018638E+00 a      1062     1    15     2    12
 -4.2116932952118411E+00 a      1063     1    15     2    13
  3.8600338865383432E-01 a      1064     1    15     2    14
 -3.8184795821258294E-01 a      1065     1    15     2    15
  9.8424321692654342E+00 a      1066     1    15     2    16
 -3.4238198734157286E+00 a      1067     1    15     2    17
  7.9018693446443944E+00 a      1068     1    15     2    18
 -1.8343457903440565E+00 a      1069     1    15     2    19
  7.6624859793503468E+00 a      1070     1    15     2    20
 -3.2457395801458753E+00 a      1071     1    15     2    21
 -2.1785544627186617E+00 a      1072     1    15     2    22
  2.7604134323669514E+00 a      1073     1    15     2    23
 -1.2777619393554704E-01 a      1074     1    15     2    24
  2.5089728020025941E+00 a      1075     1    15     2    25
 -3.8366975018609267E-01 a      1076     1    16     2     1
  6.1370446920361710E-01 a      1077     1    16     2     2
 -3.6310042862669500E+00 a      1078     1    16     2     3
  1.4439486167666165E+00 a      1079     1    16     2     4
  1.0060187634707702E+00 a      1080     1    16     2     5
 -9.4362647167917224E-01 a      1081     1    16     2     6
 -1.0844595491013815E+00 a      1082     1    16     2     7
 -7.7846109756797521E-01 a      1083     1    16     2     8
  3.6483976782011138E-02 a      1084     1    16     2     9
 -7.1204759726119293E-01 a      1085     1    16     2    10
  1.3665509922598013E-01 a      1086     1    16     2    11
 -8.8881572794496710E-01 a      1087     1    16     2    12
 -1.4376433576455283E+00 a      1088     1    16     2    13
 -1.8104872020616676E+00 a      1089     1    16     2    14
  1.1581831304437702E+00 a      1090     1    16     2    15
  2.4773793703761839E+00 a      1091     1    16     2    16
 -7.3515563652376625E-01 a      1092     1    16     2    17
 -2.0954829875808302E-02 a      1093     1    16     2    18
  3.1805447149614634E-02 a      1094     1    16     2    19
  5.3475252769322232E-02 a      1095     1    16     2    20
  5.1660038521045077E+00 a      1096     1    16     2    21
  8.8565626235035472E-02 a      1097     1    16     2    22
 -2.7586687893757572E-01 a      1098     1    16     2    23
  2.4276204926138316E+00 a      1099     1    16     2    24
 -2.4454831914197941E-01 a      1100     1    16     2    25
  4.0917605105251829E+00 a      1101     1    17     2     1
 -2.1265599254088424E-01 a      1102     1    17     2     2
 -1.5324706302512177E+00 a      1103     1    17     2     3
  4.7126808854323654E-01 a      1104     1    17     2     4
 -7.6575446811128134E-01 a      1105     1    17     2     5
 -5.3737012120762352E-02 a      1106     1    17     2     6
  1.4105037123028208E+00 a      1107     1    17     2     7
 -1.9058077391457300E+00 a      1108     1    17     2     8
  7.1828068816293966E-01 a      1109     1    17     2     9
  6.5759376621496812E-01 a      1110     1    17     2    10
 -4.7856125184461490E-01 a      1111     1    17     2    11
  1.9074601821987682E+00 a      1112     1    17     2    12
  1.9949610610459227E+00 a      1113     1    17     2    13
 -7.7384278786148408E-01 a      1114     1    17     2    14
 -3.7452585659209192E-01 a      1115     1    17     2    15
  5.3279210875506893E+00 a      1116     1    17     2    16
 -7.0290412761630021E+00 a      1117     1    17     2    17
  4.4341477388203593E-01 a      1118     1    17     2    18
  5.6086152533616740E-01 a      1119     1    17     2    19
  1.3081336137799571E-01 a      1120     1    17     2    20
  1.2414386016454908E+00 a      1121     1    17     2    21
 -3.4764609609140331E+00 a      1122     1    17     2    22
 -1.6948347195920082E+00 a      1123     1    17     2    23
  2.6751648649374107E+00 a      1124     1    17     2    24
  3.4422292103866536E-01 a      1125     1    17     2    25
 -7.0565994485406802E-01 a      1126     1    18     2     1
 -1.6592268031889206E+00 a      1127     1    18     2     2
 -5.4033109980787886E-01 a      1128     1    18     2     3
  1.2085061317230683E+00 a      1129     1    18     2     4
  2.4344842673339766E+00 a      1130     1    18     2     5
 -2.4153385515827770E+00 a      1131     1    18     2     6
  8.2441850672456085E-01 a      1132     1    18     2     7
 -1.7940374647282566E+00 a      1133     1    18     2     8
  1.2374095101540641E+00 a      1134     1    18     2     9
 -2.0369234340219822E+00 a      1135     1    18     2    10
  9.3558306164125915E-01 a      1136     1    18     2    11
 -2.6771219911599173E+00 a      1137     1    18     2    12
  7.3005904661518917E-01 a      1138     1    18     2    13
 -1.1909533223572057E+00 a      1139     1    18     2    14
 -2.8953927118622396E+00 a      1140     1    18     2    15
 -2.5484716382249166E+00 a      1141     1    18     2    16
  2.5808776774368898E+00 a      1142     1    18     2    17
 -2.3042294197994644E+00 a      1143     1    18     2    18
 -7.8603213960055729E-01 a      1144     1    18     2    19
 -5.5634019835902504E-01 a      1145     1    18     2    20
 -2.1634338980008199E+00 a      1146     1    18     2    21
 -3.8772707632267136E+00 a      1147     1    18     2    22
 -1.7489945638659312E+00 a      1148     1    18     2    23
 -3.3292815572791101E-01 a      1149     1    18     2    24
 -2.0864526763547149E+00 a      1150     1    18     2    25
 -3.0433351792680070E+00 a      1151     1    19     2     1
  4.2603123749651335E+00 a      1152     1    19     2     2
 -1.4380154595592681E-01 a      1153     1    19     2     3
 -4.4530862018781858E-01 a      1154     1    19     2     4
 -2.6456818048454349E+00 a      1155     1    19     2     5
 -3.7285814318797905E-02 a      1156     1    19     2     6
  1.3081856058098708E+01 a      1157     1    19     2     7
 -1.7614984833625256E+00 a      1158     1    19     2     8
 -3.1068240921548513E+00 a      1159     1    19     2     9
 -6.4343645344148026E-01 a      1160     1    19     2    10
  1.4108515907246137E+00 a      1161     1    19     2    11
 -5.4967017331540247E-01 a      1162     1    19     2    12
  3.8444148056009286E+00 a      1163     1    19     2    13
 -1.1357336430036193E+00 a      1164     1    19     2    14
 -7.8936095232638837E-01 a      1165     1    19     2    15
 -9.0449778872519726E-01 a      1166     1    19     2    16
  4.2472488130022945E-01 a      1167     1    19     2    17
 -2.9103593357263500E+00 a      1168     1    19     2    18
 -1.4416891420350881E+00 a      1169     1    19     2    19
 -3.2205427789861218E+00 a      1170     1    19     2    20
  5.6457932059135745E+00 a      1171     1    19     2    21
 -1.7449578997005059E+01 a      1172     1    19     2    22
  1.1496080510793447E+00 a      1173     1    19     2    23
 -4.9823062277188601E+00 a      1174     1    19     2    24
  2.9294741173573285E-01 a      1175     1    19     2    25
  5.9604638447073388E-01 a      1176     1    20     2     1
  1.0835688926011240E+00 a      1177     1    20     2     2
 -6.3185689007421475E-01 a      1178     1    20     2     3
 -1.9058978963266489E+00 a      1179     1    20     2     4
  1.4955659224950324E+00 a      1180     1    20     2     5
  1.2447965354341335E+00 a      1181     1    20     2     6
 -3.5122613355154964E-01 a      1182     1    20     2     7
  4.0076149979876374E-01 a      1183     1    20     2     8
 -2.4090232937150753E+00 a      1184     1    20     2     9
  4.6415455710615533E-01 a      1185     1    20     2    10
 -7.3343709563954762E-01 a      1186     1    20     2    11
 -7.6464000961080122E-02 a      1187     1    20     2    12
 -2.5902875675508602E-01 a      1188     1    20     2    13
 -4.2855912854999328E-03 a      1189     1    20     2    14
  1.0454943805328789E-02 a      1190     1    20     2    15
 -6.7493452364819806E+00 a      1191     1    20     2    16
 -1.1309926391558360E+00 a      1192     1    20     2    17
 -1.7135684901703259E+00 a      1193     1    20     2    18
 -2.6916885174208860E-01 a      1194     1    20     2    19
 -4.2567539876924601E+00 a      1195     1    20     2    20
  1.4497073177289623E+00 a      1196     1    20     2    21
 -1.4928319902681897E+00 a      1197     1    20     2    22
  1.8673585932841823E+00 a      1198     1    20     2    23
  2.2484832381044398E-01 a      1199     1    20     2    24
  5.1949359663102090E-01 a      1200     1    20     2    25
 -5.4065346519651658E-01 a      1201     1    21     2     1
  9.7804163194113192E-01 a      1202     1    21     2     2
  2.6656744890087740E+00 a      1203     1    21     2     3
 -1.9329999440422492E+00 a      1204     1    21     2     4
 -3.1673407576277329E-01 a      1205     1    21     2     5
  7.3269841729551843E-01 a      1206     1    21     2     6
  6.0095661591774807E-01 a      1207     1    21     2     7
 -1.9119551720815764E+00 a      1208     1    21     2     8
  1.0972420603684624E-01 a      1209     1    21     2     9
 -5.2068098999076817E-01 a      1210     1    21     2    10
 -1.5649791474566019E+00 a      1211     1    21     2    11
  3.5600861105489261E+00 a      1212     1    21     2    12
  7.3506265788132918E-01 a      1213     1    21     2    13
 -7.9151497665117232E-01 a      1214     1    21     2    14
 -1.1070183922626229E+00 a      1215     1    21     2    15
  1.5799819462146270E+00 a      1216     1    21     2    16
 -6.7833325305132686E-01 a      1217     1    21     2    17
 -3.1687534046436844E-01 a      1218     1    21     2    18
  1.8774273406591588E-01 a      1219     1    21     2    19
 -8.8873590296929816E-01 a      1220     1    21     2    20
 -1.2756103569950661E+00 a      1221     1    21     2    21
 -1.1488242067855368E+00 a      1222     1    21     2    22
  1.1904957141432819E+00 a      1223     1    21     2    23
 -1.4830195140255886E+00 a      1224     1    21     2    24
 -2.2993240763440456E-01 a      1225     1    21     2    25
  1.1878215257229037E+00 a      1226     1    22     2     1
 -2.6908745622835878E-01 a      1227     1    22     2     2
 -9.4871841113325772E-01 a      1228     1    22     2     3
 -5.1020668727145702E-01 a      1229     1    22     2     4
  4.7807591782188483E+00 a      1230     1    22     2     5
  2.0434113678746857E+00 a      1231     1    22     2     6
 -6.4993446709300429E+00 a      1232     1    22     2     7
  1.9036093368446223E+00 a      1233     1    22     2     8
 -8.8311358305590459E-01 a      1234     1    22     2     9
  1.3847925662122415E-01 a      1235     1    22     2    10
 -1.4958520366070325E+00 a      1236     1    22     2    11
 -1.4322618357529651E+00 a      1237     1    22     2    12
 -1.3341881394821491E+00 a      1238     1    22     2    13
 -8.8077366931389822E-01 a      1239     1    22     2    14
 -6.7228639758777975E-01 a      1240     1    22     2    15
 -9.8814234936715195E+00 a      1241     1    22     2    16
 -2.3756296590313211E-01 a      1242     1    22     2    17
  1.5996361217909747E+01 a      1243     1    22     2    18
  5.3917570700665343E-02 a      1244     1    22     2    19
 -1.5746199337414801E+01 a      1245     1    22     2    20
  2.3606862946480991E+00 a      1246     1    22     2    21
 -2.6332022415803085E+00 a      1247     1    22     2    22
 -1.4066628470817699E+00 a      1248     1    22     2    23
  1.2019820447714551E+00 a      1249     1    22     2    24
  2.2866957053770718E+00 a      1250     1    22     2    25
  1.3442569743199584E+00 a      1251     1    23     2     1
  2.6376993157969610E+00 a      1252     1    23     2     2
  2.7025045551002709E+00 a      1253     1    23     2     3
  1.5132555788061519E+00 a      1254     1    23     2     4
  1.4355091120435377E+01 a      1255     1    23     2     5
 -1.9561169731283876E+00 a      1256     1    23     2     6
 -4.3163551984084592E+00 a      1257     1    23     2     7
  3.1499509181813572E+00 a      1258     1    23     2     8
 -1.6864792849615704E+00 a      1259     1    23     2     9
  2.4580325642862539E+00 a      1260     1    23     2    10
  5.2987498249330800E-01 a      1261     1    23     2    11
 -2.1754580422918006E+00 a      1262     1    23     2    12
 -3.0128354076036659E+00 a      1263     1    23     2    13
  1.7341336921771782E+00 a      1264     1    23     2    14
 -3.2270470166457357E+00 a      1265     1    23     2    15
 -1.2631632073728365E+00 a      1266     1    23     2    16
 -1.3491136370733912E+00 a      1267     1    23     2    17
 -2.8969744112906998E-01 a      1268     1    23     2    18
 -3.1194472585826261E+00 a      1269     1    23     2    19
 -7.7872682535825604E+00 a      1270     1    23     2    20
 -7.6268180388335551E+00 a      1271     1    23     2    21
 -6.9941243630050955E+00 a      1272     1    23     2    22
  3.9315393891164234E+00 a      1273     1    23     2    23
 -2.3314872044055730E+00 a      1274     1    23     2    24
  3.6874629749856265E+00 a      1275     1    23     2    25
  1.5892287587744627E+00 a      1276     1    24     2     1
  1.5520755029209288E+00 a      1277     1    24     2     2
 -4.8142170739582804E-03 a      1278     1    24     2     3
  2.3178214493095952E+00 a      1279     1    24     2     4
 -4.1190455525045495E+00 a      1280     1    24     2     5
 -3.3039378143845488E-01 a      1281     1    24     2     6
 -9.5541157144449307E-01 a      1282     1    24     2     7
 -1.9714450064964573E+00 a      1283     1    24     2     8
 -4.4659573650986981E-02 a      1284     1    24     2     9
  1.1001815186330057E+00 a      1285     1    24     2    10
 -3.0066443999740444E-01 a      1286     1    24     2    11
 -3.3325142501849098E-01 a      1287     1    24     2    12
  9.4569152217170688E-02 a      1288     1    24     2    13
 -7.6285553815013517E-03 a      1289     1    24     2    14
  1.3283950888491860E+00 a      1290     1    24     2    15
  6.1227785839362401E+00 a      1291     1    24     2    16
 -9.7254703836544970E-02 a      1292     1    24     2    17
 -2.7934403319709604E+00 a      1293     1    24     2    18
 -2.5498288640602627E+00 a      1294     1    24     2    19
  7.3438030448946157E-01 a      1295     1    24     2    20
  2.9128217632573921E+00 a      1296     1    24     2    21
  1.5741980680465857E+00 a      1297     1    24     2    22
 -7.6282991102188891E-01 a      1298     1    24     2    23
 -6.9979836461191380E-01 a      1299     1    24     2    24
 -3.9769273103928643E-01 a      1300     1    24     2    25
  8.0953303652136299E-01 a      1301     1    25     2     1
 -8.0673260244297018E-01 a      1302     1    25     2     2
  1.4734766438179883E+00 a      1303     1    25     2     3
 -3.4041016285644465E-01 a      1304     1    25     2     4
 -1.8111478215089993E+00 a      1305     1    25     2     5
  8.3797730284606642E-01 a      1306     1    25     2     6
 -4.4812311535976974E+00 a      1307     1    25     2     7
  3.8468760171779883E+00 a      1308     1    25     2     8
  5.2864916888815987E+00 a      1309     1    25     2     9
  1.9942528443180920E+00 a      1310     1    25     2    10
 -1.5885591612318630E+00 a      1311     1    25     2    11
  2.1321244756827133E+00 a      1312     1    25     2    12
  4.8639810441205567E-01 a      1313     1    25     2    13
  1.5855685707605991E+00 a      1314     1    25     2    14
  4.2102639925092351E+00 a      1315     1    25     2    15
  6.0745519175161213E+00 a      1316     1    25     2    16
 -3.9390494176042714E+00 a      1317     1    25     2    17
 -2.4121023745764107E+00 a      1318     1    25     2    18
  5.2261263008905179E-01 a      1319     1    25     2    19
  2.2492225476791843E+00 a      1320     1    25     2    20
 -5.2009406251219161E+00 a      1321     1    25     2    21
  1.6507824325757603E+00 a      1322     1    25     2    22
  1.4582717264991893E+00 a      1323     1    25     2    23
 -1.6417165838996945E+00 a      1324     1    25     2    24
 -4.0929225808873504E-01 a      1325     1    25     2    25
  6.8286744328206694E+00 b      1326     2     1
  4.2759583161953571E-03 b      1327     2     2
 -8.5417848607189626E+00 b      1328     2     3
 -5.5972008373407078E+00 b      1329     2     4
  2.3730647768290122E+01 b      1330     2     5
  6.0240343147975484E+00 b      1331     2     6
  2.4037653340893108E+01 b      1332     2     7
 -7.1581182675922514E+00 b      1333     2     8
  1.4306871277462109E+01 b      1334     2     9
 -7.7046174175032283E+00 b      1335     2    10
  6.4492354181373051E+00 b      1336     2    11
  2.1091567419841746E+00 b      1337     2    12
 -9.5595649906451730E-01 b      1338     2    13
 -3.8540848285868248E+00 b      1339     2    14
 -9.8974410099549193E+00 b      1340     2    15
  2.3621354881195211E+00 b      1341     2    16
  8.1558863877996899E+00 b      1342     2    17
 -1.5062411108003760E+01 b      1343     2    18
 -9.2658205997370946E-01 b      1344     2    19
 -2.4346806979149611E+00 b      1345     2    20
  1.5240442121018768E+01 b      1346     2    21
 -1.4267482809948474E+01 b      1347     2    22
  1.8459610818769310E+00 b      1348     2    23
  1.5573076342496639E+00 b      1349     2    24
 -3.0805936710780761E+00 b      1350     2    25
  1.0027541228332144E+00 a      1351     2     1     3     1
 -1.8489580236916812E+00 a      1352     2     2     3     1
  1.6076602327358083E+00 a      1353     2     3     3     1
 -6.0294153639156871E+00 a      1354     2     4     3     1
  3.5657337627685243E-01 a      1355     2     5     3     1
  4.3127289777057252E+00 a      1356     2     6     3     1
  1.9217404474356614E+00 a      1357     2     7     3     1
  1.2358324532605904E+00 a      1358     2     8     3     1
  9.0071954030207824E-01 a      1359     2     9     3     1
 -3.7839867977863708E+00 a      1360     2    10     3     1
  1.8864895458915911E+00 a      1361     2    11     3     1
 -1.9979811192037391E+00 a      1362     2    12     3     1
  9.9305777571998444E-01 a      1363     2    13     3     1
 -1.7227922916267049E+00 a      1364     2    14     3     1
 -1.3640498789431801E+00 a      1365     2    15     3     1
  6.2714488139198288E+00 a      1366     2    16     3     1
  1.6325604746018920E+00 a      1367     2    17     3     1
 -4.2128167958725813E+00 a      1368     2    18     3     1
 -1.6552723705575281E+00 a      1369     2    19     3     1
 -3.4065917522558803E-01 a      1370     2    20     3     1
  1.9620109663272185E+00 a      1371     2    21     3     1
 -1.3747379831099740E+00 a      1372     2    22     3     1
 -2.4921211542085508E+00 a      1373     2    23     3     1
  1.4230534960125052E+00 a      1374     2    24     3     1
 -2.0543284703339801E+00 a      1375     2    25     3     1
 -4.7704261362288669E+00 b      1376     3     1
