################################################################################
# Neural network connection values (weights and biases).
################################################################################
# Col  Name       Description
################################################################################
# 1    connection Neural network connection value.
# 2    t          Connection type (a = weight, b = bias).
# 3    index      Index enumerating weights.
# 4    l_s        Starting point layer (end point layer for biases).
# 5    n_s        Starting point neuron in starting layer (end point neuron for biases).
# 6    l_e        End point layer.
# 7    n_e        End point neuron in end layer.
################################################################################
#                      1 2         3     4     5     6     7
#             connection t     index   l_s   n_s   l_e   n_e
############################################################
  3.8617652869212821E-01 a         1     0     1     1     1
 -6.4125888351429605E-01 a         2     0     1     1     2
 -1.9080593343133594E+00 a         3     0     1     1     3
 -2.1991365082599121E+00 a         4     0     1     1     4
 -4.7265232373042458E+00 a         5     0     1     1     5
  1.6349102494688283E-01 a         6     0     1     1     6
  2.6606576850243933E+00 a         7     0     1     1     7
  4.4164338833289762E-01 a         8     0     1     1     8
  4.8313139738260560E+00 a         9     0     1     1     9
  9.0774913164913862E-01 a        10     0     1     1    10
 -2.3024807580410842E+00 a        11     0     1     1    11
  1.3817307910334600E-01 a        12     0     1     1    12
  2.6504834219686231E+00 a        13     0     1     1    13
 -1.1414836284993717E+00 a        14     0     1     1    14
  1.4760242980999397E-01 a        15     0     1     1    15
  3.1629620423850419E-01 a        16     0     2     1     1
  3.1688366289949899E-01 a        17     0     2     1     2
 -3.3645334388690812E-01 a        18     0     2     1     3
  1.0402228046107300E+00 a        19     0     2     1     4
 -4.4113181804131658E+00 a        20     0     2     1     5
  1.3146284381644002E+00 a        21     0     2     1     6
 -3.8293488472172865E-01 a        22     0     2     1     7
 -9.2288923602619442E-03 a        23     0     2     1     8
  1.8923280250952060E-01 a        24     0     2     1     9
  2.3710956962357724E-01 a        25     0     2     1    10
 -6.1136692487116429E-01 a        26     0     2     1    11
 -2.3776227732091275E+00 a        27     0     2     1    12
 -5.6169899439578730E-01 a        28     0     2     1    13
 -1.0449828982435071E-01 a        29     0     2     1    14
 -1.5267216324955360E-01 a        30     0     2     1    15
 -1.7064105794464624E-01 a        31     0     3     1     1
 -7.5271667828828714E-02 a        32     0     3     1     2
 -8.4974282871044429E-02 a        33     0     3     1     3
  4.9599865482582318E-03 a        34     0     3     1     4
 -2.3398967000057880E-01 a        35     0     3     1     5
  3.8058994913649319E-01 a        36     0     3     1     6
  3.1298221248015407E-01 a        37     0     3     1     7
  1.6693242700224335E-03 a        38     0     3     1     8
  7.4749565122557038E-01 a        39     0     3     1     9
 -3.6542571992429063E-01 a        40     0     3     1    10
 -2.5696130220826041E-01 a        41     0     3     1    11
  1.6596113335099580E-01 a        42     0     3     1    12
  5.3126959392497142E-01 a        43     0     3     1    13
 -2.1706487995036686E-01 a        44     0     3     1    14
 -5.3593456781769709E-02 a        45     0     3     1    15
  4.4007170938589857E-01 a        46     0     4     1     1
 -3.6226908753745107E-01 a        47     0     4     1     2
 -2.0259294083208372E+00 a        48     0     4     1     3
 -1.1260655480648898E+00 a        49     0     4     1     4
 -3.2655877169419152E+00 a        50     0     4     1     5
  1.1046588421192036E+00 a        51     0     4     1     6
  2.5769867080644060E+00 a        52     0     4     1     7
  3.9660619828435528E-01 a        53     0     4     1     8
  3.9412244330095723E+00 a        54     0     4     1     9
  7.8886700558061218E-01 a        55     0     4     1    10
 -2.1305939478903255E+00 a        56     0     4     1    11
 -1.3085631139776699E-01 a        57     0     4     1    12
  2.5290780539327202E+00 a        58     0     4     1    13
 -4.6654384132871735E-01 a        59     0     4     1    14
 -2.8700426471918555E-01 a        60     0     4     1    15
  2.6020480865105627E-01 a        61     0     5     1     1
 -2.6775212682587557E-01 a        62     0     5     1     2
 -5.2871669604947802E-01 a        63     0     5     1     3
 -3.4446478796505192E-01 a        64     0     5     1     4
 -1.0911765495657265E-01 a        65     0     5     1     5
  2.1608537932767224E-01 a        66     0     5     1     6
 -2.6424060867151894E-01 a        67     0     5     1     7
  3.7170833702642148E-01 a        68     0     5     1     8
  2.2913626803709025E-01 a        69     0     5     1     9
  6.9344893815259068E-01 a        70     0     5     1    10
 -1.0764890155277314E-01 a        71     0     5     1    11
 -4.0269631201887091E-01 a        72     0     5     1    12
  1.8840001185466129E-01 a        73     0     5     1    13
  4.0708866617461326E-01 a        74     0     5     1    14
 -2.7118487721002643E-01 a        75     0     5     1    15
  3.9947083328192534E-01 a        76     0     6     1     1
  3.0699524711876458E-01 a        77     0     6     1     2
 -2.0259037714144341E+00 a        78     0     6     1     3
  1.0540497189361835E+00 a        79     0     6     1     4
 -4.2156153713500988E+00 a        80     0     6     1     5
  2.0723789478000918E+00 a        81     0     6     1     6
  3.9453497194720322E-01 a        82     0     6     1     7
 -1.9911059217408511E-01 a        83     0     6     1     8
  1.2935593716020326E+00 a        84     0     6     1     9
 -2.5988073231384305E-02 a        85     0     6     1    10
 -3.6812789339662250E-01 a        86     0     6     1    11
 -2.4263028339623336E+00 a        87     0     6     1    12
  9.1018612483602090E-01 a        88     0     6     1    13
  4.4468712631672747E-01 a        89     0     6     1    14
  8.9327761980964426E-01 a        90     0     6     1    15
 -2.7698606190854574E-01 a        91     0     7     1     1
 -4.7207278374087791E-01 a        92     0     7     1     2
 -1.5366783706141385E+00 a        93     0     7     1     3
 -5.2550907415360482E-01 a        94     0     7     1     4
 -7.0243282838864096E-01 a        95     0     7     1     5
  1.8272112120072344E+00 a        96     0     7     1     6
  2.5341425111042065E-01 a        97     0     7     1     7
  1.0620787715280119E-01 a        98     0     7     1     8
  2.9118226190159877E+00 a        99     0     7     1     9
  2.1099644274917728E-01 a       100     0     7     1    10
 -3.9216969750708441E-01 a       101     0     7     1    11
  4.5752796454372113E-01 a       102     0     7     1    12
  1.7347455855238429E+00 a       103     0     7     1    13
 -2.3133447615225458E-01 a       104     0     7     1    14
  2.2180318731404530E-01 a       105     0     7     1    15
  5.2678337133743547E-01 a       106     0     8     1     1
 -8.0377243455779956E-02 a       107     0     8     1     2
 -1.9430828570011378E+00 a       108     0     8     1     3
 -1.0145269654700213E+00 a       109     0     8     1     4
 -2.6154703536294308E+00 a       110     0     8     1     5
  7.9245103641616177E-01 a       111     0     8     1     6
  2.5062348106189991E+00 a       112     0     8     1     7
  1.3658037868636483E-01 a       113     0     8     1     8
  3.6633977646550746E+00 a       114     0     8     1     9
  7.0270446900735650E-01 a       115     0     8     1    10
 -1.2948540236934203E+00 a       116     0     8     1    11
  1.3740136186585039E-02 a       117     0     8     1    12
  2.2092600908892157E+00 a       118     0     8     1    13
 -3.6268828921972662E-01 a       119     0     8     1    14
  7.4398480051875848E-01 a       120     0     8     1    15
  4.1534440223563306E-02 a       121     0     9     1     1
 -1.6737772645337282E-01 a       122     0     9     1     2
 -1.6958344499050572E-02 a       123     0     9     1     3
 -2.3412494607313264E-01 a       124     0     9     1     4
 -1.6709433954330666E-01 a       125     0     9     1     5
  4.6867238726575911E-01 a       126     0     9     1     6
  2.1763852474944778E-01 a       127     0     9     1     7
  1.2826659430535944E-01 a       128     0     9     1     8
  1.1832422738954994E-01 a       129     0     9     1     9
  1.0518237431718493E+00 a       130     0     9     1    10
  1.8830672476191374E-02 a       131     0     9     1    11
 -9.6577971039370533E-02 a       132     0     9     1    12
  3.0797187751108257E-01 a       133     0     9     1    13
  1.5957786341892019E-01 a       134     0     9     1    14
  3.0179431558164049E-02 a       135     0     9     1    15
  5.4272702220550591E-02 a       136     0    10     1     1
  8.3338732979209101E-02 a       137     0    10     1     2
 -5.3373030146151357E-01 a       138     0    10     1     3
  3.8262782914769433E-01 a       139     0    10     1     4
 -1.3828266919262184E+00 a       140     0    10     1     5
  8.9526978197997431E-01 a       141     0    10     1     6
  3.8762204860197724E-01 a       142     0    10     1     7
 -2.2073743495151618E-01 a       143     0    10     1     8
  3.4484925400608263E-01 a       144     0    10     1     9
 -8.6904229185536072E-02 a       145     0    10     1    10
  1.7229508089716453E-01 a       146     0    10     1    11
 -6.6796652679447199E-01 a       147     0    10     1    12
  5.0735603676368657E-01 a       148     0    10     1    13
  4.1846440143555103E-01 a       149     0    10     1    14
  4.1649767551422079E-01 a       150     0    10     1    15
 -1.7214080518646030E-01 a       151     0    11     1     1
 -1.9600149297946370E-01 a       152     0    11     1     2
 -3.6593824104389100E-01 a       153     0    11     1     3
 -3.4924674227065750E-01 a       154     0    11     1     4
 -2.2704588365718753E-01 a       155     0    11     1     5
  9.0008020265967048E-01 a       156     0    11     1     6
 -1.1443985112764083E-02 a       157     0    11     1     7
 -3.3730625524002043E-02 a       158     0    11     1     8
  8.2281510048338025E-01 a       159     0    11     1     9
 -1.2928579159940756E-01 a       160     0    11     1    10
 -5.2595270519083866E-02 a       161     0    11     1    11
  2.4403123633181345E-01 a       162     0    11     1    12
  9.3504494807309346E-01 a       163     0    11     1    13
 -3.7605857022182027E-02 a       164     0    11     1    14
  2.1472382089006850E-01 a       165     0    11     1    15
  2.0393862519352346E-01 a       166     0    12     1     1
  4.6267472117297717E-02 a       167     0    12     1     2
 -2.9684614607402565E-01 a       168     0    12     1     3
 -2.3490308725280357E-01 a       169     0    12     1     4
 -7.6994876719071492E-01 a       170     0    12     1     5
 -2.7283545654232377E-01 a       171     0    12     1     6
  9.3270843217007793E-01 a       172     0    12     1     7
 -7.5045636210823372E-02 a       173     0    12     1     8
  1.3731612585181849E+00 a       174     0    12     1     9
  5.5918332130257009E-01 a       175     0    12     1    10
 -1.6386762041891631E-01 a       176     0    12     1    11
  7.1100575902852584E-02 a       177     0    12     1    12
  2.0883490079718697E-01 a       178     0    12     1    13
  2.9032673033528505E-01 a       179     0    12     1    14
  2.9366775210709617E-01 a       180     0    12     1    15
 -1.2862328555594528E-02 a       181     0    13     1     1
  2.9615888192706333E-02 a       182     0    13     1     2
 -1.1263299728016328E-01 a       183     0    13     1     3
  6.4572444261886319E-01 a       184     0    13     1     4
 -4.3958273303724998E-01 a       185     0    13     1     5
  1.2947991768866804E-01 a       186     0    13     1     6
  2.0835875539075638E-01 a       187     0    13     1     7
 -1.0630380606023544E-01 a       188     0    13     1     8
 -2.1641874929506033E-02 a       189     0    13     1     9
 -1.8737869720303546E-01 a       190     0    13     1    10
  2.3465587921993356E-01 a       191     0    13     1    11
 -4.8323814095563973E-02 a       192     0    13     1    12
  1.9277764595580433E-03 a       193     0    13     1    13
  1.5123499222760231E-01 a       194     0    13     1    14
  7.3315953670876635E-02 a       195     0    13     1    15
 -9.9670561949501035E-01 a       196     0    14     1     1
 -5.8836131284008653E-01 a       197     0    14     1     2
  1.5235405212748426E-01 a       198     0    14     1     3
 -1.0029811094915793E+00 a       199     0    14     1     4
  2.9195049750330639E+00 a       200     0    14     1     5
 -2.3091961862144879E+00 a       201     0    14     1     6
  5.8437987709056731E+00 a       202     0    14     1     7
 -8.1665045379088463E-01 a       203     0    14     1     8
  8.3980839339726654E-01 a       204     0    14     1     9
  2.6098346591517467E+00 a       205     0    14     1    10
 -2.5490005496326722E-02 a       206     0    14     1    11
  1.0154569949083823E+00 a       207     0    14     1    12
  3.5885276419557233E+00 a       208     0    14     1    13
  2.5285269495137173E+00 a       209     0    14     1    14
 -2.3827681868264166E+00 a       210     0    14     1    15
 -9.5897133685849545E-01 a       211     0    15     1     1
 -7.1449956321792274E-01 a       212     0    15     1     2
  4.4791736636890844E+00 a       213     0    15     1     3
  5.5185289291748125E+00 a       214     0    15     1     4
 -4.0954767656508062E-01 a       215     0    15     1     5
 -9.9291617665414833E-01 a       216     0    15     1     6
  3.2663861871643882E+00 a       217     0    15     1     7
 -7.5142363689931768E-01 a       218     0    15     1     8
 -1.0817034565205179E+00 a       219     0    15     1     9
  5.8498507019911461E+00 a       220     0    15     1    10
  1.1282009598617444E+00 a       221     0    15     1    11
  1.1147775082365654E+00 a       222     0    15     1    12
  9.5705781539189894E-01 a       223     0    15     1    13
 -4.1391324625976228E-01 a       224     0    15     1    14
  7.8743699764752928E-01 a       225     0    15     1    15
 -7.8577768281470173E-01 a       226     0    16     1     1
  2.2092772683060138E-01 a       227     0    16     1     2
 -2.7812915810161845E+00 a       228     0    16     1     3
 -1.1240809824701032E+00 a       229     0    16     1     4
 -4.2819210127890823E+00 a       230     0    16     1     5
  1.1972288269688578E-02 a       231     0    16     1     6
 -4.9485691118301228E-01 a       232     0    16     1     7
 -1.1503742819020234E-01 a       233     0    16     1     8
 -3.4195420761463904E+00 a       234     0    16     1     9
  8.4114123098251508E+00 a       235     0    16     1    10
 -7.8764051692489623E-02 a       236     0    16     1    11
 -1.9373677056750742E+00 a       237     0    16     1    12
 -2.8474193304043229E+00 a       238     0    16     1    13
 -3.6631430206207347E+00 a       239     0    16     1    14
  7.3365986881749401E-01 a       240     0    16     1    15
  1.1620374500767956E+00 a       241     0    17     1     1
  1.5925426977291073E+00 a       242     0    17     1     2
  3.0206666456032392E+00 a       243     0    17     1     3
 -5.1791776788258881E+00 a       244     0    17     1     4
 -4.0185376694242505E+00 a       245     0    17     1     5
 -2.6004930087389835E+00 a       246     0    17     1     6
 -2.4020418732126716E+00 a       247     0    17     1     7
 -9.6457529539576237E-01 a       248     0    17     1     8
 -8.1469570103882489E+00 a       249     0    17     1     9
 -1.1295378021650848E+00 a       250     0    17     1    10
  3.0300834437881368E+00 a       251     0    17     1    11
 -2.2020036613528866E+00 a       252     0    17     1    12
 -5.4089824307981660E+00 a       253     0    17     1    13
  2.9755131817955846E-02 a       254     0    17     1    14
  9.2546059109666234E-01 a       255     0    17     1    15
 -9.8207105506254111E-01 a       256     0    18     1     1
  7.1004578593518619E-01 a       257     0    18     1     2
  1.3373750066668573E+00 a       258     0    18     1     3
 -5.2630778188373935E+00 a       259     0    18     1     4
  3.1059215148553232E+00 a       260     0    18     1     5
  6.2747769378959868E+00 a       261     0    18     1     6
 -1.0800049456866709E+01 a       262     0    18     1     7
  5.0771389802566058E-01 a       263     0    18     1     8
  4.6629345251410497E+00 a       264     0    18     1     9
 -1.1252638655917254E+01 a       265     0    18     1    10
 -7.7005957078964027E+00 a       266     0    18     1    11
  1.0188771270469985E+00 a       267     0    18     1    12
  3.9406032370941810E+00 a       268     0    18     1    13
 -6.9195367347284158E+00 a       269     0    18     1    14
 -4.8335129236309875E+00 a       270     0    18     1    15
 -2.0648582433363414E+00 a       271     0    19     1     1
 -2.9587447369567541E+00 a       272     0    19     1     2
  3.6428495334750450E+00 a       273     0    19     1     3
 -3.6503067035249281E+00 a       274     0    19     1     4
 -2.8323428518583837E-01 a       275     0    19     1     5
  5.2827282615598792E+00 a       276     0    19     1     6
 -5.4829912661350633E-01 a       277     0    19     1     7
  1.3342202996340169E+00 a       278     0    19     1     8
  3.3529360347088928E+00 a       279     0    19     1     9
  1.6543224190206449E+00 a       280     0    19     1    10
  7.5530774750430041E-01 a       281     0    19     1    11
  2.7449704036976916E+00 a       282     0    19     1    12
 -4.8620283178114718E+00 a       283     0    19     1    13
 -3.9949790501827294E+00 a       284     0    19     1    14
 -1.3320728884949271E+00 a       285     0    19     1    15
 -1.3190491305390792E-01 a       286     0    20     1     1
  5.6648342282470254E-01 a       287     0    20     1     2
 -2.4801688934670278E+00 a       288     0    20     1     3
  1.7154085157883079E+00 a       289     0    20     1     4
  2.2251987668908306E+00 a       290     0    20     1     5
  1.5723706277850630E-01 a       291     0    20     1     6
 -4.6680507626542755E-01 a       292     0    20     1     7
 -4.1599673213423410E-01 a       293     0    20     1     8
  1.0048493417292910E+00 a       294     0    20     1     9
 -4.8466151469469256E+00 a       295     0    20     1    10
 -1.5738566583360523E+00 a       296     0    20     1    11
  3.6574048763465719E-02 a       297     0    20     1    12
  3.9065378788667915E+00 a       298     0    20     1    13
 -6.2065903737812023E-01 a       299     0    20     1    14
  1.5744321996893662E+00 a       300     0    20     1    15
  1.6684942389194574E-01 a       301     0    21     1     1
  2.3872418087616126E-01 a       302     0    21     1     2
 -6.0575750717309185E-01 a       303     0    21     1     3
  1.3993568667279932E+00 a       304     0    21     1     4
  1.4960919653281773E-01 a       305     0    21     1     5
 -7.3535315442583959E-01 a       306     0    21     1     6
 -8.6097913266018766E-01 a       307     0    21     1     7
  8.4424217367089840E-02 a       308     0    21     1     8
  2.0238992940477885E+00 a       309     0    21     1     9
 -6.6781977716011842E-01 a       310     0    21     1    10
 -5.6599713936210251E-02 a       311     0    21     1    11
 -3.6885670605061460E-01 a       312     0    21     1    12
 -3.8715201174128394E-01 a       313     0    21     1    13
 -3.7731150900793153E-01 a       314     0    21     1    14
  2.4823224655332085E-01 a       315     0    21     1    15
  7.3561762794622632E-01 a       316     0    22     1     1
 -5.2238275285056468E-01 a       317     0    22     1     2
 -6.1910131154225017E+00 a       318     0    22     1     3
  4.8523236480616276E+00 a       319     0    22     1     4
 -1.1348689317406138E+00 a       320     0    22     1     5
 -4.9790249899985559E+00 a       321     0    22     1     6
  3.3608170475119277E+00 a       322     0    22     1     7
  1.5463987570660160E+00 a       323     0    22     1     8
 -6.7728328756263494E+00 a       324     0    22     1     9
  2.4984544245925835E+00 a       325     0    22     1    10
  3.6176807001868969E+00 a       326     0    22     1    11
 -1.6539041934212579E+00 a       327     0    22     1    12
 -3.7185074857591620E+00 a       328     0    22     1    13
  3.7372865752726905E+00 a       329     0    22     1    14
 -1.1225133919644566E-01 a       330     0    22     1    15
  1.8185753303658219E+00 a       331     0    23     1     1
  2.3039616377164087E+00 a       332     0    23     1     2
 -4.0012185725779901E+00 a       333     0    23     1     3
  4.4508508327872507E+00 a       334     0    23     1     4
 -1.0987803739117916E+00 a       335     0    23     1     5
 -7.2350947195506754E-01 a       336     0    23     1     6
 -1.1223899625516245E+00 a       337     0    23     1     7
 -1.9399350743659322E-01 a       338     0    23     1     8
 -2.8209850389823394E+00 a       339     0    23     1     9
 -1.4941755569539941E+00 a       340     0    23     1    10
 -6.2711647835980522E-01 a       341     0    23     1    11
 -1.9173336699636860E+00 a       342     0    23     1    12
 -1.9148413587288566E+00 a       343     0    23     1    13
 -2.0455555853700158E+00 a       344     0    23     1    14
 -6.0442406801470039E-01 a       345     0    23     1    15
  1.0365512541416546E+00 a       346     0    24     1     1
  7.2588122533418209E-01 a       347     0    24     1     2
 -5.9483421614875331E-01 a       348     0    24     1     3
  3.9714129596159098E+00 a       349     0    24     1     4
 -3.0392003295928722E+00 a       350     0    24     1     5
  1.2388189344677645E+00 a       351     0    24     1     6
 -6.9790602699457152E+00 a       352     0    24     1     7
  9.6440318484051701E-01 a       353     0    24     1     8
  3.7306335070659018E+00 a       354     0    24     1     9
 -3.3091284411645265E+00 a       355     0    24     1    10
 -6.1541739355387304E-01 a       356     0    24     1    11
 -6.0494464978206630E-01 a       357     0    24     1    12
 -2.1716098526443135E+00 a       358     0    24     1    13
 -2.7946469369045364E+00 a       359     0    24     1    14
  2.7162369823610670E+00 a       360     0    24     1    15
  1.0916887299512561E+00 a       361     0    25     1     1
  4.0807804341440551E-01 a       362     0    25     1     2
 -5.0746502103663937E+00 a       363     0    25     1     3
 -5.8291854523237525E+00 a       364     0    25     1     4
 -1.0377244567451893E+00 a       365     0    25     1     5
 -7.1288383987524284E-01 a       366     0    25     1     6
 -2.5572563131101895E+00 a       367     0    25     1     7
  1.1712580310527598E+00 a       368     0    25     1     8
  1.1970644915617035E+00 a       369     0    25     1     9
 -5.1469037816582004E+00 a       370     0    25     1    10
  6.5548525003332592E-01 a       371     0    25     1    11
 -2.1970639864527146E+00 a       372     0    25     1    12
 -2.3650033214654980E+00 a       373     0    25     1    13
  3.3475491105058222E+00 a       374     0    25     1    14
  3.1785113728659148E-01 a       375     0    25     1    15
  1.2180450458523517E+00 a       376     0    26     1     1
  2.4006639688541060E+00 a       377     0    26     1     2
 -4.4670303970929215E+00 a       378     0    26     1     3
  1.6060850009719325E+00 a       379     0    26     1     4
  5.1040843209834792E+00 a       380     0    26     1     5
 -1.1097343042529151E+00 a       381     0    26     1     6
 -5.5468980592396933E-01 a       382     0    26     1     7
 -6.2934173035792429E-01 a       383     0    26     1     8
  2.0310076108983912E+00 a       384     0    26     1     9
 -7.9223602785073073E+00 a       385     0    26     1    10
 -1.8061965786365712E+00 a       386     0    26     1    11
  1.4355000806513116E+00 a       387     0    26     1    12
  6.1116791444101253E+00 a       388     0    26     1    13
  2.4176332341894931E+00 a       389     0    26     1    14
 -1.3870627091804559E+00 a       390     0    26     1    15
 -1.4770777522900065E+00 a       391     0    27     1     1
 -1.5000105252773483E+00 a       392     0    27     1     2
 -3.2208108844877581E-01 a       393     0    27     1     3
 -1.2158153247292112E+00 a       394     0    27     1     4
  2.8725361480706373E+00 a       395     0    27     1     5
  1.4667786571068471E+00 a       396     0    27     1     6
  6.0202780237572586E+00 a       397     0    27     1     7
 -3.0790177123913148E-01 a       398     0    27     1     8
  3.4799205715518655E-01 a       399     0    27     1     9
  3.9564522419990173E+00 a       400     0    27     1    10
 -8.6594930437061279E-01 a       401     0    27     1    11
  1.8050694586831522E+00 a       402     0    27     1    12
  3.7677163084302534E+00 a       403     0    27     1    13
  1.9351768257134512E+00 a       404     0    27     1    14
 -2.3330342912214728E+00 a       405     0    27     1    15
 -3.8590297701032789E-01 a       406     0    28     1     1
 -1.0257654795689062E+00 a       407     0    28     1     2
  4.9594328066357729E+00 a       408     0    28     1     3
  5.1064464697235010E+00 a       409     0    28     1     4
 -2.8063289591915872E+00 a       410     0    28     1     5
 -3.8116510723484613E+00 a       411     0    28     1     6
  1.0529850673414392E+01 a       412     0    28     1     7
 -1.6204738383537609E+00 a       413     0    28     1     8
 -5.1594679585074630E+00 a       414     0    28     1     9
  1.3626082680928555E+01 a       415     0    28     1    10
  6.1733384924170878E+00 a       416     0    28     1    11
  3.8256214766929486E-01 a       417     0    28     1    12
 -3.0884573598199953E-02 a       418     0    28     1    13
  4.4394691313020660E+00 a       419     0    28     1    14
  3.8819954781730193E+00 a       420     0    28     1    15
  1.8659711599967990E+00 a       421     0    29     1     1
  1.5299284765057841E+00 a       422     0    29     1     2
  1.5053419701824295E+00 a       423     0    29     1     3
 -8.7945036444502334E-01 a       424     0    29     1     4
 -1.8907274432068044E+00 a       425     0    29     1     5
 -5.7910718944454285E+00 a       426     0    29     1     6
 -4.2302700617552441E-01 a       427     0    29     1     7
 -1.5129494634717751E+00 a       428     0    29     1     8
 -1.4715179501877673E+00 a       429     0    29     1     9
  4.5314291000975793E+00 a       430     0    29     1    10
  3.7694678595711281E-02 a       431     0    29     1    11
 -2.1513703514079747E+00 a       432     0    29     1    12
  2.3808304573365371E+00 a       433     0    29     1    13
  1.1816138782736088E+00 a       434     0    29     1    14
  1.1753850363192859E+00 a       435     0    29     1    15
 -1.0772066145019908E-01 a       436     0    30     1     1
 -3.0803747692523759E-01 a       437     0    30     1     2
  2.9452524687292043E+00 a       438     0    30     1     3
 -1.3379387815122032E+00 a       439     0    30     1     4
 -2.1705732012312353E+00 a       440     0    30     1     5
  7.4090353163324355E-03 a       441     0    30     1     6
  5.8237774101257334E-01 a       442     0    30     1     7
  2.4141445447692814E-01 a       443     0    30     1     8
 -1.1053892056710362E+00 a       444     0    30     1     9
  3.7046592083411176E+00 a       445     0    30     1    10
  1.6009890219262966E+00 a       446     0    30     1    11
 -4.1437497929087885E-01 a       447     0    30     1    12
 -3.5707379484121318E+00 a       448     0    30     1    13
  8.5412110273359509E-01 a       449     0    30     1    14
 -1.3237762344501176E+00 a       450     0    30     1    15
 -6.2349599274739342E-01 a       451     0    31     1     1
  7.1767107766339722E-01 a       452     0    31     1     2
  3.5418955797279579E+00 a       453     0    31     1     3
 -5.0666356625420308E+00 a       454     0    31     1     4
  4.8220087016820073E-01 a       455     0    31     1     5
  3.8629313552381950E+00 a       456     0    31     1     6
 -4.6399773326494094E+00 a       457     0    31     1     7
 -1.2176995008295717E+00 a       458     0    31     1     8
  6.2043272989591109E+00 a       459     0    31     1     9
 -4.6827244488562902E+00 a       460     0    31     1    10
 -3.4469180660183354E+00 a       461     0    31     1    11
  7.8326955053313196E-01 a       462     0    31     1    12
  1.6450153196383941E+00 a       463     0    31     1    13
 -2.6313071996818080E+00 a       464     0    31     1    14
  4.5280859844284754E-01 a       465     0    31     1    15
 -1.3287180108708845E+00 a       466     0    32     1     1
 -2.0142617191302010E+00 a       467     0    32     1     2
  2.7065966584453482E+00 a       468     0    32     1     3
 -3.7129723726216013E+00 a       469     0    32     1     4
  1.1706691556713211E+00 a       470     0    32     1     5
 -1.2597662730572121E-01 a       471     0    32     1     6
  1.3193485036739210E+00 a       472     0    32     1     7
  4.2544317210331833E-01 a       473     0    32     1     8
  2.5755298399050601E+00 a       474     0    32     1     9
  2.3700808422758121E-01 a       475     0    32     1    10
  7.5228150400617966E-01 a       476     0    32     1    11
  2.0241677566621341E+00 a       477     0    32     1    12
  1.5271403124316032E+00 a       478     0    32     1    13
  1.8945072460002998E+00 a       479     0    32     1    14
 -4.1749806217053542E-01 a       480     0    32     1    15
  7.7820770559259345E-02 a       481     0    33     1     1
  4.2990165648420176E-01 a       482     0    33     1     2
  4.1503403011001289E-01 a       483     0    33     1     3
  2.2888747860762830E+00 a       484     0    33     1     4
 -1.1935937028310108E+00 a       485     0    33     1     5
 -1.1733899761942705E-01 a       486     0    33     1     6
  1.3332535531193476E-01 a       487     0    33     1     7
 -9.0509648144982274E-02 a       488     0    33     1     8
 -8.5674027024044730E-01 a       489     0    33     1     9
 -2.5331013573013289E-01 a       490     0    33     1    10
  5.7818812299037825E-01 a       491     0    33     1    11
 -1.0119887896315026E-01 a       492     0    33     1    12
 -5.2670043896075447E-01 a       493     0    33     1    13
  1.3185093483218771E-02 a       494     0    33     1    14
 -1.3534214630687937E+00 a       495     0    33     1    15
  5.5376503532107310E-02 a       496     0    34     1     1
 -2.1888367270184311E-02 a       497     0    34     1     2
 -8.9760160936224034E-02 a       498     0    34     1     3
 -6.4782613711689829E-01 a       499     0    34     1     4
 -3.1708956285252587E-01 a       500     0    34     1     5
 -3.5670616686327117E-01 a       501     0    34     1     6
  5.7260706195594209E-02 a       502     0    34     1     7
  6.9802277591404283E-02 a       503     0    34     1     8
  5.6411356820022518E-01 a       504     0    34     1     9
  5.6292934199824596E-01 a       505     0    34     1    10
  3.6409380656114892E-01 a       506     0    34     1    11
 -5.8481757705486448E-01 a       507     0    34     1    12
 -9.5929821455309106E-01 a       508     0    34     1    13
  6.7477492619979818E-01 a       509     0    34     1    14
 -1.6603485292356379E-01 a       510     0    34     1    15
 -3.9214699950705846E-02 a       511     0    35     1     1
 -2.1618691798047068E-01 a       512     0    35     1     2
 -2.1662422699177281E-01 a       513     0    35     1     3
 -8.5996109913027663E-01 a       514     0    35     1     4
  9.6626288323948273E-01 a       515     0    35     1     5
 -9.8879675618924898E-02 a       516     0    35     1     6
  7.3940656977773023E-02 a       517     0    35     1     7
 -4.1073494162496865E-02 a       518     0    35     1     8
  6.6315812460849444E-01 a       519     0    35     1     9
  1.1421797970349856E+00 a       520     0    35     1    10
 -4.8202048758822558E-01 a       521     0    35     1    11
 -2.5585634792576077E-02 a       522     0    35     1    12
 -1.8007570137896503E-01 a       523     0    35     1    13
 -1.0108980165713783E+00 a       524     0    35     1    14
  6.1736397867486870E-01 a       525     0    35     1    15
  1.7105842087434175E+00 a       526     0    36     1     1
  7.4660386489733643E-01 a       527     0    36     1     2
  3.6804984250966060E+00 a       528     0    36     1     3
  1.1725973179929212E+00 a       529     0    36     1     4
  5.0001971396579163E+00 a       530     0    36     1     5
 -8.5260377280291522E+00 a       531     0    36     1     6
  3.0823074149882603E+00 a       532     0    36     1     7
  2.2162148324798165E+00 a       533     0    36     1     8
  6.6024130405049872E+00 a       534     0    36     1     9
  4.6632330559020350E+00 a       535     0    36     1    10
  4.6782031473410868E+00 a       536     0    36     1    11
 -1.5671034795083023E+00 a       537     0    36     1    12
 -1.2829546587297085E+00 a       538     0    36     1    13
  1.3506273064737422E+00 a       539     0    36     1    14
  2.0853474031239624E-01 a       540     0    36     1    15
  9.3093226153694897E-01 a       541     0    37     1     1
  1.1087052695906825E+00 a       542     0    37     1     2
 -2.6309419589127203E+00 a       543     0    37     1     3
 -4.5089133353592770E+00 a       544     0    37     1     4
 -1.1354727664531949E+00 a       545     0    37     1     5
  2.9565914212782523E+00 a       546     0    37     1     6
 -4.7217283555479952E+00 a       547     0    37     1     7
 -2.0350723573172687E+00 a       548     0    37     1     8
 -3.8201720198839504E+00 a       549     0    37     1     9
 -4.0038112934635117E-01 a       550     0    37     1    10
 -1.5370149924783352E+00 a       551     0    37     1    11
  8.0500982727263848E-01 a       552     0    37     1    12
 -4.4884621437719108E-01 a       553     0    37     1    13
 -3.9442551732910203E+00 a       554     0    37     1    14
  6.2347571257542285E+00 a       555     0    37     1    15
  6.9984180202318469E-01 a       556     0    38     1     1
 -5.6363478338501585E+00 a       557     0    38     1     2
 -1.7145383343510368E+00 a       558     0    38     1     3
  2.8445046758378734E+00 a       559     0    38     1     4
  1.3167918875606111E+00 a       560     0    38     1     5
 -5.4243912866298309E+00 a       561     0    38     1     6
 -8.7125137221895332E-01 a       562     0    38     1     7
  3.5257575909363634E+00 a       563     0    38     1     8
  4.8775479422566042E+00 a       564     0    38     1     9
  1.8355340114503664E+00 a       565     0    38     1    10
 -8.4765226291005824E+00 a       566     0    38     1    11
 -3.8771140498837071E+00 a       567     0    38     1    12
 -5.0980741419587030E+00 a       568     0    38     1    13
  9.6310689418286533E-01 a       569     0    38     1    14
  4.6752137174607700E-01 a       570     0    38     1    15
 -6.0884013352577881E-01 a       571     0    39     1     1
  2.2190917858195984E+00 a       572     0    39     1     2
 -3.4524942372973566E+00 a       573     0    39     1     3
  2.6585332639505226E+00 a       574     0    39     1     4
 -4.9935910425681911E+00 a       575     0    39     1     5
 -3.6067983188132016E+00 a       576     0    39     1     6
 -3.4843107130889046E+00 a       577     0    39     1     7
 -3.1325939472594411E+00 a       578     0    39     1     8
  1.9758358695590503E+00 a       579     0    39     1     9
 -9.5295266218768060E-01 a       580     0    39     1    10
 -7.0441456191012786E-01 a       581     0    39     1    11
 -2.4270874199750958E+00 a       582     0    39     1    12
 -6.8011350453226767E+00 a       583     0    39     1    13
  2.7906816775628114E+00 a       584     0    39     1    14
 -4.7162738301876123E-01 a       585     0    39     1    15
 -2.8389573526756542E+00 a       586     0    40     1     1
 -3.9852289334840645E+00 a       587     0    40     1     2
 -3.3926748171819940E+00 a       588     0    40     1     3
  3.2805662399922411E+00 a       589     0    40     1     4
 -2.9182432769449340E+00 a       590     0    40     1     5
 -2.7175874749433104E+00 a       591     0    40     1     6
  2.7471146538863263E+00 a       592     0    40     1     7
  3.7746649348751466E+00 a       593     0    40     1     8
  2.8370051945986687E+00 a       594     0    40     1     9
 -1.8558346491626767E+00 a       595     0    40     1    10
  1.0477882640497769E+00 a       596     0    40     1    11
  5.1668696800601566E-01 a       597     0    40     1    12
 -3.9898057196597841E-01 a       598     0    40     1    13
  7.4505317657204380E+00 a       599     0    40     1    14
 -3.9926638859792658E+00 a       600     0    40     1    15
  1.0526641440890654E+00 a       601     0    41     1     1
  4.3307555855173705E+00 a       602     0    41     1     2
  2.9320316973963156E+00 a       603     0    41     1     3
 -1.3617772078502560E+01 a       604     0    41     1     4
 -8.8998772191177125E+00 a       605     0    41     1     5
  7.7252166478459383E+00 a       606     0    41     1     6
 -5.7121270373521393E-01 a       607     0    41     1     7
  4.0407566797266294E-02 a       608     0    41     1     8
  1.0842261110258877E+00 a       609     0    41     1     9
  4.8638401337105295E+00 a       610     0    41     1    10
  4.4716151117180862E+00 a       611     0    41     1    11
 -7.3748088602076922E-01 a       612     0    41     1    12
  1.3096057105278447E+01 a       613     0    41     1    13
  4.8699226493231151E+00 a       614     0    41     1    14
 -3.1002230355298450E+00 a       615     0    41     1    15
 -7.7703369638019915E-01 a       616     0    42     1     1
 -4.6028584323173201E-02 a       617     0    42     1     2
  3.5421408738073734E+00 a       618     0    42     1     3
 -6.1939830742160784E-01 a       619     0    42     1     4
 -2.1937952967984198E+00 a       620     0    42     1     5
  6.3367585592750941E-01 a       621     0    42     1     6
  6.7283150239446879E-02 a       622     0    42     1     7
 -1.0888958440308776E+00 a       623     0    42     1     8
 -2.2046474460958168E+00 a       624     0    42     1     9
 -7.3138407546094886E-01 a       625     0    42     1    10
 -1.9336044745591219E+00 a       626     0    42     1    11
  1.3153221672095488E+00 a       627     0    42     1    12
 -1.2398224164423530E+00 a       628     0    42     1    13
 -4.2770512077154850E+00 a       629     0    42     1    14
 -3.3960205087903454E+00 a       630     0    42     1    15
  6.9170014226543186E-01 a       631     0    43     1     1
 -1.1953771046656876E-02 a       632     0    43     1     2
 -1.8241658879557130E+00 a       633     0    43     1     3
  2.2048206913213764E+00 a       634     0    43     1     4
  1.7042564410686711E+00 a       635     0    43     1     5
 -1.4494630660675163E+00 a       636     0    43     1     6
  3.2874162686464303E+00 a       637     0    43     1     7
  6.0644873838873370E-01 a       638     0    43     1     8
  3.2085798905574370E+00 a       639     0    43     1     9
  4.5009837392205287E-01 a       640     0    43     1    10
 -1.1737811828652747E-01 a       641     0    43     1    11
  1.3612111819671149E+00 a       642     0    43     1    12
  1.9738141648294740E+00 a       643     0    43     1    13
 -6.8081009698838557E-01 a       644     0    43     1    14
 -4.2047262904584874E+00 a       645     0    43     1    15
 -5.0868592214935637E-01 a       646     0    44     1     1
  6.4876426732313219E-01 a       647     0    44     1     2
  1.2448809925604637E-01 a       648     0    44     1     3
 -2.4046294754604398E+00 a       649     0    44     1     4
 -4.9975566561634283E-01 a       650     0    44     1     5
  3.0998515006821203E+00 a       651     0    44     1     6
 -3.9623919473881197E+00 a       652     0    44     1     7
  2.8434732712143168E-01 a       653     0    44     1     8
 -1.7641826287235693E+00 a       654     0    44     1     9
  5.9589410006866783E-01 a       655     0    44     1    10
 -1.2756542668787008E+00 a       656     0    44     1    11
 -2.9402915590831552E-01 a       657     0    44     1    12
 -1.2229514355794113E-01 a       658     0    44     1    13
 -7.7301693320941718E+00 a       659     0    44     1    14
  2.7425293685812502E+00 a       660     0    44     1    15
 -1.3175859680303723E+00 a       661     0    45     1     1
 -1.6063247366938775E+00 a       662     0    45     1     2
  1.8281279156356747E+00 a       663     0    45     1     3
 -3.2791706724731626E+00 a       664     0    45     1     4
  3.8890093302607970E-01 a       665     0    45     1     5
  5.0311962618739425E+00 a       666     0    45     1     6
  3.0550974207270838E+00 a       667     0    45     1     7
  3.3779699585881945E-01 a       668     0    45     1     8
 -1.3775316857040920E+00 a       669     0    45     1     9
  1.4999499058048593E+00 a       670     0    45     1    10
 -6.6671439816663869E-01 a       671     0    45     1    11
  2.2741728552310430E+00 a       672     0    45     1    12
  6.7997383580354116E+00 a       673     0    45     1    13
  1.0465532273351539E+00 a       674     0    45     1    14
 -2.3849441429804114E-01 a       675     0    45     1    15
  1.8722735170412350E+00 a       676     0    46     1     1
  1.5266011663396082E+00 a       677     0    46     1     2
  5.7531210002660931E+00 a       678     0    46     1     3
 -1.5323347118370703E+00 a       679     0    46     1     4
 -4.2503655549010128E-01 a       680     0    46     1     5
  2.5072421578200994E+00 a       681     0    46     1     6
  3.6997345559291110E+00 a       682     0    46     1     7
 -2.5049431459649769E+00 a       683     0    46     1     8
  5.9784502448293564E+00 a       684     0    46     1     9
  9.8743017983820458E+00 a       685     0    46     1    10
  6.7250078235296085E-01 a       686     0    46     1    11
 -4.6423228488608581E-01 a       687     0    46     1    12
  3.1612101210327773E-02 a       688     0    46     1    13
 -3.5564179310840807E+00 a       689     0    46     1    14
  2.0162572654805708E+00 a       690     0    46     1    15
 -2.1763544359874256E+00 a       691     0    47     1     1
 -1.2925111436502090E+00 a       692     0    47     1     2
  1.8388008418842200E-01 a       693     0    47     1     3
 -1.3772041829227886E+00 a       694     0    47     1     4
  1.8513570939708992E+00 a       695     0    47     1     5
  2.1801127730972447E+00 a       696     0    47     1     6
 -1.0610131947330776E+00 a       697     0    47     1     7
 -6.0561268492562270E-01 a       698     0    47     1     8
  3.1721578866564104E+00 a       699     0    47     1     9
 -1.6906503147964318E+00 a       700     0    47     1    10
 -2.1064217597690726E+00 a       701     0    47     1    11
  1.6599965353332526E+00 a       702     0    47     1    12
  2.2770780165524185E+00 a       703     0    47     1    13
  4.9856024094154155E-01 a       704     0    47     1    14
  2.5588540717586827E+00 a       705     0    47     1    15
 -1.7477204136568789E+00 a       706     0    48     1     1
 -1.0832632226148282E+00 a       707     0    48     1     2
 -1.4038912875677174E+00 a       708     0    48     1     3
 -1.1831478135421039E+00 a       709     0    48     1     4
 -5.2926392265812208E+00 a       710     0    48     1     5
  5.6707684247827244E+00 a       711     0    48     1     6
 -2.4500829308917513E+00 a       712     0    48     1     7
 -2.2310803145550304E+00 a       713     0    48     1     8
 -3.5917704652372424E+00 a       714     0    48     1     9
 -3.7581963779108736E+00 a       715     0    48     1    10
 -3.8014381116602500E+00 a       716     0    48     1    11
  1.7038400673943590E+00 a       717     0    48     1    12
  1.6857446965460676E+00 a       718     0    48     1    13
 -1.1647257962697837E+00 a       719     0    48     1    14
 -7.1498571731680327E-01 a       720     0    48     1    15
 -1.1922705849286670E+00 a       721     0    49     1     1
 -1.4547936373748971E+00 a       722     0    49     1     2
  4.9904445926251464E+00 a       723     0    49     1     3
  7.3434923961921550E+00 a       724     0    49     1     4
  1.4813362765314413E+00 a       725     0    49     1     5
 -4.5522724536212333E+00 a       726     0    49     1     6
  4.0328820909501601E+00 a       727     0    49     1     7
  2.3908218300461637E+00 a       728     0    49     1     8
  3.2080788884580080E-01 a       729     0    49     1     9
 -1.0896943156471646E+00 a       730     0    49     1    10
  1.9389538770858212E+00 a       731     0    49     1    11
 -1.3187466442726226E+00 a       732     0    49     1    12
  3.6000797615604130E-01 a       733     0    49     1    13
  4.7939544034868486E+00 a       734     0    49     1    14
 -4.6314009319025056E+00 a       735     0    49     1    15
 -1.0269650226536917E+00 a       736     0    50     1     1
  6.5899593581508702E+00 a       737     0    50     1     2
  3.9822559123517545E+00 a       738     0    50     1     3
 -3.5221512929823051E+00 a       739     0    50     1     4
  1.1584605913793169E+00 a       740     0    50     1     5
  5.0230759262516500E+00 a       741     0    50     1     6
 -6.7929918665036493E-01 a       742     0    50     1     7
 -4.7363639938300901E+00 a       743     0    50     1     8
 -8.1986650593907413E+00 a       744     0    50     1     9
 -8.6951827298274575E-01 a       745     0    50     1    10
  9.8156852550299103E+00 a       746     0    50     1    11
  5.3248304522261556E+00 a       747     0    50     1    12
  4.0101364445361174E+00 a       748     0    50     1    13
  4.5259729275750768E-02 a       749     0    50     1    14
 -3.6158063239466949E+00 a       750     0    50     1    15
  6.2322944985029083E-01 a       751     0    51     1     1
 -1.7960287538064423E+00 a       752     0    51     1     2
  1.1902019059875275E+00 a       753     0    51     1     3
 -3.4963963885637410E+00 a       754     0    51     1     4
  4.7419601444735830E+00 a       755     0    51     1     5
  6.2820577328435556E+00 a       756     0    51     1     6
  2.3488516070997392E+00 a       757     0    51     1     7
  2.9022732940638276E+00 a       758     0    51     1     8
 -4.6808789883064339E+00 a       759     0    51     1     9
  1.5234531227193862E+00 a       760     0    51     1    10
  5.4458795246017089E-01 a       761     0    51     1    11
  6.7704363176723015E-01 a       762     0    51     1    12
  2.6845288743068170E+00 a       763     0    51     1    13
 -2.4315886489033964E+00 a       764     0    51     1    14
  8.7710876645255387E-01 a       765     0    51     1    15
  3.8355860236428794E+00 a       766     0    52     1     1
  4.9598688461752785E+00 a       767     0    52     1     2
 -1.5248435190663057E-01 a       768     0    52     1     3
 -7.6852018123772536E+00 a       769     0    52     1     4
  3.3902343476462264E+00 a       770     0    52     1     5
  9.5774494014160683E-01 a       771     0    52     1     6
 -3.1101747036379961E+00 a       772     0    52     1     7
 -4.2304617788793264E+00 a       773     0    52     1     8
 -2.4092187747381946E+00 a       774     0    52     1     9
 -1.5115466130822228E-01 a       775     0    52     1    10
 -1.0377048381363616E+00 a       776     0    52     1    11
 -3.4834809323452703E-01 a       777     0    52     1    12
 -2.1403984739891846E+00 a       778     0    52     1    13
 -6.8087284368292877E+00 a       779     0    52     1    14
  4.2757863547627082E+00 a       780     0    52     1    15
 -7.3362134267124524E-01 a       781     0    53     1     1
 -5.2411038991888148E+00 a       782     0    53     1     2
 -1.0648607560936483E+00 a       783     0    53     1     3
  1.8732509828343861E+01 a       784     0    53     1     4
  1.4635564831595522E+01 a       785     0    53     1     5
 -1.0676001123276526E+01 a       786     0    53     1     6
  1.0033395155899596E+00 a       787     0    53     1     7
 -7.5047450169218294E-02 a       788     0    53     1     8
 -1.6502754713754935E+00 a       789     0    53     1     9
 -1.0816076679176856E+01 a       790     0    53     1    10
 -3.3716880670734550E+00 a       791     0    53     1    11
  1.9106199095806893E+00 a       792     0    53     1    12
 -1.4805957749227845E+01 a       793     0    53     1    13
 -4.1802044021921141E+00 a       794     0    53     1    14
  3.3285311102401201E+00 a       795     0    53     1    15
  8.9817731869510931E-01 a       796     0    54     1     1
  1.8802858928783669E-01 a       797     0    54     1     2
 -3.8408147232368859E+00 a       798     0    54     1     3
  1.0658601631401219E+00 a       799     0    54     1     4
  2.4825217963398525E+00 a       800     0    54     1     5
 -2.5648926771497809E-02 a       801     0    54     1     6
 -1.8915500210992406E-02 a       802     0    54     1     7
  1.0848339030400391E+00 a       803     0    54     1     8
  7.6386779122449922E-01 a       804     0    54     1     9
  5.8448542677280257E-01 a       805     0    54     1    10
  1.5941454330983387E+00 a       806     0    54     1    11
 -1.1775232760489707E+00 a       807     0    54     1    12
  1.2867996123374739E+00 a       808     0    54     1    13
  4.4008193370776603E+00 a       809     0    54     1    14
  3.0126676271090540E+00 a       810     0    54     1    15
 -7.0499389198114659E-01 a       811     0    55     1     1
  8.9879673299053664E-02 a       812     0    55     1     2
  9.8369005020431144E-01 a       813     0    55     1     3
 -2.6910831762767500E+00 a       814     0    55     1     4
 -1.8171275513735714E+00 a       815     0    55     1     5
  1.2319352617261785E+00 a       816     0    55     1     6
 -2.9448698773512119E+00 a       817     0    55     1     7
 -6.8784053376711263E-01 a       818     0    55     1     8
 -2.6978163776674386E+00 a       819     0    55     1     9
  3.4795687666383684E-01 a       820     0    55     1    10
  4.7479906487867797E-02 a       821     0    55     1    11
 -1.1230202201696375E+00 a       822     0    55     1    12
 -2.0805282486323504E+00 a       823     0    55     1    13
  3.2495345542819415E-01 a       824     0    55     1    14
  3.5922770765150545E+00 a       825     0    55     1    15
  3.9668948581076441E-01 a       826     0    56     1     1
 -8.5711718000504289E-01 a       827     0    56     1     2
 -9.4962614261747824E-01 a       828     0    56     1     3
  2.2784965615777595E+00 a       829     0    56     1     4
  4.8251294578393578E-01 a       830     0    56     1     5
 -2.7822022958376795E+00 a       831     0    56     1     6
  4.0722096339863247E+00 a       832     0    56     1     7
 -1.2381090514613274E-01 a       833     0    56     1     8
  2.5552320593443922E+00 a       834     0    56     1     9
 -3.8433190043331866E-01 a       835     0    56     1    10
  1.4143405277110701E+00 a       836     0    56     1    11
  8.8101954535167185E-02 a       837     0    56     1    12
 -1.3302629872387745E-01 a       838     0    56     1    13
  7.1518516842181086E+00 a       839     0    56     1    14
 -2.2679426343860372E+00 a       840     0    56     1    15
  1.3469199172762376E+00 a       841     0    57     1     1
  1.0615722781691277E+00 a       842     0    57     1     2
 -1.8301966108771208E+00 a       843     0    57     1     3
  6.0082477797266227E+00 a       844     0    57     1     4
  9.5800583116055948E-01 a       845     0    57     1     5
 -2.4780702635855127E+00 a       846     0    57     1     6
 -4.4589755101839188E+00 a       847     0    57     1     7
  7.6927015927910791E-01 a       848     0    57     1     8
  4.1330759550145961E+00 a       849     0    57     1     9
 -3.4597173508115850E+00 a       850     0    57     1    10
 -1.0657029699007163E+00 a       851     0    57     1    11
 -1.3038474884277478E+00 a       852     0    57     1    12
 -4.2160085705744779E+00 a       853     0    57     1    13
 -2.4818671721183478E+00 a       854     0    57     1    14
  9.7424364430984811E-01 a       855     0    57     1    15
 -1.1209247814702981E+00 a       856     0    58     1     1
 -1.5883889763016590E+00 a       857     0    58     1     2
 -5.0472965235937988E+00 a       858     0    58     1     3
  4.2889421145501139E+00 a       859     0    58     1     4
  1.1063710240211775E+00 a       860     0    58     1     5
 -1.8837342936599482E+00 a       861     0    58     1     6
 -1.9474362989968514E+00 a       862     0    58     1     7
  3.0354246331020960E+00 a       863     0    58     1     8
 -5.9887960876345128E+00 a       864     0    58     1     9
 -9.3319234960017994E+00 a       865     0    58     1    10
  2.8001515313723457E-01 a       866     0    58     1    11
  8.1384390989102018E-01 a       867     0    58     1    12
  4.6957831826391783E-01 a       868     0    58     1    13
  3.0561480683081976E+00 a       869     0    58     1    14
 -2.0221640781453631E+00 a       870     0    58     1    15
  1.6039260461410199E+00 a       871     0    59     1     1
  1.6348378577722185E+00 a       872     0    59     1     2
 -3.4361677959244824E-01 a       873     0    59     1     3
  1.9744922294629272E+00 a       874     0    59     1     4
 -1.5993372981428180E+00 a       875     0    59     1     5
 -7.5539689285207312E-01 a       876     0    59     1     6
  1.2123853797928745E+00 a       877     0    59     1     7
  3.1942727661162246E-01 a       878     0    59     1     8
 -4.7733550959484354E+00 a       879     0    59     1     9
  2.4802648829225031E+00 a       880     0    59     1    10
  1.7196474824137478E+00 a       881     0    59     1    11
 -2.3344965935991668E+00 a       882     0    59     1    12
 -1.3011334514107549E+00 a       883     0    59     1    13
  3.8381621895465096E-01 a       884     0    59     1    14
 -1.4981255475420676E+00 a       885     0    59     1    15
  2.5216993964604767E-01 a       886     0    60     1     1
  3.9626350591658765E-01 a       887     0    60     1     2
 -6.5794897614933567E-01 a       888     0    60     1     3
 -2.2153510488201777E+00 a       889     0    60     1     4
  9.5511739991539821E-02 a       890     0    60     1     5
  8.5415884655451624E-01 a       891     0    60     1     6
 -5.2969523934482665E-01 a       892     0    60     1     7
 -3.5236703074489212E-01 a       893     0    60     1     8
 -2.9825178594726104E-01 a       894     0    60     1     9
 -2.0913102759289082E-01 a       895     0    60     1    10
  5.8765176893641233E-02 a       896     0    60     1    11
  4.3855665353900547E-01 a       897     0    60     1    12
  3.8483343964084266E-01 a       898     0    60     1    13
 -1.3092387308302844E+00 a       899     0    60     1    14
  3.1404890502657468E-01 a       900     0    60     1    15
  6.2574411080456416E-01 a       901     0    61     1     1
 -2.6773966810148151E+00 a       902     0    61     1     2
  2.1937761013664363E+00 a       903     0    61     1     3
 -2.0764093804425951E-01 a       904     0    61     1     4
  1.9943152753516704E+00 a       905     0    61     1     5
  1.7385420222161718E-01 a       906     0    61     1     6
  2.0435923776806675E-01 a       907     0    61     1     7
  7.9668529725428583E-01 a       908     0    61     1     8
  1.8183266829184075E+00 a       909     0    61     1     9
  1.8662395561229668E+00 a       910     0    61     1    10
  3.0355901372715066E-01 a       911     0    61     1    11
  3.7019908120373918E-01 a       912     0    61     1    12
 -2.1437570981072183E+00 a       913     0    61     1    13
  1.5811247705185727E-01 a       914     0    61     1    14
  1.1824255360443683E+00 a       915     0    61     1    15
 -1.4209289236208852E-01 a       916     0    62     1     1
 -1.7730702408995994E-01 a       917     0    62     1     2
 -1.0315754818660074E+00 a       918     0    62     1     3
  3.5469493101258114E+00 a       919     0    62     1     4
  1.5084874681436662E+00 a       920     0    62     1     5
  1.1835022905954116E+00 a       921     0    62     1     6
  1.1779782748855458E-01 a       922     0    62     1     7
  1.3378427020190728E-01 a       923     0    62     1     8
 -5.2785252350343281E-01 a       924     0    62     1     9
 -3.8322965867477909E-01 a       925     0    62     1    10
 -1.2848789012302064E+00 a       926     0    62     1    11
  1.4491784082512396E+00 a       927     0    62     1    12
  1.5344027084344232E+00 a       928     0    62     1    13
 -2.4117633938749696E+00 a       929     0    62     1    14
 -1.0483078308476195E+00 a       930     0    62     1    15
 -8.7043690188059852E-01 a       931     0    63     1     1
 -7.7248312599775693E-01 a       932     0    63     1     2
  1.2554390984267736E+00 a       933     0    63     1     3
 -2.9815495197845707E+00 a       934     0    63     1     4
 -4.2747675498650047E-03 a       935     0    63     1     5
  3.3771217579182307E+00 a       936     0    63     1     6
  3.9229623324990348E-01 a       937     0    63     1     7
  4.8115837752771218E-01 a       938     0    63     1     8
 -1.5181891828576403E-02 a       939     0    63     1     9
 -1.8864654571840294E+00 a       940     0    63     1    10
  1.3737158566562215E+00 a       941     0    63     1    11
 -2.1969902492548268E-01 a       942     0    63     1    12
  4.7320311768240636E-01 a       943     0    63     1    13
  3.3706303973060949E+00 a       944     0    63     1    14
  1.4455791456413634E+00 a       945     0    63     1    15
  7.8986744185353105E-02 a       946     0    64     1     1
  4.2440418735083107E-01 a       947     0    64     1     2
 -1.4896691916843254E+00 a       948     0    64     1     3
  7.9616893726720261E-01 a       949     0    64     1     4
 -4.7508537553523106E-02 a       950     0    64     1     5
  6.7548266121660494E-01 a       951     0    64     1     6
 -3.8659703404041795E-01 a       952     0    64     1     7
  1.6046629325524253E-02 a       953     0    64     1     8
 -1.8395461347949318E-01 a       954     0    64     1     9
 -1.4638134461575132E+00 a       955     0    64     1    10
 -1.3142367564826399E-01 a       956     0    64     1    11
  1.0863218739413466E-01 a       957     0    64     1    12
  5.2695601224912569E-01 a       958     0    64     1    13
  6.1246118827383178E-01 a       959     0    64     1    14
 -4.6631048190578445E-03 a       960     0    64     1    15
  6.3874180714127249E-01 b       961     1     1
  2.3896210040546487E-01 b       962     1     2
 -2.5089357571853255E-01 b       963     1     3
 -2.4787052353804057E-01 b       964     1     4
  4.6025757953511377E+00 b       965     1     5
  4.6545789238688934E-01 b       966     1     6
  6.8820886638160916E-01 b       967     1     7
  4.9850479727930536E-01 b       968     1     8
  4.0467295107993601E-02 b       969     1     9
 -3.4566842553165711E-03 b       970     1    10
  1.7717605298786673E-01 b       971     1    11
 -1.0169408493953618E+00 b       972     1    12
 -3.9842545186275574E-01 b       973     1    13
 -3.2933157756112869E-01 b       974     1    14
  5.1116530868930055E-01 b       975     1    15
 -7.6204361974898860E-01 a       976     1     1     2     1
  6.3613251959479977E-01 a       977     1     1     2     2
 -7.3717402688516576E-01 a       978     1     1     2     3
 -3.3633801388589574E-01 a       979     1     1     2     4
 -1.5328817472987384E+00 a       980     1     1     2     5
 -4.5824988378457698E-01 a       981     1     1     2     6
 -9.3815996866003759E-01 a       982     1     1     2     7
 -1.2729467267874546E+00 a       983     1     1     2     8
  3.3305410349865944E-01 a       984     1     1     2     9
 -8.0464447573622100E-01 a       985     1     1     2    10
 -1.3426505439547378E+00 a       986     1     1     2    11
  1.3020287291141419E+00 a       987     1     1     2    12
 -1.0004314939781449E+00 a       988     1     1     2    13
 -3.9100177196846236E-01 a       989     1     1     2    14
 -2.2458458480424318E-01 a       990     1     1     2    15
  1.0783538204234362E+00 a       991     1     2     2     1
  1.0254700428748647E+00 a       992     1     2     2     2
 -2.8837817319894671E-01 a       993     1     2     2     3
 -1.1149732754417423E+00 a       994     1     2     2     4
 -1.2474870944435392E+00 a       995     1     2     2     5
  3.3690176978776537E-01 a       996     1     2     2     6
 -1.1388895202859273E+00 a       997     1     2     2     7
  1.3218952735833406E-01 a       998     1     2     2     8
  1.1052834700236414E+00 a       999     1     2     2     9
 -1.3697251987292167E+00 a      1000     1     2     2    10
 -7.4127992548258193E-01 a      1001     1     2     2    11
  2.2966085277792341E+00 a      1002     1     2     2    12
 -2.3419612268185361E-01 a      1003     1     2     2    13
  6.0882755507682691E-02 a      1004     1     2     2    14
  1.8611894520122604E-01 a      1005     1     2     2    15
  1.1847459078101047E-01 a      1006     1     3     2     1
  5.8384792787394613E-01 a      1007     1     3     2     2
 -5.1762623929150242E-01 a      1008     1     3     2     3
 -1.8519632632452487E-01 a      1009     1     3     2     4
  4.1942814141626711E-01 a      1010     1     3     2     5
 -4.1292959639516363E-01 a      1011     1     3     2     6
 -3.8253806413521912E-02 a      1012     1     3     2     7
  1.9634388609023654E-02 a      1013     1     3     2     8
 -8.8158111132667649E-01 a      1014     1     3     2     9
  1.3104317129132350E+00 a      1015     1     3     2    10
  3.9089070544962928E-01 a      1016     1     3     2    11
  4.6040114583948144E-01 a      1017     1     3     2    12
 -6.1414011943141091E-02 a      1018     1     3     2    13
 -1.9023310434848134E-01 a      1019     1     3     2    14
 -4.5613655014933896E-01 a      1020     1     3     2    15
 -1.1267572114980580E-01 a      1021     1     4     2     1
  4.0682591620442782E-01 a      1022     1     4     2     2
  7.0021682757981740E-01 a      1023     1     4     2     3
  7.2391331151443097E-02 a      1024     1     4     2     4
 -4.5646364815772761E-01 a      1025     1     4     2     5
 -3.9821881534650955E-01 a      1026     1     4     2     6
 -5.5247843139259213E-02 a      1027     1     4     2     7
 -3.2009538725224568E-01 a      1028     1     4     2     8
 -2.3417550943674018E-01 a      1029     1     4     2     9
  1.4734819999342977E-01 a      1030     1     4     2    10
  9.5363571587283436E-01 a      1031     1     4     2    11
  5.4929435434659113E-01 a      1032     1     4     2    12
  9.5794572344312906E-02 a      1033     1     4     2    13
  3.7789078515653302E-01 a      1034     1     4     2    14
 -2.2585274027141894E-01 a      1035     1     4     2    15
 -2.4506093023145811E-02 a      1036     1     5     2     1
  7.0735088013493419E-01 a      1037     1     5     2     2
  3.3472851940812476E-01 a      1038     1     5     2     3
  4.7106010478116367E-01 a      1039     1     5     2     4
  7.6660507762998131E-01 a      1040     1     5     2     5
  1.3669214606741129E+00 a      1041     1     5     2     6
  2.7886107020529478E-02 a      1042     1     5     2     7
  3.8040751870438572E-01 a      1043     1     5     2     8
  1.7332995694290754E-01 a      1044     1     5     2     9
  7.8855530054114154E-01 a      1045     1     5     2    10
 -2.1201712889286295E-01 a      1046     1     5     2    11
 -3.0158206767070345E-01 a      1047     1     5     2    12
  4.2674465972887876E-01 a      1048     1     5     2    13
 -7.1564576172506467E-01 a      1049     1     5     2    14
 -5.6749420669119344E-01 a      1050     1     5     2    15
 -2.3711934218270125E-01 a      1051     1     6     2     1
 -5.5043462551751676E-01 a      1052     1     6     2     2
  4.3186271031138113E-01 a      1053     1     6     2     3
 -1.6679397684179334E-01 a      1054     1     6     2     4
 -3.3934552230946469E-01 a      1055     1     6     2     5
 -2.0791656718758927E-01 a      1056     1     6     2     6
 -2.2301350292281594E-01 a      1057     1     6     2     7
  6.4123582674754645E-03 a      1058     1     6     2     8
 -1.1679224890566118E+00 a      1059     1     6     2     9
 -2.6111805888627815E-01 a      1060     1     6     2    10
  4.7138623087195727E-02 a      1061     1     6     2    11
  1.5833793240030736E-01 a      1062     1     6     2    12
 -2.4509743762613681E-01 a      1063     1     6     2    13
  7.3879102016834008E-01 a      1064     1     6     2    14
 -1.2646696280775098E+00 a      1065     1     6     2    15
 -9.2825449971072227E-01 a      1066     1     7     2     1
 -1.0651057515648483E+00 a      1067     1     7     2     2
  7.2694517756781307E-01 a      1068     1     7     2     3
 -6.8095518303105262E-01 a      1069     1     7     2     4
 -4.0772752775096577E-01 a      1070     1     7     2     5
 -3.3393121972168172E-01 a      1071     1     7     2     6
 -9.8704685395059777E-02 a      1072     1     7     2     7
 -1.5403565058742652E-02 a      1073     1     7     2     8
  2.5259389663649157E-01 a      1074     1     7     2     9
 -1.7185137919184779E-01 a      1075     1     7     2    10
  2.0611505555752938E+00 a      1076     1     7     2    11
 -8.4288781108557809E-02 a      1077     1     7     2    12
 -3.0627855044944017E-03 a      1078     1     7     2    13
  8.8648739060177195E-01 a      1079     1     7     2    14
  6.9939816881199685E-02 a      1080     1     7     2    15
 -2.7876404535030297E-01 a      1081     1     8     2     1
 -3.8112500389398402E-01 a      1082     1     8     2     2
 -6.4445510481485224E-01 a      1083     1     8     2     3
 -1.0078359377935675E+00 a      1084     1     8     2     4
 -3.9261386375635648E-01 a      1085     1     8     2     5
  3.7156858742862475E-01 a      1086     1     8     2     6
 -9.2567787906838295E-01 a      1087     1     8     2     7
 -2.4328646267765839E+00 a      1088     1     8     2     8
 -4.4714430288217677E-01 a      1089     1     8     2     9
 -1.7210448680934325E+00 a      1090     1     8     2    10
  4.5472987080927157E-01 a      1091     1     8     2    11
  2.1776776565163423E+00 a      1092     1     8     2    12
 -3.3886767137818541E-01 a      1093     1     8     2    13
  9.2314312128041354E-01 a      1094     1     8     2    14
  7.9300276298717376E-01 a      1095     1     8     2    15
  8.7088788764488234E-01 a      1096     1     9     2     1
  9.6960434125343531E-01 a      1097     1     9     2     2
 -1.1791928639066221E-01 a      1098     1     9     2     3
  2.0721327064661424E-01 a      1099     1     9     2     4
  1.0036198364701446E-01 a      1100     1     9     2     5
  2.7350972589751027E-01 a      1101     1     9     2     6
 -1.7881398096409953E-02 a      1102     1     9     2     7
 -5.4618863658177741E-01 a      1103     1     9     2     8
 -1.8215769342038446E-01 a      1104     1     9     2     9
  3.4825134651831363E-01 a      1105     1     9     2    10
 -3.7044734855885675E-01 a      1106     1     9     2    11
  5.9068421259737314E-01 a      1107     1     9     2    12
 -2.2247822295706934E-01 a      1108     1     9     2    13
 -9.6974612977944755E-02 a      1109     1     9     2    14
 -6.2851740452878402E-01 a      1110     1     9     2    15
 -1.8257411786936384E-01 a      1111     1    10     2     1
 -2.5707632128115154E-01 a      1112     1    10     2     2
  8.5224782938088284E-01 a      1113     1    10     2     3
  1.6874927842066736E-01 a      1114     1    10     2     4
  6.2579964026003032E-01 a      1115     1    10     2     5
  6.0940964381763363E-01 a      1116     1    10     2     6
  1.0485438010393766E-01 a      1117     1    10     2     7
 -9.3532352614068159E-01 a      1118     1    10     2     8
  5.0018871481837823E-01 a      1119     1    10     2     9
 -3.8654618554712555E-02 a      1120     1    10     2    10
 -6.5708677418206418E-01 a      1121     1    10     2    11
  1.1203111108124946E+00 a      1122     1    10     2    12
  3.6885702523779906E-01 a      1123     1    10     2    13
 -1.9094237372534065E-01 a      1124     1    10     2    14
 -1.4719040325119989E-01 a      1125     1    10     2    15
 -4.2581703198656790E-01 a      1126     1    11     2     1
  1.6285051139963751E-02 a      1127     1    11     2     2
 -4.4806900688550694E-01 a      1128     1    11     2     3
  7.2931061346964432E-01 a      1129     1    11     2     4
  3.1922633043146403E-01 a      1130     1    11     2     5
  7.4517941149290823E-01 a      1131     1    11     2     6
 -1.7361025790160525E-01 a      1132     1    11     2     7
 -2.8010693322366392E-01 a      1133     1    11     2     8
 -3.9299457790893322E-01 a      1134     1    11     2     9
  1.4062173179795332E+00 a      1135     1    11     2    10
 -2.8337834309420771E+00 a      1136     1    11     2    11
  7.8206713517949189E-01 a      1137     1    11     2    12
  1.0724700604283623E+00 a      1138     1    11     2    13
 -3.9786008473940310E-01 a      1139     1    11     2    14
  9.6738557890673416E-01 a      1140     1    11     2    15
 -1.5233501091622146E+00 a      1141     1    12     2     1
  4.0784120244969246E-01 a      1142     1    12     2     2
  4.9991272753437027E-01 a      1143     1    12     2     3
 -1.0648089496039125E-01 a      1144     1    12     2     4
  8.7755608227452042E-01 a      1145     1    12     2     5
  6.5119644065754456E-01 a      1146     1    12     2     6
 -1.8175348549803069E-02 a      1147     1    12     2     7
  1.9109729178160391E+00 a      1148     1    12     2     8
 -3.3297303777402765E-01 a      1149     1    12     2     9
 -6.9336032478323806E-01 a      1150     1    12     2    10
  6.9719098566300142E-01 a      1151     1    12     2    11
 -2.3322186556888574E-01 a      1152     1    12     2    12
  4.2160522611759721E-01 a      1153     1    12     2    13
  2.0222570465473142E+00 a      1154     1    12     2    14
  1.1621449646991433E+00 a      1155     1    12     2    15
  1.7682478710233093E-01 a      1156     1    13     2     1
  3.6469820323497443E-01 a      1157     1    13     2     2
  3.4087533232164613E-01 a      1158     1    13     2     3
  7.6653950876506699E-02 a      1159     1    13     2     4
 -1.2622957274809046E+00 a      1160     1    13     2     5
  2.5480292201993093E-01 a      1161     1    13     2     6
 -5.9219903419101889E-02 a      1162     1    13     2     7
 -7.6716452637680366E-01 a      1163     1    13     2     8
 -6.9503151734370128E-01 a      1164     1    13     2     9
  7.2268374596788684E-02 a      1165     1    13     2    10
 -1.8188024306787172E+00 a      1166     1    13     2    11
  8.4590295735287901E-01 a      1167     1    13     2    12
 -9.7522198816583569E-02 a      1168     1    13     2    13
  2.6665754624462140E-01 a      1169     1    13     2    14
 -1.9727970605387729E-01 a      1170     1    13     2    15
  1.9795570885298658E-01 a      1171     1    14     2     1
  3.4485211236090735E-01 a      1172     1    14     2     2
  7.7552744105843563E-01 a      1173     1    14     2     3
  1.4380078763706161E-01 a      1174     1    14     2     4
  1.9089180634727381E+00 a      1175     1    14     2     5
  1.3990113168016460E-01 a      1176     1    14     2     6
  9.3962954584302181E-03 a      1177     1    14     2     7
  1.3836801856404829E-01 a      1178     1    14     2     8
  3.9912216168200981E-01 a      1179     1    14     2     9
 -1.3698742717646613E+00 a      1180     1    14     2    10
  6.0883739548030824E-01 a      1181     1    14     2    11
  7.5759234940851683E-01 a      1182     1    14     2    12
 -1.6221385683433873E-01 a      1183     1    14     2    13
  8.6501979955934094E-01 a      1184     1    14     2    14
 -2.3714595719882721E+00 a      1185     1    14     2    15
 -5.7825349881929367E-01 a      1186     1    15     2     1
  8.6326617795785632E-01 a      1187     1    15     2     2
  1.7132319625670339E-01 a      1188     1    15     2     3
 -3.3658485418023570E-01 a      1189     1    15     2     4
  1.0052023727139032E+00 a      1190     1    15     2     5
 -6.5883930543382918E-01 a      1191     1    15     2     6
  1.2869125967375014E-01 a      1192     1    15     2     7
  8.5958157734999055E-02 a      1193     1    15     2     8
  2.8656824709871004E-01 a      1194     1    15     2     9
 -5.3677097397198203E-01 a      1195     1    15     2    10
  6.6373498304306533E-01 a      1196     1    15     2    11
 -3.7325631399106546E-01 a      1197     1    15     2    12
  4.9984754556468836E-01 a      1198     1    15     2    13
  4.4879983024493453E-01 a      1199     1    15     2    14
  4.0203646308516430E-02 a      1200     1    15     2    15
  3.4293002184659005E-01 b      1201     2     1
 -1.4375353290476786E-01 b      1202     2     2
  2.2190284141135415E+00 b      1203     2     3
 -1.7696668249739895E+00 b      1204     2     4
  1.2958077587411005E+00 b      1205     2     5
 -5.9370183497806184E-01 b      1206     2     6
  4.1183580431551166E+00 b      1207     2     7
 -5.0604912897585375E-01 b      1208     2     8
 -1.3618313307564720E+00 b      1209     2     9
  3.2248442370208923E+00 b      1210     2    10
  1.8637524212476728E+00 b      1211     2    11
 -3.3976229192094276E-01 b      1212     2    12
  1.2123688896678984E+00 b      1213     2    13
 -2.2583299559115119E-01 b      1214     2    14
  1.3041105887299231E+00 b      1215     2    15
  2.7745993342463060E-01 a      1216     2     1     3     1
  3.5782814869578716E-01 a      1217     2     2     3     1
  9.6131833710785208E-01 a      1218     2     3     3     1
  2.5831142163540655E+00 a      1219     2     4     3     1
  1.7521965911228246E-01 a      1220     2     5     3     1
  4.0500200700152972E-01 a      1221     2     6     3     1
 -1.6230457228975497E+00 a      1222     2     7     3     1
  2.0279270628057006E-01 a      1223     2     8     3     1
 -1.7256903371345067E-01 a      1224     2     9     3     1
  5.6486035246079425E-01 a      1225     2    10     3     1
 -1.1621719054523770E-02 a      1226     2    11     3     1
 -8.4891860528339680E-01 a      1227     2    12     3     1
  4.7471365912110325E-01 a      1228     2    13     3     1
 -1.5597373206438592E-01 a      1229     2    14     3     1
  2.4336630166766644E-02 a      1230     2    15     3     1
 -1.9471899223752354E+00 b      1231     3     1
