  5.5544244876230682E+00 a         1     0     1     1     1
 -2.1992615440617556E+00 a         2     0     1     1     2
  3.1189523145243070E-01 a         3     0     1     1     3
 -2.7187392008234067E+01 a         4     0     1     1     4
 -2.0640730645285622E+01 a         5     0     1     1     5
 -1.0307909887517919E+01 a         6     0     1     1     6
 -1.8040803410957786E+01 a         7     0     1     1     7
  7.0042660299503625E+00 a         8     0     1     1     8
 -1.0386466263246003E+01 a         9     0     1     1     9
  8.4769477854693829E+00 a        10     0     1     1    10
  3.5757714889757736E+01 a        11     0     1     1    11
 -1.9111551477515881E+01 a        12     0     1     1    12
 -1.5836057256598510E+00 a        13     0     1     1    13
  4.1170233513448116E+00 a        14     0     1     1    14
  4.1606088685623606E+00 a        15     0     1     1    15
 -2.8438975489548863E+01 a        16     0     1     1    16
  8.7515281313120532E+00 a        17     0     1     1    17
  1.8064173014270683E+01 a        18     0     1     1    18
  1.1944977207353084E+01 a        19     0     1     1    19
 -1.7333030637470497E+01 a        20     0     1     1    20
  1.4329443755973843E+01 a        21     0     1     1    21
  1.2074694103970284E+01 a        22     0     1     1    22
  4.1114343579745380E+00 a        23     0     1     1    23
 -1.4255373240098106E+00 a        24     0     1     1    24
  6.0022003439799247E+00 a        25     0     1     1    25
 -3.1293754852068687E+01 a        26     0     2     1     1
  4.9899536044478188E+00 a        27     0     2     1     2
  1.2007200257067506E+01 a        28     0     2     1     3
  8.8982937640245545E+00 a        29     0     2     1     4
  3.2355450390647258E+00 a        30     0     2     1     5
 -3.2852160688009108E-01 a        31     0     2     1     6
  3.4454833652000481E+01 a        32     0     2     1     7
 -5.4862200218794417E+00 a        33     0     2     1     8
 -1.1967801363702293E+01 a        34     0     2     1     9
 -3.8143800479813315E+01 a        35     0     2     1    10
 -2.1379903586027300E+00 a        36     0     2     1    11
  9.1674068719911599E+00 a        37     0     2     1    12
 -5.6826908019414768E+00 a        38     0     2     1    13
  1.6239852510537869E+01 a        39     0     2     1    14
  2.7779814621423846E+01 a        40     0     2     1    15
  3.4883170168480781E+01 a        41     0     2     1    16
 -4.2374012123572093E+00 a        42     0     2     1    17
 -1.1893119954294258E+01 a        43     0     2     1    18
 -2.2922640907718851E+01 a        44     0     2     1    19
 -3.0408145781545994E+00 a        45     0     2     1    20
 -1.4494938842127080E+01 a        46     0     2     1    21
 -2.7081686744854796E+01 a        47     0     2     1    22
  1.2243169306574478E+01 a        48     0     2     1    23
  4.0100815221862636E+00 a        49     0     2     1    24
  3.1874030638787868E+01 a        50     0     2     1    25
 -3.2765994700235637E+00 a        51     0     3     1     1
 -7.6331713417854730E-01 a        52     0     3     1     2
 -2.7525475373162891E+00 a        53     0     3     1     3
  4.9619340754280792E+01 a        54     0     3     1     4
  3.9856745126147935E+01 a        55     0     3     1     5
  1.4746632601484977E+01 a        56     0     3     1     6
  1.2876368192908750E+01 a        57     0     3     1     7
 -7.5317128546074157E+00 a        58     0     3     1     8
  2.4620307003468845E+01 a        59     0     3     1     9
 -9.4944672547165219E+00 a        60     0     3     1    10
 -7.1216791412491304E+01 a        61     0     3     1    11
  3.8818192128643354E+01 a        62     0     3     1    12
  9.2937278839720463E+00 a        63     0     3     1    13
 -1.2185448673364913E+01 a        64     0     3     1    14
 -2.8205711558585712E+01 a        65     0     3     1    15
  5.4079821104969049E+01 a        66     0     3     1    16
 -9.5678681859606947E+00 a        67     0     3     1    17
 -2.9241041880120218E+01 a        68     0     3     1    18
 -3.3016742367127570E+01 a        69     0     3     1    19
  3.5727947090678228E+01 a        70     0     3     1    20
 -3.2136967810914783E+01 a        71     0     3     1    21
 -1.9515659484995044E+01 a        72     0     3     1    22
 -9.7759631021403006E+00 a        73     0     3     1    23
  4.6172101011563553E+00 a        74     0     3     1    24
 -7.8992142753429979E+00 a        75     0     3     1    25
  4.7783441375923907E+01 a        76     0     4     1     1
  7.3145570408380793E+00 a        77     0     4     1     2
 -2.1991924111508908E+01 a        78     0     4     1     3
 -1.8030031067652157E+01 a        79     0     4     1     4
 -4.7607866734492248E+00 a        80     0     4     1     5
  2.9231303607173925E-01 a        81     0     4     1     6
 -5.1377691290171725E+01 a        82     0     4     1     7
 -8.8187162108024530E-01 a        83     0     4     1     8
  2.3752148941386807E+01 a        84     0     4     1     9
  6.6599493521858349E+01 a        85     0     4     1    10
  9.7226531356944577E+00 a        86     0     4     1    11
 -1.5715553837494941E+01 a        87     0     4     1    12
  2.0428670199333052E-01 a        88     0     4     1    13
 -2.8374838244358749E+01 a        89     0     4     1    14
 -4.4922732827149638E+01 a        90     0     4     1    15
 -6.5881007677007034E+01 a        91     0     4     1    16
 -2.0330548759697106E+01 a        92     0     4     1    17
 -1.8736266767995331E+00 a        93     0     4     1    18
  4.6178444758510246E+01 a        94     0     4     1    19
 -2.6518590926328245E-01 a        95     0     4     1    20
  2.1658123575932901E+01 a        96     0     4     1    21
  4.8940707456877242E+01 a        97     0     4     1    22
 -7.1291079202978178E+00 a        98     0     4     1    23
 -1.2971638575556080E+01 a        99     0     4     1    24
 -7.3354197803080808E+01 a       100     0     4     1    25
  8.0956553263210616E+00 a       101     0     5     1     1
 -6.2629413425468954E+00 a       102     0     5     1     2
  3.7913630866062968E+00 a       103     0     5     1     3
 -3.3261108345431175E+01 a       104     0     5     1     4
 -3.1094442835799789E+01 a       105     0     5     1     5
 -1.2187528616119470E+00 a       106     0     5     1     6
  1.0505782495480254E+01 a       107     0     5     1     7
  9.5214091133101935E+00 a       108     0     5     1     8
 -2.6779371669178381E+01 a       109     0     5     1     9
  1.1860092145219989E+01 a       110     0     5     1    10
  5.7407166830382010E+01 a       111     0     5     1    11
 -3.2900503360855907E+01 a       112     0     5     1    12
 -1.7445248499840691E+01 a       113     0     5     1    13
  1.2699465160376741E+01 a       114     0     5     1    14
  4.6899212016297625E+01 a       115     0     5     1    15
 -4.8984709959829033E+01 a       116     0     5     1    16
  2.1914402668229602E+01 a       117     0     5     1    17
  3.3656214868363740E+01 a       118     0     5     1    18
  4.6511094744817349E+01 a       119     0     5     1    19
 -1.3176475009704653E+01 a       120     0     5     1    20
  3.7370945234979885E+01 a       121     0     5     1    21
  2.0508366067507357E+01 a       122     0     5     1    22
 -5.3198308771238354E+00 a       123     0     5     1    23
  1.4426983730826639E+00 a       124     0     5     1    24
  9.1604487775363115E+00 a       125     0     5     1    25
 -3.6192593213134415E+01 a       126     0     6     1     1
 -1.8003616058357121E+01 a       127     0     6     1     2
  2.4137277224275611E+01 a       128     0     6     1     3
  1.7658735956025371E+01 a       129     0     6     1     4
  1.1189357304231637E+00 a       130     0     6     1     5
 -5.4853085267361150E+00 a       131     0     6     1     6
  3.0645798550937833E+01 a       132     0     6     1     7
  7.3249456408270639E+00 a       133     0     6     1     8
 -2.5854399753539731E+01 a       134     0     6     1     9
 -5.3429509147319301E+01 a       135     0     6     1    10
 -7.3971777332299711E+00 a       136     0     6     1    11
  9.5284746400271771E+00 a       137     0     6     1    12
  1.6630603841357715E+01 a       138     0     6     1    13
  1.8715468902374262E+01 a       139     0     6     1    14
  3.7966738690792290E+01 a       140     0     6     1    15
  6.4544916793420839E+01 a       141     0     6     1    16
  3.1971862955687897E+01 a       142     0     6     1    17
  1.8507560796404963E+01 a       143     0     6     1    18
 -4.4797236280953747E+01 a       144     0     6     1    19
  1.0637417479094603E+01 a       145     0     6     1    20
 -1.7780859062289327E+01 a       146     0     6     1    21
 -3.7683502812926484E+01 a       147     0     6     1    22
 -3.7861250284696674E-01 a       148     0     6     1    23
  1.7095011075681928E+01 a       149     0     6     1    24
  6.5251777253170999E+01 a       150     0     6     1    25
 -1.2962684398878002E+01 a       151     0     7     1     1
  1.2382247533826774E+01 a       152     0     7     1     2
 -7.9575993928950250E+00 a       153     0     7     1     3
  9.6519701239044213E+00 a       154     0     7     1     4
  1.5282626222053679E+01 a       155     0     7     1     5
 -6.9424244142815894E-01 a       156     0     7     1     6
 -1.3006215855946257E+01 a       157     0     7     1     7
 -2.1997651478527995E+01 a       158     0     7     1     8
  2.6616123444094583E+01 a       159     0     7     1     9
 -1.4533827354833063E+01 a       160     0     7     1    10
 -3.6255107577058283E+01 a       161     0     7     1    11
  2.1025055005308946E+01 a       162     0     7     1    12
  7.7700343037407658E+00 a       163     0     7     1    13
 -2.1424281070730782E+00 a       164     0     7     1    14
 -5.0737608181151572E+01 a       165     0     7     1    15
  2.6352487051522065E+01 a       166     0     7     1    16
 -2.2584063515082882E+01 a       167     0     7     1    17
 -2.6737476512261498E+01 a       168     0     7     1    18
 -3.7061302627125116E+01 a       169     0     7     1    19
 -2.3080971593974400E+01 a       170     0     7     1    20
 -2.7407493180777514E+01 a       171     0     7     1    21
 -2.3730344807449107E+01 a       172     0     7     1    22
  1.3864475200350748E+01 a       173     0     7     1    23
 -7.3029293240187956E+00 a       174     0     7     1    24
 -3.4891215131988611E+00 a       175     0     7     1    25
  2.1028136432960125E+01 a       176     0     8     1     1
  1.3600057484592982E+01 a       177     0     8     1     2
 -1.5451386218370601E+01 a       178     0     8     1     3
 -1.1907089931775824E+01 a       179     0     8     1     4
  5.3758057055936961E+00 a       180     0     8     1     5
  7.7442919840589726E+00 a       181     0     8     1     6
 -1.4116625468171090E+01 a       182     0     8     1     7
 -9.5246696687076374E-02 a       183     0     8     1     8
  2.0497150350217854E+01 a       184     0     8     1     9
  3.0829442066872435E+01 a       185     0     8     1    10
  3.9098182734873790E+00 a       186     0     8     1    11
 -3.7119906412076444E+00 a       187     0     8     1    12
 -1.2816378646316355E+01 a       188     0     8     1    13
 -6.8145011640798234E+00 a       189     0     8     1    14
 -2.1863451662687737E+01 a       190     0     8     1    15
 -3.9035168986523949E+01 a       191     0     8     1    16
 -1.9597732234425564E+01 a       192     0     8     1    17
 -1.4305282196435794E+01 a       193     0     8     1    18
  2.6892730755350222E+01 a       194     0     8     1    19
 -1.1508402998831142E+01 a       195     0     8     1    20
  1.2348377642300582E+01 a       196     0     8     1    21
  1.9156711500939711E+01 a       197     0     8     1    22
 -1.9143443452233067E+00 a       198     0     8     1    23
 -1.5301243450918891E+01 a       199     0     8     1    24
 -3.7676908556512522E+01 a       200     0     8     1    25
 -3.6232092110092666E+00 a       201     0     9     1     1
 -7.6621783304411313E+00 a       202     0     9     1     2
  8.1515174142074542E+00 a       203     0     9     1     3
  4.7588520388788478E+00 a       204     0     9     1     4
 -2.4223784021041741E+00 a       205     0     9     1     5
 -6.6561987028939464E+00 a       206     0     9     1     6
  4.2030086566429219E+00 a       207     0     9     1     7
  1.0137710027031033E+00 a       208     0     9     1     8
 -9.6856410811693223E+00 a       209     0     9     1     9
 -1.0439047470318830E+01 a       210     0     9     1    10
 -2.2317285953867865E+00 a       211     0     9     1    11
 -3.2612492471011589E-01 a       212     0     9     1    12
  5.1505672233425273E+00 a       213     0     9     1    13
 -5.0588691681240672E-01 a       214     0     9     1    14
  4.0834535979706095E+00 a       215     0     9     1    15
  1.2594646182906601E+01 a       216     0     9     1    16
  1.0750448206791470E+01 a       217     0     9     1    17
  4.9226021319052968E+00 a       218     0     9     1    18
 -9.5519760124015676E+00 a       219     0     9     1    19
  4.0189165939180906E+00 a       220     0     9     1    20
 -2.8834382144047939E+00 a       221     0     9     1    21
 -4.2901228088855152E+00 a       222     0     9     1    22
 -1.0024333075504213E-01 a       223     0     9     1    23
  4.1485684211615999E+00 a       224     0     9     1    24
  1.3017696152090283E+01 a       225     0     9     1    25
  8.3550264322601020E+00 a       226     0    10     1     1
 -5.2868792308609134E+00 a       227     0    10     1     2
  2.3320196696260926E+00 a       228     0    10     1     3
  1.6611048036794540E+00 a       229     0    10     1     4
 -3.9801218827569520E+00 a       230     0    10     1     5
 -1.1382764804176693E+00 a       231     0    10     1     6
  4.3382419067933151E+00 a       232     0    10     1     7
  1.4670010153690029E+01 a       233     0    10     1     8
 -1.3742335659046855E+01 a       234     0    10     1     9
  4.1162128987631270E+00 a       235     0    10     1    10
  9.9053197825424721E+00 a       236     0    10     1    11
 -6.3781998854533102E+00 a       237     0    10     1    12
  5.5620702524377641E-01 a       238     0    10     1    13
 -7.4513463496941785E+00 a       239     0    10     1    14
  2.0505897408366241E+01 a       240     0    10     1    15
 -6.8120996261464484E+00 a       241     0    10     1    16
  1.8417849999247158E+00 a       242     0    10     1    17
  1.4687403004888340E+00 a       243     0    10     1    18
  1.1790067590658316E+01 a       244     0    10     1    19
  1.9137581122675634E+01 a       245     0    10     1    20
  9.1317242465551232E+00 a       246     0    10     1    21
  1.2914437839025641E+01 a       247     0    10     1    22
 -3.6461042261920178E+00 a       248     0    10     1    23
  4.8576308846648226E+00 a       249     0    10     1    24
 -1.1801300237837757E+00 a       250     0    10     1    25
 -1.8484696867126598E+00 a       251     0    11     1     1
  3.3553143739897142E+00 a       252     0    11     1     2
 -2.0142900389561289E+00 a       253     0    11     1     3
 -2.4379444114172251E+00 a       254     0    11     1     4
  1.0205702441614397E+00 a       255     0    11     1     5
  3.5740446919365492E+00 a       256     0    11     1     6
 -4.6813189242482602E+00 a       257     0    11     1     7
 -6.5711782601939861E-01 a       258     0    11     1     8
  2.6174124396545708E+00 a       259     0    11     1     9
  3.9671735821204144E+00 a       260     0    11     1    10
  1.5506795995588609E+00 a       261     0    11     1    11
  1.5277639767526249E-01 a       262     0    11     1    12
 -6.4328288103045406E-01 a       263     0    11     1    13
  2.2916706144371961E+00 a       264     0    11     1    14
  8.0276817105535869E-01 a       265     0    11     1    15
 -1.5188573215641694E+00 a       266     0    11     1    16
 -6.1071684470788155E+00 a       267     0    11     1    17
 -3.3902269533374478E+00 a       268     0    11     1    18
  2.9812994779953108E+00 a       269     0    11     1    19
 -1.1653951786687342E+00 a       270     0    11     1    20
 -1.3084138818520235E+00 a       271     0    11     1    21
  9.8257323156510901E-01 a       272     0    11     1    22
 -1.6154317813194436E+00 a       273     0    11     1    23
 -3.9903547314178761E-01 a       274     0    11     1    24
 -4.3861757737601410E+00 a       275     0    11     1    25
 -3.8661412346630950E+00 a       276     0    12     1     1
 -1.1067801923344640E+00 a       277     0    12     1     2
  3.6709371285854947E-01 a       278     0    12     1     3
  4.4109697377570933E-01 a       279     0    12     1     4
 -2.0909545276091506E+00 a       280     0    12     1     5
  3.0710010370568297E-01 a       281     0    12     1     6
 -3.3765152817895577E-01 a       282     0    12     1     7
 -4.1177251197912295E+00 a       283     0    12     1     8
  1.5576003003327514E+00 a       284     0    12     1     9
  1.3808750793850839E+00 a       285     0    12     1    10
  9.7222829227034535E-01 a       286     0    12     1    11
 -1.9726678179766126E+00 a       287     0    12     1    12
 -2.0999853310985812E+00 a       288     0    12     1    13
  4.6597839718306462E+00 a       289     0    12     1    14
  7.7705634737952312E-01 a       290     0    12     1    15
 -7.1363432216788159E-01 a       291     0    12     1    16
  6.5760686637939267E+00 a       292     0    12     1    17
  8.9105286206148069E+00 a       293     0    12     1    18
  1.1730391765251944E+00 a       294     0    12     1    19
 -6.2507680870087228E+00 a       295     0    12     1    20
  7.0205381983746917E-01 a       296     0    12     1    21
 -1.4322796062963103E+00 a       297     0    12     1    22
 -2.0437059383510037E+00 a       298     0    12     1    23
 -2.7301325878117916E-01 a       299     0    12     1    24
  2.0565936772534661E+00 a       300     0    12     1    25
  1.3120430098603550E+00 a       301     0    13     1     1
 -2.0165092281000705E+00 a       302     0    13     1     2
  1.3417118502643934E+00 a       303     0    13     1     3
  2.7359251290216646E-01 a       304     0    13     1     4
 -5.1160826251185267E-02 a       305     0    13     1     5
 -1.2180148595189592E-02 a       306     0    13     1     6
  1.9157336772039952E+00 a       307     0    13     1     7
  7.9864443779445893E-01 a       308     0    13     1     8
  9.8186737644415906E-02 a       309     0    13     1     9
 -2.7267878964286290E+00 a       310     0    13     1    10
 -2.5836507206748183E-01 a       311     0    13     1    11
  4.9927659883030867E-01 a       312     0    13     1    12
  9.3625195224456548E-01 a       313     0    13     1    13
 -9.3109619257597354E-01 a       314     0    13     1    14
  5.2661313283875510E-01 a       315     0    13     1    15
  2.4528112881065034E-01 a       316     0    13     1    16
  4.4095523642105139E+00 a       317     0    13     1    17
  2.9252858249394325E+00 a       318     0    13     1    18
 -1.9066874575694328E+00 a       319     0    13     1    19
 -1.5185261317872121E+00 a       320     0    13     1    20
  1.6622438290135011E+00 a       321     0    13     1    21
 -8.3167273081370241E-01 a       322     0    13     1    22
  1.8560348618868444E-01 a       323     0    13     1    23
 -1.4220852098026746E-01 a       324     0    13     1    24
  1.7826079152844621E+00 a       325     0    13     1    25
  2.3401871967065366E+00 a       326     0    14     1     1
 -2.1290622965651995E-01 a       327     0    14     1     2
 -2.0373494982905449E-01 a       328     0    14     1     3
 -5.3559912379754033E-03 a       329     0    14     1     4
  5.1367722720356446E-01 a       330     0    14     1     5
 -1.1822597179463152E+00 a       331     0    14     1     6
  6.4015670375291045E-01 a       332     0    14     1     7
  6.1271389282387290E-01 a       333     0    14     1     8
 -2.2962388932366058E+00 a       334     0    14     1     9
 -1.7396439725752868E+00 a       335     0    14     1    10
  1.0905502949259103E+00 a       336     0    14     1    11
  1.2524825654307712E+00 a       337     0    14     1    12
  6.2288190374828689E-01 a       338     0    14     1    13
 -1.1240768773433960E+00 a       339     0    14     1    14
  2.0049055904189572E+00 a       340     0    14     1    15
  1.8398849407786931E-02 a       341     0    14     1    16
 -3.5747772709219561E+00 a       342     0    14     1    17
 -5.4571737538431808E+00 a       343     0    14     1    18
  5.6219883899967826E-01 a       344     0    14     1    19
  4.4742992484548294E+00 a       345     0    14     1    20
 -2.2928337412526605E+00 a       346     0    14     1    21
 -2.6200440851777190E-01 a       347     0    14     1    22
  2.5448966391893237E+00 a       348     0    14     1    23
  1.7442337659149290E+00 a       349     0    14     1    24
 -1.2605759443994276E+00 a       350     0    14     1    25
 -1.2180403782725981E+00 a       351     0    15     1     1
  1.1950094282276633E+00 a       352     0    15     1     2
 -8.5315176961042849E-01 a       353     0    15     1     3
  2.4105088555096361E-02 a       354     0    15     1     4
 -8.4693073403259322E-01 a       355     0    15     1     5
  5.6983204787523167E-02 a       356     0    15     1     6
 -7.4693898213238286E-01 a       357     0    15     1     7
 -5.5619778105427420E-01 a       358     0    15     1     8
 -7.9216187611856015E-01 a       359     0    15     1     9
  6.2462691564150041E-01 a       360     0    15     1    10
 -1.8498550710083136E-01 a       361     0    15     1    11
  6.5317884602172460E-01 a       362     0    15     1    12
 -5.8850910432310477E-01 a       363     0    15     1    13
  3.7841517302472139E-01 a       364     0    15     1    14
 -8.0778330529298203E-01 a       365     0    15     1    15
  2.4606868785875238E-01 a       366     0    15     1    16
 -1.7229584136242846E+00 a       367     0    15     1    17
 -2.4426751166719578E+00 a       368     0    15     1    18
  2.9374875453121491E-01 a       369     0    15     1    19
  2.0245900502553060E+00 a       370     0    15     1    20
 -1.1839392821468873E+00 a       371     0    15     1    21
  7.0209641122318334E-01 a       372     0    15     1    22
  1.7201583683495709E+00 a       373     0    15     1    23
 -1.1738020201820683E+00 a       374     0    15     1    24
 -6.3102622114824636E-01 a       375     0    15     1    25
 -7.0378409357669736E-01 a       376     0    16     1     1
 -7.8802599510349236E-01 a       377     0    16     1     2
  3.7622700630525990E-01 a       378     0    16     1     3
  9.6615569110868804E-01 a       379     0    16     1     4
 -1.7097228479513163E-01 a       380     0    16     1     5
 -5.5258106838555221E-01 a       381     0    16     1     6
 -1.0293816024806304E-01 a       382     0    16     1     7
  2.2822853432249604E-01 a       383     0    16     1     8
 -4.4368250388516123E-01 a       384     0    16     1     9
  3.0414539100918930E-01 a       385     0    16     1    10
  5.1418977129263632E-01 a       386     0    16     1    11
 -3.6513625948619305E-01 a       387     0    16     1    12
 -5.6488670404549568E-01 a       388     0    16     1    13
  1.8370209973520132E-01 a       389     0    16     1    14
  2.7973869899334897E-01 a       390     0    16     1    15
  4.3264250679870137E-02 a       391     0    16     1    16
  1.7844321467295763E+00 a       392     0    16     1    17
  8.5156577964293245E-01 a       393     0    16     1    18
  1.6853087569378192E-01 a       394     0    16     1    19
 -2.5066815686545929E-01 a       395     0    16     1    20
  7.8526764417456429E-01 a       396     0    16     1    21
  6.2215114381942005E-01 a       397     0    16     1    22
 -6.1121171447982914E-01 a       398     0    16     1    23
 -1.4903161224634814E-01 a       399     0    16     1    24
  1.1488275899289217E-01 a       400     0    16     1    25
 -1.6192006440942386E-01 a       401     0    17     1     1
 -8.4841806336395342E-01 a       402     0    17     1     2
 -1.6050088540671463E+00 a       403     0    17     1     3
  1.8153249518457626E+00 a       404     0    17     1     4
 -1.0000171989503155E+00 a       405     0    17     1     5
 -9.6029972200394575E-01 a       406     0    17     1     6
  2.0406195743234409E-01 a       407     0    17     1     7
  1.1000417170058598E+00 a       408     0    17     1     8
 -2.2797404897672760E-01 a       409     0    17     1     9
  4.9953942712965438E-01 a       410     0    17     1    10
  1.1575192951609210E+00 a       411     0    17     1    11
 -9.7112049923356120E-02 a       412     0    17     1    12
  8.3391880527037276E-01 a       413     0    17     1    13
  2.2987785710555458E-01 a       414     0    17     1    14
  4.5589706262722035E-01 a       415     0    17     1    15
  3.5322433753299604E-02 a       416     0    17     1    16
  3.6958399823953819E-01 a       417     0    17     1    17
  1.0208928415138296E+00 a       418     0    17     1    18
  1.9352861747209704E-01 a       419     0    17     1    19
 -8.6640904272025787E-01 a       420     0    17     1    20
 -6.0708175741000947E-01 a       421     0    17     1    21
 -7.3037073194780844E-01 a       422     0    17     1    22
  5.1424475387823287E-01 a       423     0    17     1    23
 -3.5502310492848144E-01 a       424     0    17     1    24
 -1.7369608776096037E+00 a       425     0    17     1    25
  1.1603727734371885E+01 a       426     0    18     1     1
 -1.0098873100070727E+00 a       427     0    18     1     2
 -2.1172921280297592E+00 a       428     0    18     1     3
 -4.7998027443637250E+00 a       429     0    18     1     4
  3.2949411678080804E+00 a       430     0    18     1     5
  9.4827635965988257E+00 a       431     0    18     1     6
  4.7203057274590439E+00 a       432     0    18     1     7
  2.2686010737316535E+00 a       433     0    18     1     8
  7.8812930704346131E+00 a       434     0    18     1     9
  2.0684642085971716E+00 a       435     0    18     1    10
 -3.9568004420773497E+00 a       436     0    18     1    11
  2.8617132537150334E+00 a       437     0    18     1    12
  1.1303383228874531E+00 a       438     0    18     1    13
 -2.2016496626640873E+00 a       439     0    18     1    14
 -1.1858649856227936E+01 a       440     0    18     1    15
 -3.5409846127606883E+00 a       441     0    18     1    16
  5.4237102909374917E+00 a       442     0    18     1    17
  5.5654778988521993E+00 a       443     0    18     1    18
  4.4122333017117210E+00 a       444     0    18     1    19
 -3.8236683249408925E+00 a       445     0    18     1    20
  7.1489132784312570E+00 a       446     0    18     1    21
 -2.8138297366276230E+00 a       447     0    18     1    22
 -7.6902679316588767E+00 a       448     0    18     1    23
  4.7017230408811700E-01 a       449     0    18     1    24
  2.6313717112268620E+00 a       450     0    18     1    25
 -5.1724758977934415E-01 a       451     0    19     1     1
  1.1100163978835398E+00 a       452     0    19     1     2
 -3.0824174493387158E-01 a       453     0    19     1     3
 -1.8075202305103168E+00 a       454     0    19     1     4
  1.3301831647382365E+00 a       455     0    19     1     5
  3.1745825604662001E+00 a       456     0    19     1     6
  5.5602920215994633E-01 a       457     0    19     1     7
 -9.3397593999045414E-01 a       458     0    19     1     8
  1.0976542913785370E+00 a       459     0    19     1     9
 -3.6539367231350134E-01 a       460     0    19     1    10
 -1.6249231947671169E-01 a       461     0    19     1    11
  3.2648076180098223E-03 a       462     0    19     1    12
 -3.8605504166328042E-01 a       463     0    19     1    13
 -1.5991533051342832E+00 a       464     0    19     1    14
  8.0536546917486895E-01 a       465     0    19     1    15
  4.2710660727386723E-01 a       466     0    19     1    16
 -3.7079455707120268E-01 a       467     0    19     1    17
 -1.1768684484063441E+00 a       468     0    19     1    18
  1.6790176744117986E+00 a       469     0    19     1    19
  1.1752423133755050E+00 a       470     0    19     1    20
  1.0605750073090272E+00 a       471     0    19     1    21
  1.1795473102141991E-01 a       472     0    19     1    22
 -2.7788917580463641E+00 a       473     0    19     1    23
  1.6894655884165671E-01 a       474     0    19     1    24
  1.8668165524363782E+00 a       475     0    19     1    25
 -1.1666915556206767E+01 a       476     0    20     1     1
  4.1628477199146441E-01 a       477     0    20     1     2
  2.9279424842070343E+00 a       478     0    20     1     3
  6.0787284599595672E+00 a       479     0    20     1     4
 -8.8729874163229532E+00 a       480     0    20     1     5
 -1.7723403079707570E+01 a       481     0    20     1     6
 -4.5784397448045233E+00 a       482     0    20     1     7
  2.4173966489702807E+00 a       483     0    20     1     8
 -7.3017237845243708E+00 a       484     0    20     1     9
 -5.2925462304039943E+00 a       485     0    20     1    10
  2.3928332138373243E+00 a       486     0    20     1    11
 -3.6984309518774463E+00 a       487     0    20     1    12
 -1.9329229987666585E+00 a       488     0    20     1    13
  4.3991742855617355E+00 a       489     0    20     1    14
  7.6531714494679095E+00 a       490     0    20     1    15
 -8.1116273101423231E-01 a       491     0    20     1    16
 -1.1763694721395629E+01 a       492     0    20     1    17
 -2.6967626124096884E+00 a       493     0    20     1    18
 -1.6158341822916050E+01 a       494     0    20     1    19
 -2.8331642448064174E+00 a       495     0    20     1    20
 -7.8103803671114171E+00 a       496     0    20     1    21
  4.2492741059129910E+00 a       497     0    20     1    22
  1.3973633870999169E+01 a       498     0    20     1    23
 -5.0977606337132260E+00 a       499     0    20     1    24
  2.6302408340439848E-01 a       500     0    20     1    25
  5.9999774686265672E-01 a       501     0    21     1     1
 -6.5521696481857505E+00 a       502     0    21     1     2
  9.1913414762686383E+00 a       503     0    21     1     3
  3.9246037421203290E+00 a       504     0    21     1     4
  9.0052118375039492E-01 a       505     0    21     1     5
 -4.8622603016876704E+00 a       506     0    21     1     6
  2.6130030115121032E+00 a       507     0    21     1     7
  8.3967590426850176E+00 a       508     0    21     1     8
 -4.6693809167835605E+00 a       509     0    21     1     9
 -3.3477665778459484E+00 a       510     0    21     1    10
  1.2685201736717113E+00 a       511     0    21     1    11
  1.1487238305569523E+00 a       512     0    21     1    12
  4.9621102104185217E+00 a       513     0    21     1    13
  1.4999385051715903E+00 a       514     0    21     1    14
 -5.4741049399298420E+00 a       515     0    21     1    15
  1.0185143018677176E+00 a       516     0    21     1    16
  3.7321877270992068E+00 a       517     0    21     1    17
  3.3287492002038248E+00 a       518     0    21     1    18
 -3.0435097489448366E+00 a       519     0    21     1    19
 -4.2470154789091996E-01 a       520     0    21     1    20
 -1.2476895330787581E+00 a       521     0    21     1    21
  9.2283836361731264E-01 a       522     0    21     1    22
  3.6231064777636557E+00 a       523     0    21     1    23
 -8.1034722889121653E+00 a       524     0    21     1    24
  2.7174683498811639E-02 a       525     0    21     1    25
  1.3181907816263623E+00 a       526     0    22     1     1
  3.7091913127552227E+00 a       527     0    22     1     2
 -1.7769259454460795E+00 a       528     0    22     1     3
 -2.2968619597474587E+00 a       529     0    22     1     4
 -3.0875360692458780E+00 a       530     0    22     1     5
 -1.0056398709861958E+00 a       531     0    22     1     6
  5.5241335464186001E+00 a       532     0    22     1     7
 -6.9604279729793195E+00 a       533     0    22     1     8
  1.8110906771774256E+00 a       534     0    22     1     9
 -1.5682520960186417E+00 a       535     0    22     1    10
  5.7679759814671216E-02 a       536     0    22     1    11
  2.6299027700201671E+00 a       537     0    22     1    12
 -7.4803068277355242E+00 a       538     0    22     1    13
 -3.1152692776231485E+00 a       539     0    22     1    14
  1.7481278285929289E+00 a       540     0    22     1    15
 -2.0264067404083916E+00 a       541     0    22     1    16
 -4.0141384644379947E+00 a       542     0    22     1    17
 -1.0777582216727160E+00 a       543     0    22     1    18
  6.5825707884101359E-01 a       544     0    22     1    19
  2.1875739822628684E+00 a       545     0    22     1    20
 -6.5906762789928031E-01 a       546     0    22     1    21
 -2.8780228223317356E-01 a       547     0    22     1    22
  7.7053301477629450E+00 a       548     0    22     1    23
  6.5851928418323880E+00 a       549     0    22     1    24
 -1.0423938748600192E+00 a       550     0    22     1    25
  1.0480881287988582E-01 a       551     0    23     1     1
  9.5001293808765848E+00 a       552     0    23     1     2
 -2.5607481321195533E+00 a       553     0    23     1     3
 -4.5397257823720292E+00 a       554     0    23     1     4
  6.6671729789384466E+00 a       555     0    23     1     5
  1.5899024993084458E+01 a       556     0    23     1     6
 -3.2848715877767787E+00 a       557     0    23     1     7
 -1.4761188334470397E+01 a       558     0    23     1     8
  1.1538957769806908E+01 a       559     0    23     1     9
  6.6726464748543961E+00 a       560     0    23     1    10
  5.7172698514051046E+00 a       561     0    23     1    11
  4.3851241271899370E+00 a       562     0    23     1    12
  3.6436006541897568E+00 a       563     0    23     1    13
  1.6557641278740468E-01 a       564     0    23     1    14
  1.1086320952471661E+01 a       565     0    23     1    15
  1.0389659724134596E+01 a       566     0    23     1    16
  9.0362424507707362E-01 a       567     0    23     1    17
  1.9042437968754784E+00 a       568     0    23     1    18
  1.4879137118900925E+01 a       569     0    23     1    19
  1.2110292480168036E+01 a       570     0    23     1    20
 -6.2633315187922962E+00 a       571     0    23     1    21
 -9.6961344842151664E+00 a       572     0    23     1    22
 -1.1919495297289759E+01 a       573     0    23     1    23
  1.7121785544265961E+01 a       574     0    23     1    24
 -6.0945619758266414E+00 a       575     0    23     1    25
 -6.3027439809376045E+00 a       576     0    24     1     1
 -3.0497375519664454E+00 a       577     0    24     1     2
 -1.0362661202788586E+00 a       578     0    24     1     3
  3.0401725098509678E+00 a       579     0    24     1     4
 -2.7403347073463669E-01 a       580     0    24     1     5
 -4.3251096719723696E+00 a       581     0    24     1     6
 -2.4154907743375138E+00 a       582     0    24     1     7
  2.6410160905138467E+00 a       583     0    24     1     8
 -7.7500780155821127E+00 a       584     0    24     1     9
 -1.5400801722490207E+00 a       585     0    24     1    10
 -1.6920265947289022E+00 a       586     0    24     1    11
 -4.1892623527164270E+00 a       587     0    24     1    12
 -1.1381587435496245E+00 a       588     0    24     1    13
  2.6247635648607304E+00 a       589     0    24     1    14
  3.4205850714155037E+00 a       590     0    24     1    15
  7.9747732053949116E-01 a       591     0    24     1    16
  1.5018394851035786E+00 a       592     0    24     1    17
 -7.1044859137884009E+00 a       593     0    24     1    18
  1.1481588688799149E+00 a       594     0    24     1    19
 -4.9059973249363216E+00 a       595     0    24     1    20
  8.0272514026851016E-01 a       596     0    24     1    21
  2.5670094794788594E+00 a       597     0    24     1    22
  6.7402086995074842E-02 a       598     0    24     1    23
 -4.3051185769250644E+00 a       599     0    24     1    24
  1.4912392926416105E+00 a       600     0    24     1    25
 -7.6416428054160812E-01 a       601     0    25     1     1
  3.3990603178196479E+00 a       602     0    25     1     2
 -4.5015184370956876E+00 a       603     0    25     1     3
 -4.3375222465648093E+00 a       604     0    25     1     4
 -1.6521094668439016E+00 a       605     0    25     1     5
  2.8188525356252430E+00 a       606     0    25     1     6
 -4.6469245101086507E+00 a       607     0    25     1     7
 -1.4153597342536867E-01 a       608     0    25     1     8
  3.4840397960563099E+00 a       609     0    25     1     9
  4.3057221237983532E+00 a       610     0    25     1    10
 -8.5093330382064847E-01 a       611     0    25     1    11
 -2.7624780026905036E+00 a       612     0    25     1    12
  2.9386750923064540E+00 a       613     0    25     1    13
  3.0493019853783976E-01 a       614     0    25     1    14
  2.0241873033805100E+00 a       615     0    25     1    15
 -1.2655045784481300E+00 a       616     0    25     1    16
 -3.4262497632674918E+00 a       617     0    25     1    17
 -6.1932433585987101E-01 a       618     0    25     1    18
 -7.8905312624139012E-01 a       619     0    25     1    19
 -9.3161501018553106E-01 a       620     0    25     1    20
  1.5780849905365950E+00 a       621     0    25     1    21
  1.1697410942173398E+00 a       622     0    25     1    22
 -3.9088777706561730E+00 a       623     0    25     1    23
  1.3421353634482334E+00 a       624     0    25     1    24
  1.0455489812322580E+00 a       625     0    25     1    25
  4.0191089529173460E+00 a       626     0    26     1     1
 -3.9785899397585403E+00 a       627     0    26     1     2
  7.3286361024260827E-01 a       628     0    26     1     3
  8.5153227018020949E-01 a       629     0    26     1     4
  1.2440335586028348E+00 a       630     0    26     1     5
 -1.8368039278551140E+00 a       631     0    26     1     6
  5.6744531804102660E+00 a       632     0    26     1     7
  7.1677527660016782E+00 a       633     0    26     1     8
 -2.5702058813486999E+00 a       634     0    26     1     9
 -1.1159659839843976E+00 a       635     0    26     1    10
 -2.5255494149406874E+00 a       636     0    26     1    11
  1.9202700099022669E+00 a       637     0    26     1    12
 -3.3702730538066308E+00 a       638     0    26     1    13
 -2.2017409980740439E+00 a       639     0    26     1    14
 -1.1323352323281526E+01 a       640     0    26     1    15
 -4.5479910343686374E+00 a       641     0    26     1    16
  3.4416908541986491E+00 a       642     0    26     1    17
  2.6452383568015518E+00 a       643     0    26     1    18
 -4.2109888729426617E+00 a       644     0    26     1    19
  8.9358927188316251E-01 a       645     0    26     1    20
  6.0735360456525331E+00 a       646     0    26     1    21
  2.8642655538077015E+00 a       647     0    26     1    22
  2.4470363193104170E+00 a       648     0    26     1    23
 -9.4558951166744318E+00 a       649     0    26     1    24
  4.5785979745301464E-01 a       650     0    26     1    25
  5.0539952658242082E-01 a       651     0    27     1     1
  4.0525322903940858E-01 a       652     0    27     1     2
  3.0793876219589367E-01 a       653     0    27     1     3
 -3.6065061593067849E-01 a       654     0    27     1     4
  1.1660478465208972E-01 a       655     0    27     1     5
  2.6347242073714522E-01 a       656     0    27     1     6
 -5.5860189693910201E-01 a       657     0    27     1     7
 -9.9747581950199227E-01 a       658     0    27     1     8
  5.2373518998212287E-01 a       659     0    27     1     9
 -7.1373760918601115E-01 a       660     0    27     1    10
 -6.7014697345114438E-01 a       661     0    27     1    11
 -1.3822317823128413E-01 a       662     0    27     1    12
  6.4415758579978544E-01 a       663     0    27     1    13
  7.2161661509433761E-02 a       664     0    27     1    14
  1.2139565528157490E+00 a       665     0    27     1    15
  1.9085437762507977E-02 a       666     0    27     1    16
 -1.7838362839706010E+00 a       667     0    27     1    17
  6.0635009807549745E-01 a       668     0    27     1    18
  3.3422365073203103E-01 a       669     0    27     1    19
 -6.7463631875746632E-01 a       670     0    27     1    20
 -5.0694590204680512E-01 a       671     0    27     1    21
 -6.8436767302838297E-01 a       672     0    27     1    22
 -5.1339558496917370E-01 a       673     0    27     1    23
  5.3398929385876071E-01 a       674     0    27     1    24
  1.3350283348032301E+00 a       675     0    27     1    25
  1.8356647260776479E-01 b       676     1     1
 -5.2780779717507831E-01 b       677     1     2
 -2.2767009890404771E-01 b       678     1     3
  1.0202561340825114E+00 b       679     1     4
  3.1212409246051243E-01 b       680     1     5
  4.2944040905842851E-01 b       681     1     6
 -4.6389493925819231E-01 b       682     1     7
  2.0982900932159099E-02 b       683     1     8
  2.0100134063039034E-02 b       684     1     9
 -1.0988174311127042E-02 b       685     1    10
 -4.1917659411977126E-01 b       686     1    11
 -3.8398815477163734E-01 b       687     1    12
  1.2621408605608200E-01 b       688     1    13
  9.3723695724256795E-01 b       689     1    14
  6.7713627265274701E-01 b       690     1    15
 -3.6813618671530929E-01 b       691     1    16
 -5.1222210726632423E-03 b       692     1    17
 -7.0912356176013680E-01 b       693     1    18
  1.1455442480520217E+00 b       694     1    19
 -9.0548268426129375E-01 b       695     1    20
  4.3364298377178345E-01 b       696     1    21
 -9.7602442089991859E-02 b       697     1    22
  2.0996201566588940E-01 b       698     1    23
 -5.9393583917833059E-01 b       699     1    24
  1.5004956660151197E-02 b       700     1    25
 -5.5626598111327186E-01 a       701     1     1     2     1
 -1.0874613653645271E+00 a       702     1     1     2     2
 -9.7320263076467450E-01 a       703     1     1     2     3
 -1.0524862552526659E-01 a       704     1     1     2     4
 -6.0371182800685952E-01 a       705     1     1     2     5
 -5.8778712622860052E-01 a       706     1     1     2     6
  9.3175015567451835E-02 a       707     1     1     2     7
  3.3566253843496461E+00 a       708     1     1     2     8
 -1.4855834353621367E+00 a       709     1     1     2     9
  3.8859182735229187E+00 a       710     1     1     2    10
 -1.0120164918982528E+00 a       711     1     1     2    11
 -4.8122481272342249E-01 a       712     1     1     2    12
 -1.4253825942536955E+00 a       713     1     1     2    13
  2.0949753718612626E-01 a       714     1     1     2    14
 -1.1009994945918080E+00 a       715     1     1     2    15
  8.7788037974218269E-01 a       716     1     1     2    16
 -1.2176185157283495E-01 a       717     1     1     2    17
 -2.7073919412750100E-02 a       718     1     1     2    18
  9.0047241609088235E-01 a       719     1     1     2    19
  2.4287246343962750E+00 a       720     1     1     2    20
  4.9707853431922228E-01 a       721     1     1     2    21
  1.2346887033368006E+00 a       722     1     1     2    22
 -8.9583791805973034E-01 a       723     1     1     2    23
  1.6492754958092681E-01 a       724     1     1     2    24
  9.6067526512648971E-01 a       725     1     1     2    25
  1.1683693358231324E-01 a       726     1     2     2     1
  1.8550224056458706E+00 a       727     1     2     2     2
  6.3134768799720054E-01 a       728     1     2     2     3
  1.0359766824290509E-01 a       729     1     2     2     4
  6.0442292146143639E-01 a       730     1     2     2     5
  1.4431002281745091E+00 a       731     1     2     2     6
 -6.8831405055718942E-01 a       732     1     2     2     7
  1.6384256552137522E+00 a       733     1     2     2     8
 -2.0387401843824575E+00 a       734     1     2     2     9
 -1.5328667849047408E+00 a       735     1     2     2    10
  9.8464878269726930E-01 a       736     1     2     2    11
 -1.3257339716494934E+00 a       737     1     2     2    12
 -5.5009806026419417E-01 a       738     1     2     2    13
 -7.5880970778266843E-01 a       739     1     2     2    14
  2.2509482048435420E-01 a       740     1     2     2    15
  3.1781772626718502E-01 a       741     1     2     2    16
  3.9965067760925549E-01 a       742     1     2     2    17
 -8.3641208562816061E-01 a       743     1     2     2    18
 -2.0176188646846299E-01 a       744     1     2     2    19
 -9.8896887717895801E-02 a       745     1     2     2    20
  3.8543897823747203E-01 a       746     1     2     2    21
  4.0031834935946170E-01 a       747     1     2     2    22
 -1.8964789719662332E+00 a       748     1     2     2    23
 -5.4775706631503140E-01 a       749     1     2     2    24
 -5.7406182299348207E-01 a       750     1     2     2    25
  4.6287818214771098E-01 a       751     1     3     2     1
  3.0087732841088020E+00 a       752     1     3     2     2
  2.2203332470267498E+00 a       753     1     3     2     3
 -2.4772073860377630E-01 a       754     1     3     2     4
  2.5119854045433204E-01 a       755     1     3     2     5
 -4.3758036037372293E-02 a       756     1     3     2     6
 -1.5198366216062492E-01 a       757     1     3     2     7
 -2.9490062793803251E-01 a       758     1     3     2     8
 -5.7587125884666845E-01 a       759     1     3     2     9
 -4.2581683104962318E+00 a       760     1     3     2    10
  1.3801984023818052E+00 a       761     1     3     2    11
  1.1360799803206281E+00 a       762     1     3     2    12
 -9.1909606079254935E-01 a       763     1     3     2    13
  9.6007209885040384E-02 a       764     1     3     2    14
  5.0740052453961326E-01 a       765     1     3     2    15
 -9.8771972863126767E-01 a       766     1     3     2    16
  1.5868731999336363E-01 a       767     1     3     2    17
  7.2430206587985868E-01 a       768     1     3     2    18
 -8.5468893008262470E-01 a       769     1     3     2    19
  7.3523146248522320E-01 a       770     1     3     2    20
  3.9046785347928026E+00 a       771     1     3     2    21
  3.4337069150389721E-01 a       772     1     3     2    22
 -9.2775254101151172E-01 a       773     1     3     2    23
 -5.6984454456934663E-01 a       774     1     3     2    24
 -5.0501561841433529E-01 a       775     1     3     2    25
 -9.6594274789615664E-01 a       776     1     4     2     1
  1.2979125420093103E+00 a       777     1     4     2     2
 -1.0807777005224279E+00 a       778     1     4     2     3
  1.8925347792898670E-01 a       779     1     4     2     4
 -8.6258393501350872E-01 a       780     1     4     2     5
  1.4596700797787996E+00 a       781     1     4     2     6
  6.8314249143758565E-01 a       782     1     4     2     7
  3.4248934626000166E-01 a       783     1     4     2     8
 -1.0667808601518616E+00 a       784     1     4     2     9
 -1.7789929643818483E+00 a       785     1     4     2    10
  1.5751492772316078E+00 a       786     1     4     2    11
  6.1571637560582559E-01 a       787     1     4     2    12
  2.2526955463826810E+00 a       788     1     4     2    13
 -2.4549214867816396E-01 a       789     1     4     2    14
  1.3730080770482163E+00 a       790     1     4     2    15
  3.0158701398064730E-01 a       791     1     4     2    16
 -3.8537409499884566E-02 a       792     1     4     2    17
  1.0024041977590264E-01 a       793     1     4     2    18
 -6.8833554813940012E-01 a       794     1     4     2    19
 -3.6844563476499657E+00 a       795     1     4     2    20
  1.0680532886650109E+00 a       796     1     4     2    21
  4.4230660219816254E-01 a       797     1     4     2    22
 -2.9433747653836156E-01 a       798     1     4     2    23
 -1.4075218376370535E+00 a       799     1     4     2    24
 -1.2082622320935243E+00 a       800     1     4     2    25
 -1.0652124307169695E+00 a       801     1     5     2     1
  6.7616098415155379E-01 a       802     1     5     2     2
 -1.3907535135827971E+00 a       803     1     5     2     3
  2.1375542439947202E+00 a       804     1     5     2     4
  3.7086129396490691E-01 a       805     1     5     2     5
 -7.3984654027857522E-01 a       806     1     5     2     6
 -6.1919228318005427E-02 a       807     1     5     2     7
 -6.3885890847259585E-01 a       808     1     5     2     8
 -2.8233725447992225E-01 a       809     1     5     2     9
  2.0881683663504451E+00 a       810     1     5     2    10
 -7.4877016814177721E-01 a       811     1     5     2    11
  9.5181383090714411E-01 a       812     1     5     2    12
  3.2973358732374564E-01 a       813     1     5     2    13
 -2.7275029070558193E-01 a       814     1     5     2    14
  6.4151944319980936E-01 a       815     1     5     2    15
  1.3292181294432088E+00 a       816     1     5     2    16
  1.2057912253316097E-01 a       817     1     5     2    17
  3.2397061282629963E-01 a       818     1     5     2    18
  1.3886110196702869E-01 a       819     1     5     2    19
 -3.2707971163619627E+00 a       820     1     5     2    20
 -4.1003201754000544E+00 a       821     1     5     2    21
 -2.0142616556491628E+00 a       822     1     5     2    22
  1.4414883752599414E-01 a       823     1     5     2    23
  2.3427762613000980E-01 a       824     1     5     2    24
  9.7097597928443469E-01 a       825     1     5     2    25
  5.9635903085044420E-02 a       826     1     6     2     1
 -8.3667978085173189E-01 a       827     1     6     2     2
 -4.4753242611503175E-01 a       828     1     6     2     3
 -2.3860792421220775E-01 a       829     1     6     2     4
 -4.8637232683758258E-01 a       830     1     6     2     5
  6.7788640101218545E-01 a       831     1     6     2     6
 -1.0276496506973200E-01 a       832     1     6     2     7
 -3.2860866530268096E-01 a       833     1     6     2     8
  1.1859665962373549E+00 a       834     1     6     2     9
 -2.4704260409918990E+00 a       835     1     6     2    10
 -1.2792261780940537E+00 a       836     1     6     2    11
 -1.5719202118192055E-01 a       837     1     6     2    12
 -3.0318878426175786E+00 a       838     1     6     2    13
 -9.8886067535432298E-01 a       839     1     6     2    14
  9.6357734002212458E-01 a       840     1     6     2    15
 -7.7583849989848652E-01 a       841     1     6     2    16
  7.6859922175658046E-01 a       842     1     6     2    17
  1.1960832875002032E-01 a       843     1     6     2    18
 -8.7251245649957343E-02 a       844     1     6     2    19
  1.5378098783378744E+00 a       845     1     6     2    20
  1.3681018000017791E+00 a       846     1     6     2    21
  2.3421545359450451E+00 a       847     1     6     2    22
 -2.7400874797630237E-01 a       848     1     6     2    23
 -9.9540033910817693E-01 a       849     1     6     2    24
  9.5132906963812403E-01 a       850     1     6     2    25
  4.5082827705939987E-01 a       851     1     7     2     1
  1.1015752774626952E+00 a       852     1     7     2     2
 -8.7738431410770168E-01 a       853     1     7     2     3
 -2.7010526689861353E-01 a       854     1     7     2     4
  4.0098224961106721E-01 a       855     1     7     2     5
 -2.6054434581616726E-01 a       856     1     7     2     6
  5.1951344057292659E-01 a       857     1     7     2     7
 -1.6563235546046706E+00 a       858     1     7     2     8
  1.7699456871890920E+00 a       859     1     7     2     9
 -4.0218371837634894E+00 a       860     1     7     2    10
  1.9707894501888637E-01 a       861     1     7     2    11
  6.5004589675864199E-01 a       862     1     7     2    12
 -1.4750185811777865E+00 a       863     1     7     2    13
 -2.0575205828275567E-01 a       864     1     7     2    14
 -5.1056776088759115E-01 a       865     1     7     2    15
 -3.3390786320451160E-01 a       866     1     7     2    16
  3.3385129321593787E-01 a       867     1     7     2    17
 -2.8047422622652779E-01 a       868     1     7     2    18
 -4.6664738041142773E-01 a       869     1     7     2    19
  3.6762488911253072E-01 a       870     1     7     2    20
  2.1605150018981178E+00 a       871     1     7     2    21
  4.7588239211011613E-01 a       872     1     7     2    22
  2.3156944950785971E-01 a       873     1     7     2    23
  1.2548859496247083E-01 a       874     1     7     2    24
 -4.8705337428591755E-01 a       875     1     7     2    25
 -1.2276091654312320E+00 a       876     1     8     2     1
  9.0723297768490607E-01 a       877     1     8     2     2
  3.9887476745170294E+00 a       878     1     8     2     3
  6.8274041828255616E-01 a       879     1     8     2     4
 -5.7126076904847924E-02 a       880     1     8     2     5
  4.9653328970350574E-02 a       881     1     8     2     6
  1.4798690758109858E+00 a       882     1     8     2     7
  4.3350290354055243E+00 a       883     1     8     2     8
  9.0286613880001976E-01 a       884     1     8     2     9
 -2.1108032111987680E+00 a       885     1     8     2    10
 -1.7763281014074395E+00 a       886     1     8     2    11
 -7.9402598549372394E-01 a       887     1     8     2    12
 -4.8558433792213468E-01 a       888     1     8     2    13
  4.8370521997551363E-01 a       889     1     8     2    14
  1.5380420880254930E-01 a       890     1     8     2    15
 -1.9056663204581326E-01 a       891     1     8     2    16
  6.7625411320430773E-01 a       892     1     8     2    17
  8.0135268847243346E-01 a       893     1     8     2    18
 -3.0582537205082672E-01 a       894     1     8     2    19
  2.2806703141070144E+00 a       895     1     8     2    20
  4.1728637721315955E+00 a       896     1     8     2    21
  3.1161737116375781E+00 a       897     1     8     2    22
  9.0815989286037541E-02 a       898     1     8     2    23
 -8.8836754927742212E-01 a       899     1     8     2    24
  7.6194543167754747E-01 a       900     1     8     2    25
 -1.0905283724541992E+00 a       901     1     9     2     1
 -2.1495640643345057E-01 a       902     1     9     2     2
  1.6682383083318450E-01 a       903     1     9     2     3
  1.4946496957257573E+00 a       904     1     9     2     4
 -4.4909329979087054E-01 a       905     1     9     2     5
 -7.9869249812830267E-01 a       906     1     9     2     6
  5.2049962313084164E-01 a       907     1     9     2     7
  4.2166675243267782E-01 a       908     1     9     2     8
 -1.5532048529438508E-01 a       909     1     9     2     9
 -1.2317395963025590E+00 a       910     1     9     2    10
 -1.3633104402623164E+00 a       911     1     9     2    11
 -4.7910946945124566E-01 a       912     1     9     2    12
 -3.3821260036205719E-01 a       913     1     9     2    13
  1.6541315179972269E+00 a       914     1     9     2    14
 -2.7549111330481191E-01 a       915     1     9     2    15
 -1.3070623441398727E-01 a       916     1     9     2    16
 -2.2910850857974144E-01 a       917     1     9     2    17
  7.0705549468657192E-01 a       918     1     9     2    18
 -3.7929774529555205E-01 a       919     1     9     2    19
 -1.2777687989477443E-01 a       920     1     9     2    20
  9.6653313758622586E-02 a       921     1     9     2    21
  7.4992300025727335E-02 a       922     1     9     2    22
  1.1241883156314407E+00 a       923     1     9     2    23
  7.9358782839833530E-01 a       924     1     9     2    24
 -1.3243491278567656E+00 a       925     1     9     2    25
  1.7723806583228214E+00 a       926     1    10     2     1
 -1.1806695470454884E+00 a       927     1    10     2     2
 -1.5083596625100901E+00 a       928     1    10     2     3
 -2.0293166835155343E-01 a       929     1    10     2     4
  4.3836086968793142E-01 a       930     1    10     2     5
 -5.0445280556880551E-02 a       931     1    10     2     6
 -5.7829649811184936E-01 a       932     1    10     2     7
 -6.6763090700313308E+00 a       933     1    10     2     8
 -2.5580259474470384E+00 a       934     1    10     2     9
  3.2737228156877172E+00 a       935     1    10     2    10
 -9.7373695274725658E-01 a       936     1    10     2    11
  1.3826016041544418E+00 a       937     1    10     2    12
 -6.1837818267970757E-01 a       938     1    10     2    13
  9.7413227202748498E-01 a       939     1    10     2    14
  1.3278644003253843E+00 a       940     1    10     2    15
 -1.4201584736362634E+00 a       941     1    10     2    16
 -1.5803040941148609E+00 a       942     1    10     2    17
  1.7837647761588027E-01 a       943     1    10     2    18
  3.6648493609968763E-01 a       944     1    10     2    19
 -2.0195705311976635E+00 a       945     1    10     2    20
 -2.5767289653152092E+00 a       946     1    10     2    21
  5.9583791312838796E-01 a       947     1    10     2    22
 -5.8169800549666761E-01 a       948     1    10     2    23
  5.8064466840931056E-02 a       949     1    10     2    24
  2.6940965559565182E+00 a       950     1    10     2    25
  1.7941215195087161E+00 a       951     1    11     2     1
  7.2724729727446058E-01 a       952     1    11     2     2
 -1.7837466316360802E+00 a       953     1    11     2     3
 -1.4040825934592877E-01 a       954     1    11     2     4
 -4.8266280369939568E-01 a       955     1    11     2     5
  4.3989686845702825E-01 a       956     1    11     2     6
  1.1033327518873477E+00 a       957     1    11     2     7
 -7.5985583360643908E-03 a       958     1    11     2     8
 -3.6861091350155175E+00 a       959     1    11     2     9
 -1.2040202817652508E+00 a       960     1    11     2    10
 -3.6854179175169044E-01 a       961     1    11     2    11
  9.1328404527996931E-01 a       962     1    11     2    12
 -1.7087640393243424E+00 a       963     1    11     2    13
  9.6070839310321621E-02 a       964     1    11     2    14
  8.3286376656397687E-01 a       965     1    11     2    15
  3.9754189706563314E-01 a       966     1    11     2    16
  2.9455585568822801E-01 a       967     1    11     2    17
 -6.3461135209087027E-02 a       968     1    11     2    18
 -1.1331633771623438E-01 a       969     1    11     2    19
  7.6802708994452717E-01 a       970     1    11     2    20
 -3.6916687033823674E+00 a       971     1    11     2    21
 -2.4611696726085097E+00 a       972     1    11     2    22
  7.2691986876801784E-01 a       973     1    11     2    23
  9.6232611270821133E-01 a       974     1    11     2    24
 -2.4554419219921436E-01 a       975     1    11     2    25
 -9.1069123744011482E-01 a       976     1    12     2     1
  4.2889804334379032E-03 a       977     1    12     2     2
 -8.2052073993734875E-01 a       978     1    12     2     3
  1.6845746788322635E-01 a       979     1    12     2     4
  3.3780064683539501E-01 a       980     1    12     2     5
  3.1582143777713817E-01 a       981     1    12     2     6
  1.0546238510992973E+00 a       982     1    12     2     7
 -1.0172548058311106E-02 a       983     1    12     2     8
  7.3374668978040691E-01 a       984     1    12     2     9
  3.7828605466212495E+00 a       985     1    12     2    10
 -3.1915397703815207E-01 a       986     1    12     2    11
  1.0429606916491423E+00 a       987     1    12     2    12
 -8.8255987130231117E-01 a       988     1    12     2    13
  3.2598833966802537E-01 a       989     1    12     2    14
 -8.7008274119121509E-01 a       990     1    12     2    15
  2.0196146592683961E+00 a       991     1    12     2    16
 -4.1343052134322023E-01 a       992     1    12     2    17
 -9.2042105737694710E-02 a       993     1    12     2    18
 -1.8444921307355413E+00 a       994     1    12     2    19
 -1.4595161695774854E+00 a       995     1    12     2    20
  1.9098354393445882E+00 a       996     1    12     2    21
 -1.2732096494831793E+00 a       997     1    12     2    22
  4.9102767165379591E-01 a       998     1    12     2    23
  7.9319139264001393E-01 a       999     1    12     2    24
 -1.9750385554263259E+00 a      1000     1    12     2    25
  6.1926479514165444E-01 a      1001     1    13     2     1
  7.8865081135690451E-01 a      1002     1    13     2     2
 -9.7390499244943640E-01 a      1003     1    13     2     3
 -3.2304867590785863E-01 a      1004     1    13     2     4
  6.6790371718909902E-01 a      1005     1    13     2     5
  1.5866801833628269E-01 a      1006     1    13     2     6
  6.8901138981947896E-01 a      1007     1    13     2     7
  1.4630792046569836E+00 a      1008     1    13     2     8
  3.1597212893666676E-01 a      1009     1    13     2     9
 -4.9024028611003395E-01 a      1010     1    13     2    10
 -2.2568636212778695E-01 a      1011     1    13     2    11
  3.7206799360688569E-01 a      1012     1    13     2    12
  1.1118827156831523E+00 a      1013     1    13     2    13
 -9.6781807593499330E-02 a      1014     1    13     2    14
 -4.3365794746584907E-01 a      1015     1    13     2    15
  4.9565191270703951E-01 a      1016     1    13     2    16
 -1.7672513187132166E-01 a      1017     1    13     2    17
 -5.0403343601398243E-01 a      1018     1    13     2    18
 -3.1373327015136246E-02 a      1019     1    13     2    19
  2.1338746080657989E-01 a      1020     1    13     2    20
  6.2991073941175380E-01 a      1021     1    13     2    21
 -1.7039097494350617E+00 a      1022     1    13     2    22
 -5.0093457324886326E-01 a      1023     1    13     2    23
  1.5135627317046503E+00 a      1024     1    13     2    24
 -1.0302711813748346E+00 a      1025     1    13     2    25
  7.5116496569309132E-01 a      1026     1    14     2     1
  3.0541473232284106E+00 a      1027     1    14     2     2
  6.7131863762568633E-01 a      1028     1    14     2     3
 -1.1195219531300187E-02 a      1029     1    14     2     4
 -9.3680678396570838E-01 a      1030     1    14     2     5
 -2.3977394298785165E-01 a      1031     1    14     2     6
  1.2967087820726124E+00 a      1032     1    14     2     7
  3.4358376351123172E+00 a      1033     1    14     2     8
  1.4914345146099366E+00 a      1034     1    14     2     9
 -8.5995564645259641E+00 a      1035     1    14     2    10
  1.1386376044965270E-01 a      1036     1    14     2    11
  1.7225799032196281E+00 a      1037     1    14     2    12
 -6.3609315968935043E-02 a      1038     1    14     2    13
 -9.0242958192565570E-01 a      1039     1    14     2    14
 -2.6165707276916308E+00 a      1040     1    14     2    15
 -2.6967187407213078E-01 a      1041     1    14     2    16
  1.6940840832732668E-01 a      1042     1    14     2    17
 -1.2460996252624601E+00 a      1043     1    14     2    18
 -1.1066582026466387E+00 a      1044     1    14     2    19
  3.3680147939537584E+00 a      1045     1    14     2    20
  4.4746177106618584E-01 a      1046     1    14     2    21
 -1.7411330063890220E+00 a      1047     1    14     2    22
  1.0050344377770146E+00 a      1048     1    14     2    23
  7.7185740749083109E-01 a      1049     1    14     2    24
 -2.2234315801166984E+00 a      1050     1    14     2    25
 -6.0431433493020537E-01 a      1051     1    15     2     1
 -3.4701671277654350E-01 a      1052     1    15     2     2
  2.0039022609821386E-01 a      1053     1    15     2     3
 -9.3660271327047684E-01 a      1054     1    15     2     4
  1.0477736200749017E+00 a      1055     1    15     2     5
 -1.7839554034540003E-01 a      1056     1    15     2     6
  7.0591437694825043E-01 a      1057     1    15     2     7
  1.0484847974001237E+00 a      1058     1    15     2     8
  3.7026667351842013E-01 a      1059     1    15     2     9
 -1.8066376505887332E+00 a      1060     1    15     2    10
 -2.3975479322942556E-01 a      1061     1    15     2    11
 -1.5736483895729523E+00 a      1062     1    15     2    12
 -1.2344134086145284E+00 a      1063     1    15     2    13
 -3.3430508454194141E-01 a      1064     1    15     2    14
 -3.9298584325695191E-01 a      1065     1    15     2    15
  9.6614871823458259E-01 a      1066     1    15     2    16
 -9.0426683107284658E-03 a      1067     1    15     2    17
  4.8849915099442220E-01 a      1068     1    15     2    18
  1.6160870622600174E-01 a      1069     1    15     2    19
  1.3808424811212496E+00 a      1070     1    15     2    20
  2.8574525059774603E-01 a      1071     1    15     2    21
  4.6136099924299445E-01 a      1072     1    15     2    22
  3.1358949767015021E-01 a      1073     1    15     2    23
 -9.5012587294482875E-01 a      1074     1    15     2    24
  4.4025959166909495E-01 a      1075     1    15     2    25
 -5.5032182633631854E-01 a      1076     1    16     2     1
 -2.5894773393344410E+00 a      1077     1    16     2     2
 -2.3765697959497127E+00 a      1078     1    16     2     3
 -9.5925359235888563E-01 a      1079     1    16     2     4
 -1.3527580958871750E+00 a      1080     1    16     2     5
 -6.3415769912701481E-01 a      1081     1    16     2     6
 -7.6638801932465328E-01 a      1082     1    16     2     7
 -5.4166492032664237E+00 a      1083     1    16     2     8
  6.7769124796403457E-01 a      1084     1    16     2     9
  5.9569091410021988E+00 a      1085     1    16     2    10
 -1.8444595720305546E+00 a      1086     1    16     2    11
 -1.1006294379240558E+00 a      1087     1    16     2    12
 -4.0019487895029044E+00 a      1088     1    16     2    13
  4.5279025619655668E-02 a      1089     1    16     2    14
 -1.0360323624193739E+00 a      1090     1    16     2    15
 -3.6367720977154333E-01 a      1091     1    16     2    16
 -1.4671762548952827E-01 a      1092     1    16     2    17
 -1.4078085130822063E-01 a      1093     1    16     2    18
  1.9633283417473463E-01 a      1094     1    16     2    19
  2.8448163951719883E+00 a      1095     1    16     2    20
  5.5509518412578363E-01 a      1096     1    16     2    21
  1.9580660776269061E+00 a      1097     1    16     2    22
  1.1823210194398674E-01 a      1098     1    16     2    23
  7.0907194559880182E-01 a      1099     1    16     2    24
  9.5506264390572970E-01 a      1100     1    16     2    25
 -2.3847595498116991E-01 a      1101     1    17     2     1
  1.0569257183005475E-01 a      1102     1    17     2     2
 -1.2653339765452509E+00 a      1103     1    17     2     3
 -1.2225868258332864E-01 a      1104     1    17     2     4
 -1.0644103142035426E-01 a      1105     1    17     2     5
  7.7056712525558801E-01 a      1106     1    17     2     6
  2.7817346169120749E-01 a      1107     1    17     2     7
  2.2511647982756560E+00 a      1108     1    17     2     8
  2.5274873183852115E-01 a      1109     1    17     2     9
  1.1683968562680898E+00 a      1110     1    17     2    10
 -7.4137573060707646E-02 a      1111     1    17     2    11
 -5.5830499542302270E-01 a      1112     1    17     2    12
  4.2591327182441302E-01 a      1113     1    17     2    13
 -8.4549675864111162E-01 a      1114     1    17     2    14
  7.9937705495997557E-01 a      1115     1    17     2    15
 -1.4966464931502346E-01 a      1116     1    17     2    16
  9.2262032202037200E-02 a      1117     1    17     2    17
 -4.3403504094418888E-01 a      1118     1    17     2    18
 -6.4611976009836525E-01 a      1119     1    17     2    19
 -1.5308076890656075E-01 a      1120     1    17     2    20
 -4.5312576960628537E-01 a      1121     1    17     2    21
 -9.8772257244726758E-01 a      1122     1    17     2    22
 -1.1858399941629871E-01 a      1123     1    17     2    23
 -4.0058893237740228E-01 a      1124     1    17     2    24
 -1.2438080043417556E+00 a      1125     1    17     2    25
  1.8317949584700341E-01 a      1126     1    18     2     1
 -3.6220060995875873E+00 a      1127     1    18     2     2
  1.8519253392042863E+00 a      1128     1    18     2     3
 -2.3716894511311301E-01 a      1129     1    18     2     4
 -2.4050675488022824E-01 a      1130     1    18     2     5
  6.0344398238614250E-01 a      1131     1    18     2     6
 -2.4077559738045190E-01 a      1132     1    18     2     7
 -6.5264145081451979E+00 a      1133     1    18     2     8
 -4.0069326311020954E-02 a      1134     1    18     2     9
  1.0566382030794534E-01 a      1135     1    18     2    10
  5.5583481448912941E-01 a      1136     1    18     2    11
 -5.0340156713801942E-01 a      1137     1    18     2    12
 -6.3041323337578414E-01 a      1138     1    18     2    13
 -1.4111142776714228E-01 a      1139     1    18     2    14
  6.7762415530328346E-01 a      1140     1    18     2    15
  1.9727879962882706E+00 a      1141     1    18     2    16
  6.6737635670377882E-01 a      1142     1    18     2    17
 -5.3596168024092361E-01 a      1143     1    18     2    18
  3.6828433321194065E-01 a      1144     1    18     2    19
 -1.7354686396086361E+00 a      1145     1    18     2    20
 -1.4973491418362499E+00 a      1146     1    18     2    21
 -7.8566019652862662E-01 a      1147     1    18     2    22
 -8.2619558982264563E-01 a      1148     1    18     2    23
 -2.2329433233082399E-01 a      1149     1    18     2    24
  4.0036058302110079E-02 a      1150     1    18     2    25
  8.4415642609326447E-01 a      1151     1    19     2     1
  2.2675500307511259E-01 a      1152     1    19     2     2
  2.0161108846906575E+00 a      1153     1    19     2     3
 -1.4574418664003814E+00 a      1154     1    19     2     4
  5.5454623152146720E-01 a      1155     1    19     2     5
 -4.3110763839960264E-01 a      1156     1    19     2     6
 -7.1731627194713676E-01 a      1157     1    19     2     7
 -1.5787891584405982E+00 a      1158     1    19     2     8
  2.6213103913634322E-01 a      1159     1    19     2     9
  3.0350001636172652E-01 a      1160     1    19     2    10
  2.1430169193170079E-01 a      1161     1    19     2    11
 -1.2122178340560250E+00 a      1162     1    19     2    12
 -6.8136622702614975E+00 a      1163     1    19     2    13
 -6.2052520731709182E-01 a      1164     1    19     2    14
 -1.7591926216004445E+00 a      1165     1    19     2    15
  3.7353301024302545E-02 a      1166     1    19     2    16
  9.5111344857592461E-01 a      1167     1    19     2    17
 -1.5076945999154659E-01 a      1168     1    19     2    18
 -1.4592786281745760E+00 a      1169     1    19     2    19
  3.1260468098553313E+00 a      1170     1    19     2    20
  7.4421560734529963E+00 a      1171     1    19     2    21
  4.5983823366113136E-01 a      1172     1    19     2    22
  4.6204311231371153E-01 a      1173     1    19     2    23
  2.9530841721006451E-01 a      1174     1    19     2    24
 -6.2768215087800983E-01 a      1175     1    19     2    25
 -2.3697492465481088E-01 a      1176     1    20     2     1
  2.3845238271952369E+00 a      1177     1    20     2     2
  7.8687269589481923E-01 a      1178     1    20     2     3
 -8.6884788558147374E-01 a      1179     1    20     2     4
 -2.6185009042080576E-01 a      1180     1    20     2     5
  1.5132976431428255E-01 a      1181     1    20     2     6
  1.3649835147095148E+00 a      1182     1    20     2     7
  1.1330297068117519E+01 a      1183     1    20     2     8
  2.2646519675240576E-01 a      1184     1    20     2     9
 -7.4292339090220176E+00 a      1185     1    20     2    10
 -1.2447265885599628E+00 a      1186     1    20     2    11
 -3.1673169889220545E+00 a      1187     1    20     2    12
 -5.9730879413133335E+00 a      1188     1    20     2    13
  1.0704481587475170E-01 a      1189     1    20     2    14
 -5.4091671504704464E-01 a      1190     1    20     2    15
 -4.7628909068515712E-01 a      1191     1    20     2    16
  1.3321953664967301E+00 a      1192     1    20     2    17
  9.2033625191375634E-01 a      1193     1    20     2    18
 -1.1422336210573099E+00 a      1194     1    20     2    19
  2.6562010974467545E+00 a      1195     1    20     2    20
  2.7693030450983291E-01 a      1196     1    20     2    21
  2.0438475913391585E+00 a      1197     1    20     2    22
  9.3399166428455116E-01 a      1198     1    20     2    23
 -3.9882586308373918E-01 a      1199     1    20     2    24
 -2.3111312771876995E+00 a      1200     1    20     2    25
  1.9392815054240814E-01 a      1201     1    21     2     1
 -1.2523214748088787E-01 a      1202     1    21     2     2
 -3.3432821823951637E+00 a      1203     1    21     2     3
 -1.7761017876903784E+00 a      1204     1    21     2     4
 -2.8630848136931408E-01 a      1205     1    21     2     5
  1.1703322638879419E+00 a      1206     1    21     2     6
  3.0499221462800935E-01 a      1207     1    21     2     7
 -1.7982797750278747E+00 a      1208     1    21     2     8
  2.2467018439137507E+00 a      1209     1    21     2     9
 -8.5857783042666702E-01 a      1210     1    21     2    10
  1.7835048782176350E+00 a      1211     1    21     2    11
 -1.1743060785614656E+00 a      1212     1    21     2    12
 -1.1583899583445416E+00 a      1213     1    21     2    13
  1.0633000344202757E+00 a      1214     1    21     2    14
  9.9423551717122927E-01 a      1215     1    21     2    15
  7.3356132377913463E-01 a      1216     1    21     2    16
  3.7308944636597835E-01 a      1217     1    21     2    17
  4.1856475718735003E-01 a      1218     1    21     2    18
  2.1461716849180903E-01 a      1219     1    21     2    19
  2.7866245807969608E-01 a      1220     1    21     2    20
  1.1229494669988935E+00 a      1221     1    21     2    21
 -2.2147671273129144E-01 a      1222     1    21     2    22
  5.7093575895420667E-01 a      1223     1    21     2    23
  2.9796414061905674E-01 a      1224     1    21     2    24
 -7.2820590110114092E-01 a      1225     1    21     2    25
 -1.3454341763603039E+00 a      1226     1    22     2     1
 -1.5270379378697002E-01 a      1227     1    22     2     2
  1.3292600753871195E+00 a      1228     1    22     2     3
  4.4959905420747642E-01 a      1229     1    22     2     4
  1.2669786169299080E+00 a      1230     1    22     2     5
 -1.2846190073040400E+00 a      1231     1    22     2     6
  3.0375970862616026E+00 a      1232     1    22     2     7
 -4.5389680152212648E+00 a      1233     1    22     2     8
 -1.0803823288278689E+00 a      1234     1    22     2     9
 -1.8081757582175098E+00 a      1235     1    22     2    10
  1.7837219141779794E+00 a      1236     1    22     2    11
 -6.0315550882917879E-01 a      1237     1    22     2    12
 -3.5717362289425187E+00 a      1238     1    22     2    13
  5.4897670221872352E-01 a      1239     1    22     2    14
 -4.3887918609701415E-01 a      1240     1    22     2    15
  1.7807653629852809E+00 a      1241     1    22     2    16
  1.5438524917816610E-01 a      1242     1    22     2    17
 -7.4969412279080649E-01 a      1243     1    22     2    18
 -3.7882986871241719E-01 a      1244     1    22     2    19
 -1.8788276301255695E+00 a      1245     1    22     2    20
 -8.0022595708027944E-01 a      1246     1    22     2    21
 -3.7364668768241631E+00 a      1247     1    22     2    22
  6.9328563525112097E-01 a      1248     1    22     2    23
  1.2640264420069294E+00 a      1249     1    22     2    24
 -1.3590889739327077E+00 a      1250     1    22     2    25
 -2.5997401791335439E-01 a      1251     1    23     2     1
 -2.4324876387254264E+00 a      1252     1    23     2     2
 -1.4696001418686033E+00 a      1253     1    23     2     3
 -4.9465586540098561E-01 a      1254     1    23     2     4
 -3.6260865372897017E-01 a      1255     1    23     2     5
  6.4992124461068390E-01 a      1256     1    23     2     6
 -4.0597011891312351E-01 a      1257     1    23     2     7
 -1.9365822638090573E+00 a      1258     1    23     2     8
 -2.5562047662822995E-01 a      1259     1    23     2     9
  2.9322421680933988E+00 a      1260     1    23     2    10
 -1.2863435543112336E+00 a      1261     1    23     2    11
 -1.4063522508546360E+00 a      1262     1    23     2    12
 -1.1362437575537412E+00 a      1263     1    23     2    13
  2.2283638271123285E-01 a      1264     1    23     2    14
  2.2734459914940550E+00 a      1265     1    23     2    15
  5.2684883191553467E-01 a      1266     1    23     2    16
  3.5256958727339738E-01 a      1267     1    23     2    17
  2.9160268605772249E-01 a      1268     1    23     2    18
  1.8091894845438650E-01 a      1269     1    23     2    19
  2.7028643953043580E-01 a      1270     1    23     2    20
 -1.3992096542111738E+00 a      1271     1    23     2    21
  3.2339888687169693E-01 a      1272     1    23     2    22
  2.3083509961365534E-01 a      1273     1    23     2    23
 -2.8619023778049985E-01 a      1274     1    23     2    24
  1.7799528554099657E+00 a      1275     1    23     2    25
 -1.8593539682898328E+00 a      1276     1    24     2     1
  8.8422152255039510E-01 a      1277     1    24     2     2
 -5.2427495912732969E-01 a      1278     1    24     2     3
 -7.5784846686143914E-01 a      1279     1    24     2     4
 -7.4675562712441845E-01 a      1280     1    24     2     5
 -7.7663826888675158E-01 a      1281     1    24     2     6
 -9.2597904781147961E-02 a      1282     1    24     2     7
  6.1409450338102038E+00 a      1283     1    24     2     8
  3.0842413073422730E+00 a      1284     1    24     2     9
 -1.9344391918218486E-02 a      1285     1    24     2    10
 -1.3189011617267554E+00 a      1286     1    24     2    11
 -1.1066811010074811E+00 a      1287     1    24     2    12
 -9.7088511558229540E-01 a      1288     1    24     2    13
  6.6683269743792281E-02 a      1289     1    24     2    14
  4.7939143125273304E-01 a      1290     1    24     2    15
  1.1107323349289522E+00 a      1291     1    24     2    16
  8.2221570464020866E-01 a      1292     1    24     2    17
  4.6557294247759246E-01 a      1293     1    24     2    18
 -1.2854470990884623E+00 a      1294     1    24     2    19
  8.1577605066122461E-01 a      1295     1    24     2    20
  2.6745339816752951E+00 a      1296     1    24     2    21
  9.1861302654085353E-01 a      1297     1    24     2    22
  8.3842849098214989E-01 a      1298     1    24     2    23
  9.7225741912673158E-01 a      1299     1    24     2    24
 -5.3234264345935745E-01 a      1300     1    24     2    25
  4.1100675945812654E-01 a      1301     1    25     2     1
 -7.3498616628070501E-01 a      1302     1    25     2     2
  2.2798029444735857E-01 a      1303     1    25     2     3
  1.8909165017363463E-01 a      1304     1    25     2     4
  2.9448935568711959E-01 a      1305     1    25     2     5
  2.8805501316455656E-01 a      1306     1    25     2     6
 -9.7492630633478838E-01 a      1307     1    25     2     7
 -2.1777994093357620E+00 a      1308     1    25     2     8
 -2.0955366957639527E+00 a      1309     1    25     2     9
  1.4530633937685897E+00 a      1310     1    25     2    10
 -1.3048351510731808E+00 a      1311     1    25     2    11
 -7.5309744167974402E-01 a      1312     1    25     2    12
 -3.0220811310438367E+00 a      1313     1    25     2    13
  5.8836821726755217E-01 a      1314     1    25     2    14
  1.4592447923557744E-01 a      1315     1    25     2    15
 -1.6946980262959219E-01 a      1316     1    25     2    16
  1.4191329876272682E-01 a      1317     1    25     2    17
  5.8253461515166871E-01 a      1318     1    25     2    18
 -2.5944053444871984E-01 a      1319     1    25     2    19
  1.6923659940697438E+00 a      1320     1    25     2    20
 -1.0052742248793982E+00 a      1321     1    25     2    21
  6.1529640000326413E-01 a      1322     1    25     2    22
  2.4942175206351558E-01 a      1323     1    25     2    23
 -2.1275682417424999E-01 a      1324     1    25     2    24
  1.2427709467862469E+00 a      1325     1    25     2    25
 -9.4451800835550515E-01 b      1326     2     1
 -3.0152732439124699E+00 b      1327     2     2
  5.1763575820275298E-02 b      1328     2     3
 -2.4586711844429029E-01 b      1329     2     4
  8.7200405207048914E-01 b      1330     2     5
 -2.0926176962510820E-01 b      1331     2     6
  1.2618310404644806E+00 b      1332     2     7
  4.1343117113854655E+00 b      1333     2     8
 -2.7815173086594353E-01 b      1334     2     9
  1.9664485290862559E+00 b      1335     2    10
 -5.3809441031793392E-01 b      1336     2    11
 -2.6465270758976280E+00 b      1337     2    12
 -3.2436982409311148E+00 b      1338     2    13
  1.1448608839577927E+00 b      1339     2    14
  1.5747609084884393E+00 b      1340     2    15
  1.7788796435330203E+00 b      1341     2    16
  1.2265897819017590E+00 b      1342     2    17
  1.0222438283895245E+00 b      1343     2    18
  7.4626325413480510E-01 b      1344     2    19
 -3.0641038296440226E+00 b      1345     2    20
 -4.4215327549724464E+00 b      1346     2    21
 -1.1157955245265978E+00 b      1347     2    22
 -8.2656522580890849E-03 b      1348     2    23
  1.4629569542621899E+00 b      1349     2    24
 -4.4081012218204635E-01 b      1350     2    25
 -8.0290450771081989E+00 a      1351     2     1     3     1
 -2.3645229909704946E+00 a      1352     2     2     3     1
  3.0178837639205462E+00 a      1353     2     3     3     1
 -5.6864497788354766E+00 a      1354     2     4     3     1
  1.7266573945389471E+01 a      1355     2     5     3     1
  4.2328316276070037E+00 a      1356     2     6     3     1
 -2.6238920430248442E+00 a      1357     2     7     3     1
  2.6057648532367300E-01 a      1358     2     8     3     1
  1.9783190377118773E+00 a      1359     2     9     3     1
  3.8187549773128637E-01 a      1360     2    10     3     1
 -3.9558225219773178E+00 a      1361     2    11     3     1
  8.0737749182411598E+00 a      1362     2    12     3     1
 -6.3911484717321398E-01 a      1363     2    13     3     1
  9.0625819408395980E+00 a      1364     2    14     3     1
 -3.9927930247938943E+00 a      1365     2    15     3     1
 -8.8484908964544715E+00 a      1366     2    16     3     1
  1.6172606076192846E+01 a      1367     2    17     3     1
 -2.1153604468900618E+01 a      1368     2    18     3     1
 -1.2872634964498857E+01 a      1369     2    19     3     1
 -2.9184404455519832E+00 a      1370     2    20     3     1
 -1.4922115615093141E+00 a      1371     2    21     3     1
 -5.2970456428349033E+00 a      1372     2    22     3     1
  9.2200588627515589E+00 a      1373     2    23     3     1
  6.3009926643789615E+00 a      1374     2    24     3     1
  3.4689001142553835E+00 a      1375     2    25     3     1
  1.4715557106401767E-02 b      1376     3     1
