################################################################################
# Neural network connection values (weights and biases).
################################################################################
# Col  Name       Description
################################################################################
# 1    connection Neural network connection value.
# 2    t          Connection type (a = weight, b = bias).
# 3    index      Index enumerating weights.
# 4    l_s        Starting point layer (end point layer for biases).
# 5    n_s        Starting point neuron in starting layer (end point neuron for biases).
# 6    l_e        End point layer.
# 7    n_e        End point neuron in end layer.
################################################################################
#                      1 2         3     4     5     6     7
#             connection t     index   l_s   n_s   l_e   n_e
############################################################
 -3.7337678457561294E-02 a         1     0     1     1     1
  2.7105490931005555E-01 a         2     0     1     1     2
 -2.4886857059472092E-01 a         3     0     1     1     3
 -1.6430288393206305E-01 a         4     0     1     1     4
  6.7892284304085754E-02 a         5     0     1     1     5
 -1.5104206803616957E-01 a         6     0     1     1     6
 -2.9248248605725441E-01 a         7     0     1     1     7
  2.1964240226605314E-02 a         8     0     1     1     8
 -7.7257737290702996E-02 a         9     0     1     1     9
 -1.9681597538942486E-01 a        10     0     1     1    10
 -2.3682459026336011E-01 a        11     0     1     1    11
 -1.7795472468333801E-01 a        12     0     1     1    12
 -1.5811211873744319E-01 a        13     0     1     1    13
 -7.1106760671817409E-04 a        14     0     1     1    14
 -4.3858708734360229E-02 a        15     0     1     1    15
  6.3666573556300746E-02 a        16     0     2     1     1
  1.8785902598701773E-01 a        17     0     2     1     2
  2.2877728202693914E-01 a        18     0     2     1     3
 -5.9625478212477517E-02 a        19     0     2     1     4
 -7.3565857762700221E-02 a        20     0     2     1     5
  1.9992712920904626E-02 a        21     0     2     1     6
 -2.1539364068472042E-01 a        22     0     2     1     7
 -1.4386225755196944E-01 a        23     0     2     1     8
 -2.9084081877749729E-01 a        24     0     2     1     9
 -2.5064599200619636E-01 a        25     0     2     1    10
  3.7347146773012936E-02 a        26     0     2     1    11
  5.9357556848358611E-02 a        27     0     2     1    12
 -1.3518057646328502E-01 a        28     0     2     1    13
  4.0628028736902050E-02 a        29     0     2     1    14
 -2.1767247249275468E-01 a        30     0     2     1    15
  3.2684403732055545E-01 a        31     0     3     1     1
  3.0833705406279249E-02 a        32     0     3     1     2
  3.6020098378944106E-02 a        33     0     3     1     3
  1.9097972559295381E-01 a        34     0     3     1     4
  2.2144668237199769E-01 a        35     0     3     1     5
 -2.1618489259971449E-01 a        36     0     3     1     6
  2.6083915243747702E-01 a        37     0     3     1     7
 -2.4082605005156621E-01 a        38     0     3     1     8
  9.7233391461107752E-02 a        39     0     3     1     9
 -1.7824090243559271E-01 a        40     0     3     1    10
  2.1631737744142471E-01 a        41     0     3     1    11
 -1.2635966851862238E-01 a        42     0     3     1    12
 -8.9139417655887274E-02 a        43     0     3     1    13
 -1.6596896267739220E-01 a        44     0     3     1    14
 -2.5740078441459907E-01 a        45     0     3     1    15
  2.6542332579409872E-01 a        46     0     4     1     1
  2.5180553408964501E-01 a        47     0     4     1     2
 -1.4505197791738425E-01 a        48     0     4     1     3
 -1.7126785885802928E-01 a        49     0     4     1     4
 -1.3161066276411837E-01 a        50     0     4     1     5
  9.4514632102142268E-02 a        51     0     4     1     6
  1.8410311188501743E-01 a        52     0     4     1     7
  1.2529422147354549E-01 a        53     0     4     1     8
 -2.7372868997598987E-01 a        54     0     4     1     9
 -2.1866624273683263E-01 a        55     0     4     1    10
  2.4330727372631414E-01 a        56     0     4     1    11
 -1.0479305205752483E-01 a        57     0     4     1    12
 -8.7279194581464992E-02 a        58     0     4     1    13
 -2.1678316741117751E-01 a        59     0     4     1    14
 -1.6075751326553614E-01 a        60     0     4     1    15
  4.7461148324528246E-02 a        61     0     5     1     1
  3.0912825459119428E-02 a        62     0     5     1     2
  9.7908961314339640E-02 a        63     0     5     1     3
  1.3234191119740335E-01 a        64     0     5     1     4
  1.3195771290698896E-01 a        65     0     5     1     5
 -1.4962768728581130E-01 a        66     0     5     1     6
  1.4107092490241704E-01 a        67     0     5     1     7
  1.2989887238481493E-01 a        68     0     5     1     8
 -1.0369038311206295E-01 a        69     0     5     1     9
 -1.4029621055038707E-01 a        70     0     5     1    10
  3.1466488511328009E-02 a        71     0     5     1    11
  1.8359644248523230E-01 a        72     0     5     1    12
 -1.2948174819584582E-01 a        73     0     5     1    13
  2.7120023720094483E-01 a        74     0     5     1    14
 -2.3939578368306538E-01 a        75     0     5     1    15
 -1.0614258029781815E-01 a        76     0     6     1     1
  2.2009605273635696E-01 a        77     0     6     1     2
 -2.0269921548879455E-01 a        78     0     6     1     3
  2.3688680249537095E-01 a        79     0     6     1     4
 -2.5016748615423345E-01 a        80     0     6     1     5
 -6.4649929755795102E-02 a        81     0     6     1     6
 -2.2018764303847765E-01 a        82     0     6     1     7
  7.3094689867758073E-03 a        83     0     6     1     8
 -1.1691439140619901E-01 a        84     0     6     1     9
  1.5075899240214946E-01 a        85     0     6     1    10
 -6.3241119575833893E-02 a        86     0     6     1    11
 -1.1980552236091001E-01 a        87     0     6     1    12
  5.9848326832790642E-02 a        88     0     6     1    13
  1.6679075819862255E-01 a        89     0     6     1    14
  1.2149410453728736E-01 a        90     0     6     1    15
  2.4937191732981989E-01 a        91     0     7     1     1
  2.1892999188495413E-01 a        92     0     7     1     2
 -8.9984488882177596E-02 a        93     0     7     1     3
 -2.2035686815610545E-01 a        94     0     7     1     4
 -5.6850804187061149E-02 a        95     0     7     1     5
 -2.3570627736168526E-02 a        96     0     7     1     6
 -5.3628394691087128E-02 a        97     0     7     1     7
  1.5877021628576565E-01 a        98     0     7     1     8
  1.9127250503669027E-01 a        99     0     7     1     9
  2.7849810331306093E-02 a       100     0     7     1    10
 -2.7482182278092282E-01 a       101     0     7     1    11
  3.0511575800582569E-01 a       102     0     7     1    12
  3.4067523027122792E-01 a       103     0     7     1    13
  1.0790586009230876E-01 a       104     0     7     1    14
  8.2220466989195315E-02 a       105     0     7     1    15
  7.6328879102441544E-02 a       106     0     8     1     1
  2.9154749614887671E-01 a       107     0     8     1     2
 -3.6671516605712572E-02 a       108     0     8     1     3
  3.9386012566176902E-02 a       109     0     8     1     4
  1.5697583127858719E-01 a       110     0     8     1     5
  8.7202143482758565E-02 a       111     0     8     1     6
 -4.1662684499711627E-01 a       112     0     8     1     7
 -2.3919125874735988E-02 a       113     0     8     1     8
  2.2336742861514447E-01 a       114     0     8     1     9
 -1.3552491922185761E-01 a       115     0     8     1    10
 -4.9482511879221223E-02 a       116     0     8     1    11
  1.0544237558960046E-01 a       117     0     8     1    12
  1.9915154833884546E-01 a       118     0     8     1    13
 -2.1265386226665570E-01 a       119     0     8     1    14
 -5.9217402799723699E-02 a       120     0     8     1    15
  4.4991903384955269E-02 a       121     0     9     1     1
 -8.4685656102503740E-02 a       122     0     9     1     2
 -1.4264021864632659E-01 a       123     0     9     1     3
  2.2327260154439790E-01 a       124     0     9     1     4
  1.9073103488079138E-01 a       125     0     9     1     5
 -1.4130924032196671E-01 a       126     0     9     1     6
 -1.1518431830416431E-01 a       127     0     9     1     7
  2.1837459298574630E-01 a       128     0     9     1     8
  2.8467924130890471E-01 a       129     0     9     1     9
  1.3304729301662591E-01 a       130     0     9     1    10
 -2.8907822846874381E-01 a       131     0     9     1    11
  5.7011451091448957E-02 a       132     0     9     1    12
  3.4846580294658802E-01 a       133     0     9     1    13
  1.7844729858973848E-01 a       134     0     9     1    14
  1.1083778534691480E-01 a       135     0     9     1    15
 -1.1723728165982097E-01 a       136     0    10     1     1
 -1.9709377368406769E-01 a       137     0    10     1     2
 -2.6214501093651560E-01 a       138     0    10     1     3
 -1.4597451114866469E-01 a       139     0    10     1     4
 -2.7564452426927599E-01 a       140     0    10     1     5
 -4.3337659759712252E-02 a       141     0    10     1     6
 -1.8288517983172414E-01 a       142     0    10     1     7
  9.3576036408932126E-02 a       143     0    10     1     8
 -1.5125077801664347E-01 a       144     0    10     1     9
 -1.3013761123482976E-02 a       145     0    10     1    10
  6.1146112804039802E-03 a       146     0    10     1    11
 -1.8400995058168054E-01 a       147     0    10     1    12
  1.6295992951780917E-02 a       148     0    10     1    13
  1.7025361952692297E-01 a       149     0    10     1    14
  1.8720688182158687E-01 a       150     0    10     1    15
  6.8010024679051276E-02 a       151     0    11     1     1
 -1.9787506302097471E-01 a       152     0    11     1     2
  2.4359821594291367E-01 a       153     0    11     1     3
 -2.0462469950385617E-01 a       154     0    11     1     4
  2.1235148573193227E-01 a       155     0    11     1     5
 -5.5878563335192505E-02 a       156     0    11     1     6
 -3.4746145423174790E-01 a       157     0    11     1     7
 -9.1318252046509160E-02 a       158     0    11     1     8
  1.1584742397476951E-02 a       159     0    11     1     9
  2.3915689189055414E-01 a       160     0    11     1    10
  4.8869642443413457E-02 a       161     0    11     1    11
 -1.5582652369845334E-02 a       162     0    11     1    12
 -2.2009809824338991E-01 a       163     0    11     1    13
  1.3119369812807230E-01 a       164     0    11     1    14
  2.2524968656114761E-01 a       165     0    11     1    15
  1.3052815169413107E-01 a       166     0    12     1     1
 -1.3865743194146354E-01 a       167     0    12     1     2
 -2.5399073539097494E-01 a       168     0    12     1     3
 -1.4311834985066588E-01 a       169     0    12     1     4
 -4.5563744474851793E-02 a       170     0    12     1     5
  1.0100451286901743E-01 a       171     0    12     1     6
  1.1844453290777202E-01 a       172     0    12     1     7
 -7.0927238887346325E-02 a       173     0    12     1     8
  5.5438769907727697E-02 a       174     0    12     1     9
 -2.0651493329696494E-01 a       175     0    12     1    10
  1.6208284414058605E-01 a       176     0    12     1    11
 -3.2669937626838119E-02 a       177     0    12     1    12
  4.4698455145085560E-02 a       178     0    12     1    13
  2.7123962173335129E-02 a       179     0    12     1    14
  2.4442106688086007E-01 a       180     0    12     1    15
 -1.6321810202798737E-01 a       181     0    13     1     1
 -2.0620541850946703E-01 a       182     0    13     1     2
 -2.7606604187662603E-01 a       183     0    13     1     3
 -1.6811005008949047E-02 a       184     0    13     1     4
 -2.7124997579945692E-01 a       185     0    13     1     5
 -1.2431792855246145E-01 a       186     0    13     1     6
  3.7487511279471142E-02 a       187     0    13     1     7
  8.3918923343585416E-02 a       188     0    13     1     8
  2.2988349851949516E-01 a       189     0    13     1     9
  2.8586366456647555E-01 a       190     0    13     1    10
 -7.1820669063321213E-02 a       191     0    13     1    11
 -1.7183681473289611E-01 a       192     0    13     1    12
 -4.7268870588529729E-02 a       193     0    13     1    13
  2.3090608225071962E-01 a       194     0    13     1    14
 -7.2221193041055468E-02 a       195     0    13     1    15
  1.8178353645374126E-01 a       196     0    14     1     1
  5.7835110888913549E-02 a       197     0    14     1     2
  1.8790347521822401E-01 a       198     0    14     1     3
 -3.7830630964037180E-02 a       199     0    14     1     4
 -5.7511969273935218E-02 a       200     0    14     1     5
  3.3172405548431622E-02 a       201     0    14     1     6
 -2.0907619436718683E-01 a       202     0    14     1     7
 -8.9813360346584048E-02 a       203     0    14     1     8
 -5.1936235073025173E-02 a       204     0    14     1     9
  2.3619430839639460E-01 a       205     0    14     1    10
  8.7516428289989054E-02 a       206     0    14     1    11
  2.8778242591140979E-01 a       207     0    14     1    12
  3.9187291252085021E-01 a       208     0    14     1    13
 -1.0667141087407912E-01 a       209     0    14     1    14
 -1.9580285164166844E-01 a       210     0    14     1    15
 -1.1133215410815323E-01 a       211     0    15     1     1
  1.1242548642202538E-01 a       212     0    15     1     2
 -1.6444107129806523E-01 a       213     0    15     1     3
 -1.5249703752360255E-01 a       214     0    15     1     4
  9.7715346156106511E-02 a       215     0    15     1     5
  1.7425941774634666E-02 a       216     0    15     1     6
 -1.4279265547109429E-01 a       217     0    15     1     7
  1.6883772822663853E-01 a       218     0    15     1     8
  9.2403217371977514E-02 a       219     0    15     1     9
  1.5900061056584511E-01 a       220     0    15     1    10
  9.5736107835803649E-02 a       221     0    15     1    11
  1.7543257075399635E-01 a       222     0    15     1    12
 -1.6345818441881502E-01 a       223     0    15     1    13
 -1.3030645354304984E-01 a       224     0    15     1    14
 -8.3235173674297808E-02 a       225     0    15     1    15
 -1.7114928619330083E-01 a       226     0    16     1     1
  1.9312881428898889E-02 a       227     0    16     1     2
 -6.1606946294863942E-02 a       228     0    16     1     3
 -4.4987836205551031E-02 a       229     0    16     1     4
 -1.0713816130180159E-02 a       230     0    16     1     5
 -2.1669927461089653E-01 a       231     0    16     1     6
 -1.4682557050874981E-01 a       232     0    16     1     7
  3.8370515624073002E-02 a       233     0    16     1     8
 -6.1535483084186632E-02 a       234     0    16     1     9
 -1.1268148300595568E-01 a       235     0    16     1    10
 -2.1104307060512406E-01 a       236     0    16     1    11
 -4.8661825231471299E-02 a       237     0    16     1    12
 -1.7056485059889884E-01 a       238     0    16     1    13
 -1.2405097454235856E-01 a       239     0    16     1    14
 -2.4032819698105529E-01 a       240     0    16     1    15
 -1.0004511423511632E-01 a       241     0    17     1     1
  2.6515973097685819E-01 a       242     0    17     1     2
 -2.5892544099318987E-01 a       243     0    17     1     3
  2.6941805002670866E-02 a       244     0    17     1     4
 -2.1177461461968719E-01 a       245     0    17     1     5
  1.8842080242292222E-01 a       246     0    17     1     6
 -1.0991850993516528E-01 a       247     0    17     1     7
 -1.8562739935346942E-01 a       248     0    17     1     8
  6.8572942040136683E-02 a       249     0    17     1     9
  1.5928779609226171E-01 a       250     0    17     1    10
  1.5610461966214922E-01 a       251     0    17     1    11
  2.1400869206055464E-01 a       252     0    17     1    12
 -8.3703365815275710E-02 a       253     0    17     1    13
 -1.9629050610439569E-01 a       254     0    17     1    14
  1.2073683462122364E-01 a       255     0    17     1    15
  1.4209086100184287E-01 a       256     0    18     1     1
  2.4694117902223531E-01 a       257     0    18     1     2
 -1.7914141340453320E-02 a       258     0    18     1     3
  1.8998916051554762E-01 a       259     0    18     1     4
 -1.9461166522014273E-01 a       260     0    18     1     5
 -5.7163824622660869E-02 a       261     0    18     1     6
  1.4985113267877803E-01 a       262     0    18     1     7
 -9.4036502287474247E-02 a       263     0    18     1     8
  1.6421422356588380E-01 a       264     0    18     1     9
  2.1195614823373252E-01 a       265     0    18     1    10
  1.2547365723369505E-01 a       266     0    18     1    11
 -1.8840480735873597E-01 a       267     0    18     1    12
  5.8227148060596069E-02 a       268     0    18     1    13
 -1.7816648718568459E-01 a       269     0    18     1    14
 -1.1475999554335570E-01 a       270     0    18     1    15
 -2.0847580183124687E-01 a       271     0    19     1     1
  4.7030903649724620E-02 a       272     0    19     1     2
  9.6320738961306968E-02 a       273     0    19     1     3
  1.6737678077909995E-01 a       274     0    19     1     4
 -1.9152154123293599E-01 a       275     0    19     1     5
 -1.8151280401671890E-01 a       276     0    19     1     6
 -7.2324347842158673E-02 a       277     0    19     1     7
 -2.2214021093831751E-01 a       278     0    19     1     8
 -8.3059174640406047E-02 a       279     0    19     1     9
  2.0110858724741473E-01 a       280     0    19     1    10
 -9.2530218126056885E-02 a       281     0    19     1    11
  9.8456665588853465E-02 a       282     0    19     1    12
  1.9863854259253738E-03 a       283     0    19     1    13
 -7.7253636115635183E-02 a       284     0    19     1    14
  4.3073589804811914E-02 a       285     0    19     1    15
  1.6544068938183529E-01 a       286     0    20     1     1
  1.5245657891413178E-01 a       287     0    20     1     2
  2.6222404550414136E-01 a       288     0    20     1     3
 -1.5309465932804914E-01 a       289     0    20     1     4
 -4.9981661313478351E-02 a       290     0    20     1     5
 -5.1732692912416986E-02 a       291     0    20     1     6
 -7.8678067425903900E-02 a       292     0    20     1     7
  1.3628737266696947E-01 a       293     0    20     1     8
  2.0761686478605951E-01 a       294     0    20     1     9
  1.4788828457248954E-01 a       295     0    20     1    10
  1.4991498669576200E-01 a       296     0    20     1    11
  1.5407264354369055E-01 a       297     0    20     1    12
 -1.9114015330833523E-01 a       298     0    20     1    13
 -2.8119867830280676E-01 a       299     0    20     1    14
 -1.8051462364009468E-01 a       300     0    20     1    15
 -1.8442516803280976E-01 a       301     0    21     1     1
 -5.2988480363658316E-02 a       302     0    21     1     2
  1.5374136704388738E-01 a       303     0    21     1     3
 -4.1075417857441579E-02 a       304     0    21     1     4
 -1.6954370853907683E-01 a       305     0    21     1     5
  2.8674452848703591E-01 a       306     0    21     1     6
  2.7908439734984286E-01 a       307     0    21     1     7
 -1.3925587758744457E-01 a       308     0    21     1     8
 -3.4429505632408730E-01 a       309     0    21     1     9
 -6.7843456162119578E-02 a       310     0    21     1    10
 -5.1844108692704748E-02 a       311     0    21     1    11
  6.9202413351960673E-02 a       312     0    21     1    12
 -2.8033087754215308E-01 a       313     0    21     1    13
 -2.9339864087363932E-01 a       314     0    21     1    14
  1.0419146379110313E-01 a       315     0    21     1    15
  1.0825471392155632E-01 a       316     0    22     1     1
 -1.8310394630980623E-01 a       317     0    22     1     2
 -2.5096478693141105E-01 a       318     0    22     1     3
  2.1866184639195091E-01 a       319     0    22     1     4
 -1.0952500905848671E-01 a       320     0    22     1     5
 -1.1594752061954644E-01 a       321     0    22     1     6
  8.2368678950410397E-03 a       322     0    22     1     7
  1.7240349558144652E-01 a       323     0    22     1     8
 -2.6387925970195025E-01 a       324     0    22     1     9
 -1.2786353677066531E-01 a       325     0    22     1    10
  3.2586250743240529E-02 a       326     0    22     1    11
 -2.4867520082458933E-01 a       327     0    22     1    12
 -3.3954865032702113E-02 a       328     0    22     1    13
 -3.1634326497559356E-01 a       329     0    22     1    14
 -2.9291183067104438E-02 a       330     0    22     1    15
  3.0648712286564843E-02 a       331     0    23     1     1
  6.7644788987033716E-02 a       332     0    23     1     2
  1.3810751328294732E-01 a       333     0    23     1     3
  1.8028673180558313E-01 a       334     0    23     1     4
  1.3856018840966527E-01 a       335     0    23     1     5
  8.7513109237561171E-02 a       336     0    23     1     6
 -1.1966313174361058E-01 a       337     0    23     1     7
 -1.7478259643830046E-01 a       338     0    23     1     8
  1.1699280021151248E-01 a       339     0    23     1     9
  9.9852612812018474E-02 a       340     0    23     1    10
 -1.7991496824731362E-01 a       341     0    23     1    11
 -1.5651964760615872E-01 a       342     0    23     1    12
 -2.0608960247342209E-01 a       343     0    23     1    13
  1.1699410489930137E-01 a       344     0    23     1    14
 -5.1489968429556041E-02 a       345     0    23     1    15
 -9.8740435171140950E-02 a       346     0    24     1     1
  1.3546311740779676E-02 a       347     0    24     1     2
 -7.4259605368922857E-02 a       348     0    24     1     3
  7.2849196158244672E-02 a       349     0    24     1     4
 -2.5998205960419579E-01 a       350     0    24     1     5
  1.9257392593473271E-01 a       351     0    24     1     6
  2.1099047661487236E-01 a       352     0    24     1     7
 -2.2412336827737109E-01 a       353     0    24     1     8
  2.5638427933965319E-01 a       354     0    24     1     9
 -9.8817044215864236E-02 a       355     0    24     1    10
 -9.1866411255898048E-02 a       356     0    24     1    11
  2.2314967885586146E-01 a       357     0    24     1    12
 -1.2558527241859374E-01 a       358     0    24     1    13
 -1.2495558987888630E-01 a       359     0    24     1    14
 -2.4926505075592245E-01 a       360     0    24     1    15
  1.4779791266823036E-01 a       361     0    25     1     1
  2.5451056563259394E-01 a       362     0    25     1     2
 -1.6611303304020299E-02 a       363     0    25     1     3
 -1.4594677265895803E-01 a       364     0    25     1     4
 -2.5402451085801231E-01 a       365     0    25     1     5
 -1.6714585177022256E-01 a       366     0    25     1     6
  1.1878853154430365E-01 a       367     0    25     1     7
  2.1090924748275472E-01 a       368     0    25     1     8
  9.3025710604435125E-02 a       369     0    25     1     9
  2.3957388461443109E-02 a       370     0    25     1    10
 -5.6192393053554918E-02 a       371     0    25     1    11
  1.8037347953500338E-01 a       372     0    25     1    12
  1.4097149195084546E-01 a       373     0    25     1    13
  2.4001373837059750E-01 a       374     0    25     1    14
  1.9894371192621046E-01 a       375     0    25     1    15
 -5.9820708055415873E-02 a       376     0    26     1     1
 -4.6714938069711720E-02 a       377     0    26     1     2
 -5.9570292213959545E-03 a       378     0    26     1     3
  1.4610783008795905E-01 a       379     0    26     1     4
  3.7126899384270849E-02 a       380     0    26     1     5
  2.2507168462711516E-01 a       381     0    26     1     6
 -2.7426436934921783E-01 a       382     0    26     1     7
  6.7364982807525592E-02 a       383     0    26     1     8
  1.0395512288801274E-01 a       384     0    26     1     9
 -1.1807188388989061E-01 a       385     0    26     1    10
  1.6834981465638504E-01 a       386     0    26     1    11
 -2.0746727703831747E-01 a       387     0    26     1    12
  6.6041645148202502E-02 a       388     0    26     1    13
  7.6887931023224942E-02 a       389     0    26     1    14
 -2.1976001040271906E-01 a       390     0    26     1    15
  2.8980135464378470E-01 a       391     0    27     1     1
  2.4425068197435079E-01 a       392     0    27     1     2
  3.9575183676597465E-02 a       393     0    27     1     3
  1.1367710237923943E-01 a       394     0    27     1     4
 -1.5848625517122100E-01 a       395     0    27     1     5
  9.8918451645710989E-02 a       396     0    27     1     6
 -4.6399872170796858E-03 a       397     0    27     1     7
  3.5452905843780559E-02 a       398     0    27     1     8
  1.6251321380676021E-02 a       399     0    27     1     9
 -1.9426039950653359E-01 a       400     0    27     1    10
  2.9809563085055049E-03 a       401     0    27     1    11
 -1.4246826951169290E-02 a       402     0    27     1    12
 -1.3947273501612015E-01 a       403     0    27     1    13
  1.5200210624880145E-01 a       404     0    27     1    14
  7.9172778213944237E-02 a       405     0    27     1    15
  1.6514968030379945E-01 a       406     0    28     1     1
 -4.2148219272149345E-02 a       407     0    28     1     2
  1.2815377878831821E-01 a       408     0    28     1     3
 -1.8455265981939109E-01 a       409     0    28     1     4
  2.0222960413362731E-02 a       410     0    28     1     5
  9.9225817796203333E-02 a       411     0    28     1     6
  1.4450999885559801E-01 a       412     0    28     1     7
 -2.6471665252837112E-01 a       413     0    28     1     8
  3.2051555212144707E-02 a       414     0    28     1     9
 -8.6746683658570703E-02 a       415     0    28     1    10
 -2.4946668139588211E-02 a       416     0    28     1    11
  1.3554351554058075E-01 a       417     0    28     1    12
  1.7766130183091045E-01 a       418     0    28     1    13
 -2.6462205731470662E-01 a       419     0    28     1    14
 -1.2455506539860252E-01 a       420     0    28     1    15
 -8.8924140907054888E-02 a       421     0    29     1     1
  1.8171191234433323E-01 a       422     0    29     1     2
  1.8648808948668752E-01 a       423     0    29     1     3
  1.1107846943444397E-01 a       424     0    29     1     4
 -2.0070046948046050E-01 a       425     0    29     1     5
 -1.9609658199241195E-01 a       426     0    29     1     6
 -2.5166341894960220E-01 a       427     0    29     1     7
  3.0984924042996010E-02 a       428     0    29     1     8
  2.7828001054897306E-01 a       429     0    29     1     9
 -1.6414145690088222E-01 a       430     0    29     1    10
  2.2210226959220650E-01 a       431     0    29     1    11
  1.9312969453307000E-01 a       432     0    29     1    12
  8.7965994480332432E-02 a       433     0    29     1    13
  5.0689533835230852E-02 a       434     0    29     1    14
  1.8412258929344918E-01 a       435     0    29     1    15
 -1.4284267139034545E-01 a       436     0    30     1     1
  2.5454522691062017E-02 a       437     0    30     1     2
  4.0107526789665296E-02 a       438     0    30     1     3
  7.1533969963861230E-02 a       439     0    30     1     4
  2.2089706101887582E-01 a       440     0    30     1     5
 -2.6493492779955562E-02 a       441     0    30     1     6
  1.1415066406467693E-01 a       442     0    30     1     7
  2.4474640141234134E-02 a       443     0    30     1     8
 -1.8151666456037477E-01 a       444     0    30     1     9
 -1.4191844513115978E-01 a       445     0    30     1    10
  7.3820726482786800E-02 a       446     0    30     1    11
 -7.6229859421342843E-03 a       447     0    30     1    12
 -1.3756924679940835E-01 a       448     0    30     1    13
 -2.5751702423243466E-02 a       449     0    30     1    14
 -7.6345501737573110E-02 a       450     0    30     1    15
 -4.1332976787958733E-02 a       451     0    31     1     1
  2.4657323916003132E-01 a       452     0    31     1     2
 -1.2392345299934469E-02 a       453     0    31     1     3
  1.1502392775652981E-01 a       454     0    31     1     4
 -1.4741913867515508E-01 a       455     0    31     1     5
 -3.1891791449237872E-01 a       456     0    31     1     6
  1.2806688213168074E-02 a       457     0    31     1     7
  2.9834252020527890E-01 a       458     0    31     1     8
  2.2385845268072538E-01 a       459     0    31     1     9
  1.5379924994148120E-01 a       460     0    31     1    10
  2.5168634673283002E-01 a       461     0    31     1    11
  2.3497210508609970E-01 a       462     0    31     1    12
  1.8155079484169045E-01 a       463     0    31     1    13
  2.3080225215673589E-01 a       464     0    31     1    14
  5.2619477709741951E-02 a       465     0    31     1    15
  6.4625641930368974E-02 a       466     0    32     1     1
 -9.4159360814167602E-03 a       467     0    32     1     2
 -1.4886259131695603E-01 a       468     0    32     1     3
  8.8990418191713494E-02 a       469     0    32     1     4
 -4.5844291608962964E-03 a       470     0    32     1     5
  2.5944412153404241E-02 a       471     0    32     1     6
  9.4781871606034976E-02 a       472     0    32     1     7
 -9.7772449840982975E-02 a       473     0    32     1     8
  1.5962052199104203E-02 a       474     0    32     1     9
 -5.8781584382117891E-02 a       475     0    32     1    10
 -1.3753685692602666E-01 a       476     0    32     1    11
  2.1547400276915629E-01 a       477     0    32     1    12
 -2.9535470829208862E-02 a       478     0    32     1    13
  2.6391219059688033E-02 a       479     0    32     1    14
 -1.1602210003239388E-01 a       480     0    32     1    15
 -1.4273409202506184E-02 a       481     0    33     1     1
  2.0903837144918999E-01 a       482     0    33     1     2
 -1.5942582023686230E-02 a       483     0    33     1     3
 -6.8545913758595849E-03 a       484     0    33     1     4
  2.8029223053009322E-01 a       485     0    33     1     5
 -8.8376069547333000E-02 a       486     0    33     1     6
 -2.8146151301234018E-01 a       487     0    33     1     7
  2.6051603350228841E-01 a       488     0    33     1     8
  5.7360114015327242E-04 a       489     0    33     1     9
 -1.7295416336811775E-01 a       490     0    33     1    10
 -2.1355895918162471E-01 a       491     0    33     1    11
 -1.1931196228518123E-01 a       492     0    33     1    12
 -9.4646134045199545E-02 a       493     0    33     1    13
 -9.9716763227775770E-02 a       494     0    33     1    14
 -2.5732169995732107E-01 a       495     0    33     1    15
  1.7286753863589679E-01 a       496     0    34     1     1
 -3.1493357995640493E-02 a       497     0    34     1     2
  7.4203596255192447E-02 a       498     0    34     1     3
  6.0032390303009379E-02 a       499     0    34     1     4
 -1.5494703465765117E-01 a       500     0    34     1     5
 -7.6065570883974615E-02 a       501     0    34     1     6
 -1.9335251974963230E-01 a       502     0    34     1     7
  1.0820339069436994E-02 a       503     0    34     1     8
 -1.5338391489151335E-01 a       504     0    34     1     9
  2.0321749111821576E-02 a       505     0    34     1    10
  1.9594250738329505E-01 a       506     0    34     1    11
  1.7032191909865758E-02 a       507     0    34     1    12
 -1.0397397388873891E-01 a       508     0    34     1    13
 -2.1586531271376705E-01 a       509     0    34     1    14
  3.2432401215806018E-02 a       510     0    34     1    15
 -3.7277660980571753E-02 a       511     0    35     1     1
  9.0832167252749993E-02 a       512     0    35     1     2
 -7.3725384412511932E-02 a       513     0    35     1     3
 -1.8681900601204268E-01 a       514     0    35     1     4
  6.1539755007789604E-02 a       515     0    35     1     5
  8.2061776823759980E-02 a       516     0    35     1     6
  1.9876814997636064E-02 a       517     0    35     1     7
 -1.9127898321344125E-01 a       518     0    35     1     8
 -1.0119210474953060E-02 a       519     0    35     1     9
 -1.9164810653434998E-02 a       520     0    35     1    10
  2.0366828668430573E-01 a       521     0    35     1    11
 -8.8761461765399813E-02 a       522     0    35     1    12
  1.6603187153103166E-01 a       523     0    35     1    13
  1.3775119512176456E-01 a       524     0    35     1    14
 -1.6091268849650847E-01 a       525     0    35     1    15
 -7.7056998306818864E-02 a       526     0    36     1     1
  2.1770820090551812E-02 a       527     0    36     1     2
  1.8771963000451164E-01 a       528     0    36     1     3
  5.1521785881434412E-02 a       529     0    36     1     4
 -1.7273980603454481E-01 a       530     0    36     1     5
  2.2067261917077260E-01 a       531     0    36     1     6
 -1.6931798029629069E-01 a       532     0    36     1     7
 -5.8075217689315617E-02 a       533     0    36     1     8
  2.8764970911842117E-02 a       534     0    36     1     9
 -1.9907588332230827E-01 a       535     0    36     1    10
  2.0643830707312344E-01 a       536     0    36     1    11
  9.1522407104371317E-02 a       537     0    36     1    12
 -1.9087763611980899E-01 a       538     0    36     1    13
 -1.5692598863005461E-01 a       539     0    36     1    14
 -1.7840939441817978E-02 a       540     0    36     1    15
  1.7210911248207264E-01 a       541     0    37     1     1
  6.8696187341187681E-02 a       542     0    37     1     2
 -2.1642458811486967E-01 a       543     0    37     1     3
 -1.6919965021255098E-01 a       544     0    37     1     4
 -3.0565223305685840E-02 a       545     0    37     1     5
 -9.0421947746829559E-02 a       546     0    37     1     6
  7.3669851823333396E-02 a       547     0    37     1     7
 -2.1499123192164366E-01 a       548     0    37     1     8
 -1.4136059346745814E-02 a       549     0    37     1     9
 -7.7518732050646688E-02 a       550     0    37     1    10
 -9.7547750097496787E-03 a       551     0    37     1    11
  1.6766138195606858E-01 a       552     0    37     1    12
 -2.8206591390157543E-01 a       553     0    37     1    13
  1.8239165951992253E-01 a       554     0    37     1    14
  1.1193789209890628E-02 a       555     0    37     1    15
 -3.4031842692267583E-02 a       556     0    38     1     1
 -2.0616139394388613E-01 a       557     0    38     1     2
  8.0644442548536963E-02 a       558     0    38     1     3
 -3.2460107639869840E-03 a       559     0    38     1     4
  1.7186285330801357E-01 a       560     0    38     1     5
 -9.7159232024982611E-02 a       561     0    38     1     6
  8.3231178110700063E-02 a       562     0    38     1     7
 -2.0688627424916686E-01 a       563     0    38     1     8
 -2.5313033374937923E-02 a       564     0    38     1     9
 -1.6370870337723765E-02 a       565     0    38     1    10
 -1.9801393633351907E-01 a       566     0    38     1    11
  1.0335898118622258E-01 a       567     0    38     1    12
 -4.2038710597605257E-02 a       568     0    38     1    13
 -1.3184859190240292E-01 a       569     0    38     1    14
  2.5068790231356647E-01 a       570     0    38     1    15
 -1.7166457627715515E-02 a       571     0    39     1     1
 -2.3040615922522911E-01 a       572     0    39     1     2
 -3.3304949179519018E-02 a       573     0    39     1     3
 -2.3152044548939765E-01 a       574     0    39     1     4
  1.4167052644896566E-01 a       575     0    39     1     5
  2.0725053282959403E-02 a       576     0    39     1     6
 -1.1284293164314350E-01 a       577     0    39     1     7
  2.6024455148239173E-02 a       578     0    39     1     8
  2.0444237909036972E-01 a       579     0    39     1     9
  1.3514065133493933E-01 a       580     0    39     1    10
 -1.6765324278371047E-01 a       581     0    39     1    11
  1.6346335538410237E-01 a       582     0    39     1    12
 -1.8735115226665677E-01 a       583     0    39     1    13
  3.1596539783324669E-02 a       584     0    39     1    14
  1.9971042883231435E-01 a       585     0    39     1    15
 -1.8029069112022159E-01 a       586     0    40     1     1
  3.6821495118470458E-02 a       587     0    40     1     2
  1.5809864245490315E-01 a       588     0    40     1     3
  1.7680604034509856E-01 a       589     0    40     1     4
 -6.1131523149266870E-02 a       590     0    40     1     5
  2.4211635818884517E-01 a       591     0    40     1     6
 -2.1194896183190007E-01 a       592     0    40     1     7
 -1.4100071764178168E-01 a       593     0    40     1     8
 -1.2935994576811534E-02 a       594     0    40     1     9
 -2.4624794757542293E-01 a       595     0    40     1    10
  5.1828206889284623E-03 a       596     0    40     1    11
  7.9941091982882226E-02 a       597     0    40     1    12
 -2.5644210440923326E-01 a       598     0    40     1    13
 -1.8216389264537788E-01 a       599     0    40     1    14
 -9.6196109828532356E-02 a       600     0    40     1    15
 -9.1340967632921807E-02 a       601     0    41     1     1
  1.1968406238414131E-01 a       602     0    41     1     2
  3.5705121471889235E-02 a       603     0    41     1     3
 -2.9685539872687169E-02 a       604     0    41     1     4
 -1.0690965102353413E-01 a       605     0    41     1     5
  1.6949807186803564E-01 a       606     0    41     1     6
  9.8870350668488274E-02 a       607     0    41     1     7
  1.0121809052247850E-01 a       608     0    41     1     8
  3.1984953270543279E-02 a       609     0    41     1     9
 -3.6906345398829740E-02 a       610     0    41     1    10
  6.2603994166392516E-03 a       611     0    41     1    11
 -1.9703544992385275E-01 a       612     0    41     1    12
 -1.6403997436628820E-01 a       613     0    41     1    13
 -5.1319077145156822E-02 a       614     0    41     1    14
 -8.2017943836553489E-03 a       615     0    41     1    15
  7.0526176497290760E-02 a       616     0    42     1     1
 -5.3922229393874768E-02 a       617     0    42     1     2
  1.2889771631624138E-02 a       618     0    42     1     3
  2.4456031158375184E-02 a       619     0    42     1     4
  1.8092775748063775E-01 a       620     0    42     1     5
  7.5564726144070005E-02 a       621     0    42     1     6
 -6.6808397724471294E-02 a       622     0    42     1     7
  1.8073268183046107E-01 a       623     0    42     1     8
  1.8981857948009526E-01 a       624     0    42     1     9
  3.6541228769581715E-03 a       625     0    42     1    10
  1.6828953148855913E-01 a       626     0    42     1    11
  1.7713373830090895E-01 a       627     0    42     1    12
  2.8117279477812335E-01 a       628     0    42     1    13
 -1.0193309732351602E-01 a       629     0    42     1    14
 -9.5293972130460654E-03 a       630     0    42     1    15
 -2.3964831322292202E-01 a       631     0    43     1     1
 -3.7716022278673003E-02 a       632     0    43     1     2
  1.2358970283025315E-01 a       633     0    43     1     3
 -2.0781365663157239E-01 a       634     0    43     1     4
  2.8746010918454235E-01 a       635     0    43     1     5
  1.3142915579552047E-01 a       636     0    43     1     6
  6.1240580114902965E-02 a       637     0    43     1     7
  1.1984299294221051E-01 a       638     0    43     1     8
 -5.4943935862044907E-02 a       639     0    43     1     9
 -4.7204819787409306E-02 a       640     0    43     1    10
  1.2781218434148449E-02 a       641     0    43     1    11
 -1.7999036651637140E-01 a       642     0    43     1    12
  3.8999859876312465E-02 a       643     0    43     1    13
 -1.0805950496994920E-01 a       644     0    43     1    14
 -5.7472932805306715E-02 a       645     0    43     1    15
  2.0949680628039230E-01 a       646     0    44     1     1
  5.7316041552559267E-02 a       647     0    44     1     2
 -1.8485144372220633E-01 a       648     0    44     1     3
 -6.4474963357005859E-03 a       649     0    44     1     4
  4.9791133931575186E-02 a       650     0    44     1     5
 -1.4402655490575453E-01 a       651     0    44     1     6
  5.9813881048799811E-02 a       652     0    44     1     7
 -8.3808338578319583E-02 a       653     0    44     1     8
 -2.2116241399500380E-01 a       654     0    44     1     9
  8.6853892312114579E-03 a       655     0    44     1    10
 -1.8333971076089695E-02 a       656     0    44     1    11
  1.9735159900418010E-02 a       657     0    44     1    12
 -1.0080906083585729E-01 a       658     0    44     1    13
 -4.9135553006607581E-02 a       659     0    44     1    14
  1.2147070681016738E-01 a       660     0    44     1    15
  1.2532449866672254E-01 a       661     0    45     1     1
 -1.4097590106908700E-01 a       662     0    45     1     2
 -1.0310510529778172E-01 a       663     0    45     1     3
 -2.4808528931382345E-01 a       664     0    45     1     4
  2.9909020396248748E-01 a       665     0    45     1     5
 -1.4967145935714585E-01 a       666     0    45     1     6
 -1.0547985588797831E-01 a       667     0    45     1     7
 -1.2959559062771070E-01 a       668     0    45     1     8
  1.2404688318936903E-01 a       669     0    45     1     9
  2.0906835914079266E-01 a       670     0    45     1    10
  2.5996384555141255E-01 a       671     0    45     1    11
  1.1324435762620744E-01 a       672     0    45     1    12
 -1.9963127989766055E-01 a       673     0    45     1    13
  7.1206559284883897E-02 a       674     0    45     1    14
 -2.1195165917432687E-01 a       675     0    45     1    15
  3.0076591713626222E-03 a       676     0    46     1     1
  4.1116903995664825E-02 a       677     0    46     1     2
 -9.6570684209714916E-03 a       678     0    46     1     3
  1.6088132315940029E-01 a       679     0    46     1     4
 -5.7196553287859560E-02 a       680     0    46     1     5
 -2.0593509108603494E-02 a       681     0    46     1     6
 -1.1364969526858185E-01 a       682     0    46     1     7
 -4.6195826330361289E-02 a       683     0    46     1     8
  1.7406867401178694E-01 a       684     0    46     1     9
 -1.4086223507639567E-01 a       685     0    46     1    10
 -3.7405210030525139E-02 a       686     0    46     1    11
  7.8511364207644055E-02 a       687     0    46     1    12
  1.7150802199939011E-01 a       688     0    46     1    13
  2.2135226365226321E-01 a       689     0    46     1    14
 -5.7567093339772835E-02 a       690     0    46     1    15
 -1.6734414358169600E-01 a       691     0    47     1     1
 -1.1711951235133340E-01 a       692     0    47     1     2
  1.0227014164088488E-01 a       693     0    47     1     3
  1.2920126836869117E-01 a       694     0    47     1     4
  5.8746111519635255E-02 a       695     0    47     1     5
  1.5756490176872823E-02 a       696     0    47     1     6
 -1.0084325803815864E-02 a       697     0    47     1     7
  4.6366491351514799E-03 a       698     0    47     1     8
  2.4852223777714622E-01 a       699     0    47     1     9
 -2.5291064440871225E-01 a       700     0    47     1    10
 -1.8983549600289733E-02 a       701     0    47     1    11
  9.6657512069343157E-02 a       702     0    47     1    12
 -4.3297565722425671E-02 a       703     0    47     1    13
  2.1223975621851071E-01 a       704     0    47     1    14
 -1.3920781624980047E-01 a       705     0    47     1    15
 -1.2292759331773959E-01 a       706     0    48     1     1
  1.1627252686480265E-01 a       707     0    48     1     2
 -1.7494969160306276E-01 a       708     0    48     1     3
  1.7202939968153025E-01 a       709     0    48     1     4
  2.5830638977943116E-01 a       710     0    48     1     5
 -2.4868202798390671E-01 a       711     0    48     1     6
 -1.3288170513374511E-01 a       712     0    48     1     7
  5.2273738616088188E-02 a       713     0    48     1     8
  1.5749692080326472E-01 a       714     0    48     1     9
  1.4250836163659908E-01 a       715     0    48     1    10
  3.8159659815190414E-02 a       716     0    48     1    11
 -5.7525777783617664E-02 a       717     0    48     1    12
  4.4915432190193770E-03 a       718     0    48     1    13
  2.8196741001508253E-02 a       719     0    48     1    14
  2.4314901518699007E-02 a       720     0    48     1    15
  6.1141877195338918E-03 a       721     0    49     1     1
 -7.4481870288584662E-02 a       722     0    49     1     2
  1.8809228778580026E-01 a       723     0    49     1     3
 -2.5137066093680377E-01 a       724     0    49     1     4
  1.3727434701318988E-01 a       725     0    49     1     5
 -7.3731824410044070E-02 a       726     0    49     1     6
  1.8609853031796131E-01 a       727     0    49     1     7
  1.1148716649423464E-01 a       728     0    49     1     8
 -5.4845606047562463E-03 a       729     0    49     1     9
  8.1990882172375837E-02 a       730     0    49     1    10
 -2.5525910586605893E-01 a       731     0    49     1    11
  1.5590477664926125E-01 a       732     0    49     1    12
 -1.5170916725520919E-01 a       733     0    49     1    13
  2.1328405366886272E-01 a       734     0    49     1    14
 -5.2294869175873275E-02 a       735     0    49     1    15
 -2.2760729943002508E-01 a       736     0    50     1     1
 -1.3527175241513897E-01 a       737     0    50     1     2
 -2.6912768145290637E-02 a       738     0    50     1     3
 -2.0567893622125744E-02 a       739     0    50     1     4
  1.7375115119733811E-01 a       740     0    50     1     5
  1.3171904542309376E-01 a       741     0    50     1     6
  1.8503667049748704E-01 a       742     0    50     1     7
 -7.3044875022436881E-02 a       743     0    50     1     8
  9.6207130057169521E-02 a       744     0    50     1     9
 -5.3296862240240592E-02 a       745     0    50     1    10
  1.3046675174628503E-01 a       746     0    50     1    11
 -6.6527697943265960E-03 a       747     0    50     1    12
  1.1555897147819064E-01 a       748     0    50     1    13
  3.5684718087629699E-02 a       749     0    50     1    14
 -4.2257962103079444E-02 a       750     0    50     1    15
  5.2294144629440424E-02 a       751     0    51     1     1
  1.6225870396081640E-01 a       752     0    51     1     2
 -1.7431875696617469E-01 a       753     0    51     1     3
 -2.1167931972215592E-01 a       754     0    51     1     4
  7.3307576393339356E-04 a       755     0    51     1     5
  1.0789916354154526E-01 a       756     0    51     1     6
 -2.8466879762024555E-01 a       757     0    51     1     7
 -1.6934943651471063E-01 a       758     0    51     1     8
  2.0237982192411844E-01 a       759     0    51     1     9
 -2.5984343783618491E-01 a       760     0    51     1    10
 -8.2399560677550540E-02 a       761     0    51     1    11
 -1.3555564836765246E-01 a       762     0    51     1    12
 -1.6540075278365478E-02 a       763     0    51     1    13
 -1.3387762070461579E-01 a       764     0    51     1    14
  1.7104310127460259E-01 a       765     0    51     1    15
 -9.4241977295229512E-02 a       766     0    52     1     1
  2.4061842612893400E-01 a       767     0    52     1     2
 -1.5144147966685648E-01 a       768     0    52     1     3
 -9.0786149836300400E-02 a       769     0    52     1     4
  2.2790487455306255E-01 a       770     0    52     1     5
 -2.3392752810960132E-01 a       771     0    52     1     6
  1.3955305820923383E-01 a       772     0    52     1     7
 -5.6593229196375446E-02 a       773     0    52     1     8
 -1.2964497379290560E-01 a       774     0    52     1     9
  8.7420428319195345E-02 a       775     0    52     1    10
 -4.1579904920244701E-02 a       776     0    52     1    11
  1.5378326145479745E-01 a       777     0    52     1    12
 -1.5612724656627361E-01 a       778     0    52     1    13
  2.4362216125933808E-01 a       779     0    52     1    14
 -1.4723629664786500E-01 a       780     0    52     1    15
 -1.7628349666257254E-01 a       781     0    53     1     1
  1.7975779756347302E-01 a       782     0    53     1     2
  2.8726359579934335E-01 a       783     0    53     1     3
 -9.5607273185063971E-02 a       784     0    53     1     4
  1.4013191232553610E-01 a       785     0    53     1     5
  2.6423295926813206E-01 a       786     0    53     1     6
 -1.4639729689519707E-01 a       787     0    53     1     7
 -1.3092048641802276E-01 a       788     0    53     1     8
 -9.4324305850488302E-02 a       789     0    53     1     9
 -1.8312496019277621E-01 a       790     0    53     1    10
 -1.5555231594913252E-01 a       791     0    53     1    11
 -1.2775954123312475E-01 a       792     0    53     1    12
 -2.2946497399615998E-01 a       793     0    53     1    13
 -1.2934304598595581E-01 a       794     0    53     1    14
 -9.1335285439315406E-02 a       795     0    53     1    15
 -1.3548240578906320E-01 a       796     0    54     1     1
  1.3895913803279297E-01 a       797     0    54     1     2
 -1.7238152968246731E-01 a       798     0    54     1     3
 -1.3842427121736253E-01 a       799     0    54     1     4
  7.1494795723796495E-02 a       800     0    54     1     5
  1.3637521355844687E-01 a       801     0    54     1     6
 -1.0744934540404416E-01 a       802     0    54     1     7
 -4.6165521067556760E-02 a       803     0    54     1     8
  1.9123631309276273E-01 a       804     0    54     1     9
 -2.3065058320682949E-01 a       805     0    54     1    10
  1.6377062576740417E-01 a       806     0    54     1    11
 -4.9479372475622646E-02 a       807     0    54     1    12
 -7.5047185271661834E-02 a       808     0    54     1    13
 -1.3733878020987261E-01 a       809     0    54     1    14
  9.5920144993127079E-02 a       810     0    54     1    15
  2.2473669320654246E-01 a       811     0    55     1     1
 -2.4274836320313078E-01 a       812     0    55     1     2
 -2.2743670778689445E-01 a       813     0    55     1     3
 -2.3243166265657536E-01 a       814     0    55     1     4
 -8.7973340249683216E-02 a       815     0    55     1     5
 -1.6657277445638843E-01 a       816     0    55     1     6
  1.8108070562449445E-02 a       817     0    55     1     7
  1.4605990547735978E-01 a       818     0    55     1     8
  9.2357378962856423E-02 a       819     0    55     1     9
  2.2501298410360138E-02 a       820     0    55     1    10
 -1.0971665709758267E-01 a       821     0    55     1    11
  2.3791466116990184E-01 a       822     0    55     1    12
  1.2471487858216486E-01 a       823     0    55     1    13
  1.5024892842730930E-01 a       824     0    55     1    14
 -3.6983854172181516E-02 a       825     0    55     1    15
  1.2110961279784459E-01 a       826     0    56     1     1
  1.3884734730296827E-01 a       827     0    56     1     2
 -1.3574381612101649E-01 a       828     0    56     1     3
  4.1572245687816020E-02 a       829     0    56     1     4
 -6.4568185670435777E-02 a       830     0    56     1     5
  2.6849243360609620E-02 a       831     0    56     1     6
  2.8520707725149008E-01 a       832     0    56     1     7
 -8.3399926213020101E-02 a       833     0    56     1     8
  2.2740945236726717E-01 a       834     0    56     1     9
  2.8292895311112326E-01 a       835     0    56     1    10
  2.5333512597693220E-01 a       836     0    56     1    11
 -1.1722281443106594E-01 a       837     0    56     1    12
  2.5145674647069158E-02 a       838     0    56     1    13
 -2.8792252402454938E-02 a       839     0    56     1    14
  2.0376123325009188E-01 a       840     0    56     1    15
  8.8628530650241011E-02 a       841     0    57     1     1
  1.4896717715273095E-02 a       842     0    57     1     2
  1.3535937513741050E-01 a       843     0    57     1     3
 -5.0237096590339793E-02 a       844     0    57     1     4
 -7.1832924236994972E-02 a       845     0    57     1     5
 -2.6164914289300922E-01 a       846     0    57     1     6
  1.8310192179867943E-01 a       847     0    57     1     7
  7.1819156589837688E-02 a       848     0    57     1     8
 -1.8300764317305804E-01 a       849     0    57     1     9
 -8.8836438906328627E-02 a       850     0    57     1    10
 -1.0607002989260762E-01 a       851     0    57     1    11
  2.0231120117243792E-01 a       852     0    57     1    12
 -1.2992760842734505E-01 a       853     0    57     1    13
 -9.4315104546481690E-02 a       854     0    57     1    14
  2.5458418253043691E-01 a       855     0    57     1    15
 -1.5230991419697812E-01 a       856     0    58     1     1
 -1.2163440762481161E-01 a       857     0    58     1     2
 -2.9662433884748818E-02 a       858     0    58     1     3
 -2.6936587066902612E-01 a       859     0    58     1     4
  2.7629738741889448E-01 a       860     0    58     1     5
 -2.3989183098618580E-01 a       861     0    58     1     6
 -1.8714182500877197E-01 a       862     0    58     1     7
 -3.0249004802189793E-02 a       863     0    58     1     8
  1.3643103068288706E-01 a       864     0    58     1     9
  1.4280094303055854E-01 a       865     0    58     1    10
 -1.2548394817614324E-02 a       866     0    58     1    11
  8.1814300915199353E-02 a       867     0    58     1    12
 -2.0814657135109740E-01 a       868     0    58     1    13
  4.7001598106489816E-02 a       869     0    58     1    14
 -1.9209476828120006E-01 a       870     0    58     1    15
  1.0319912700906290E-01 a       871     0    59     1     1
 -2.4989130976108379E-01 a       872     0    59     1     2
  2.1613500696689769E-01 a       873     0    59     1     3
  2.4503433361061105E-01 a       874     0    59     1     4
  1.6323607795499726E-01 a       875     0    59     1     5
  1.6439253634126233E-01 a       876     0    59     1     6
  1.6546786261788948E-01 a       877     0    59     1     7
  1.6665547904695779E-01 a       878     0    59     1     8
 -2.4536902548037418E-01 a       879     0    59     1     9
  1.0032064564178464E-01 a       880     0    59     1    10
  1.4253550074960905E-01 a       881     0    59     1    11
  9.2301080923154755E-02 a       882     0    59     1    12
  2.1557448325257422E-01 a       883     0    59     1    13
  1.3868078010040569E-01 a       884     0    59     1    14
  1.5067902482556364E-01 a       885     0    59     1    15
 -1.0188663001874651E-01 a       886     0    60     1     1
 -1.1561351938665708E-01 a       887     0    60     1     2
  1.2034927185682169E-01 a       888     0    60     1     3
  1.9179743208644268E-01 a       889     0    60     1     4
  4.5724242913563792E-02 a       890     0    60     1     5
 -1.2687365096610945E-01 a       891     0    60     1     6
 -4.8814973573267174E-02 a       892     0    60     1     7
 -1.2354865840338289E-01 a       893     0    60     1     8
  1.7865277297385460E-01 a       894     0    60     1     9
 -6.7870715375383354E-03 a       895     0    60     1    10
 -8.5858695336090585E-02 a       896     0    60     1    11
 -2.0193195548344153E-01 a       897     0    60     1    12
 -1.5339090208276607E-01 a       898     0    60     1    13
  1.4819372154015903E-01 a       899     0    60     1    14
 -6.2283821544236134E-04 a       900     0    60     1    15
  1.4150377157891295E-01 a       901     0    61     1     1
 -4.9993568052312164E-02 a       902     0    61     1     2
  1.0978946844553404E-01 a       903     0    61     1     3
  1.9611052043983354E-01 a       904     0    61     1     4
  9.0924142749093537E-02 a       905     0    61     1     5
 -5.8296797900188281E-03 a       906     0    61     1     6
 -1.8465243454046978E-01 a       907     0    61     1     7
  1.1428234306432772E-01 a       908     0    61     1     8
  2.2476924433526221E-01 a       909     0    61     1     9
  9.9126507312538623E-02 a       910     0    61     1    10
 -1.6680048393724820E-01 a       911     0    61     1    11
  7.9009248300150520E-02 a       912     0    61     1    12
 -1.2948420790648327E-01 a       913     0    61     1    13
  8.7946038239626295E-02 a       914     0    61     1    14
  9.5758487481842472E-02 a       915     0    61     1    15
 -1.3360713475331824E-02 a       916     0    62     1     1
 -2.0338702086023147E-01 a       917     0    62     1     2
 -2.8348575060441982E-02 a       918     0    62     1     3
 -1.6626295075507300E-01 a       919     0    62     1     4
 -1.0009564780696616E-01 a       920     0    62     1     5
  2.1170664115745150E-01 a       921     0    62     1     6
 -4.3867438514063682E-02 a       922     0    62     1     7
 -1.5084005013109489E-01 a       923     0    62     1     8
  7.3882442040655416E-02 a       924     0    62     1     9
 -1.7115953199389330E-01 a       925     0    62     1    10
 -7.3282318924847323E-02 a       926     0    62     1    11
 -7.5801266861769426E-02 a       927     0    62     1    12
 -3.7456136149234757E-02 a       928     0    62     1    13
 -1.8461712496488533E-01 a       929     0    62     1    14
 -8.6084983875828872E-02 a       930     0    62     1    15
  2.5861176313162051E-02 a       931     0    63     1     1
  2.3562289075093065E-01 a       932     0    63     1     2
  1.3716479179067545E-01 a       933     0    63     1     3
 -2.0586673066767994E-02 a       934     0    63     1     4
 -2.0628705459295047E-02 a       935     0    63     1     5
  1.9771147751393744E-01 a       936     0    63     1     6
  3.9386337895071712E-02 a       937     0    63     1     7
 -1.2335273628758582E-01 a       938     0    63     1     8
 -1.5246980215443662E-01 a       939     0    63     1     9
 -9.6968593681815513E-02 a       940     0    63     1    10
 -1.7732271864231064E-01 a       941     0    63     1    11
 -8.1364365618923865E-02 a       942     0    63     1    12
  1.1252908774878013E-01 a       943     0    63     1    13
 -5.7331809416839082E-02 a       944     0    63     1    14
 -6.6128651006159250E-02 a       945     0    63     1    15
  1.6598092149869925E-01 a       946     0    64     1     1
  2.0826739470731903E-01 a       947     0    64     1     2
 -6.6639109978422567E-02 a       948     0    64     1     3
 -4.9652312833653379E-02 a       949     0    64     1     4
 -1.4697263709617267E-01 a       950     0    64     1     5
 -1.0661724424730826E-01 a       951     0    64     1     6
  1.9213238825673987E-01 a       952     0    64     1     7
  1.4744408514763935E-02 a       953     0    64     1     8
  1.7955009553548468E-01 a       954     0    64     1     9
 -7.7420545074499639E-03 a       955     0    64     1    10
 -1.1630368275860879E-01 a       956     0    64     1    11
 -1.3973320454215626E-01 a       957     0    64     1    12
  1.3416812401216461E-02 a       958     0    64     1    13
  2.4345656606389884E-01 a       959     0    64     1    14
  1.1911476801687458E-01 a       960     0    64     1    15
  1.6865975610758496E-01 a       961     0    65     1     1
 -5.8850825806205306E-02 a       962     0    65     1     2
 -8.0426765923251875E-03 a       963     0    65     1     3
  2.7175961983605553E-02 a       964     0    65     1     4
  1.1243994801960429E-01 a       965     0    65     1     5
 -1.2523502970269887E-01 a       966     0    65     1     6
  2.1439803566718196E-01 a       967     0    65     1     7
 -2.2021801675866046E-01 a       968     0    65     1     8
  6.8646924382642527E-02 a       969     0    65     1     9
  2.7352814704503814E-01 a       970     0    65     1    10
 -2.0807264997399635E-01 a       971     0    65     1    11
  5.4523441649065023E-02 a       972     0    65     1    12
  8.8594066301478942E-03 a       973     0    65     1    13
 -8.6633896536459865E-02 a       974     0    65     1    14
 -1.1101408829708753E-01 a       975     0    65     1    15
  4.4149084121783651E-02 a       976     0    66     1     1
  8.2480751426116203E-02 a       977     0    66     1     2
  7.3988582747911535E-02 a       978     0    66     1     3
 -3.0693967149374789E-02 a       979     0    66     1     4
 -2.8123732829513051E-02 a       980     0    66     1     5
 -1.2760874785306381E-02 a       981     0    66     1     6
 -1.0661300932326415E-01 a       982     0    66     1     7
 -1.0924378037761419E-01 a       983     0    66     1     8
  1.1756367991095788E-01 a       984     0    66     1     9
 -9.0354176727759097E-02 a       985     0    66     1    10
  1.2843944597039154E-02 a       986     0    66     1    11
  8.8258925244260295E-02 a       987     0    66     1    12
  1.7041589785797001E-01 a       988     0    66     1    13
  6.7814234691246617E-02 a       989     0    66     1    14
  2.9223615906981931E-01 a       990     0    66     1    15
 -1.1410842391959841E-03 a       991     0    67     1     1
 -1.2202891693846649E-01 a       992     0    67     1     2
  2.2116946137264529E-01 a       993     0    67     1     3
  1.8882871229558321E-01 a       994     0    67     1     4
 -2.4507660496311340E-01 a       995     0    67     1     5
  8.2634607065766891E-02 a       996     0    67     1     6
  5.3306042419034007E-02 a       997     0    67     1     7
 -2.8844008451012291E-02 a       998     0    67     1     8
 -1.4665968272947877E-01 a       999     0    67     1     9
 -1.1667213671507715E-01 a      1000     0    67     1    10
  2.9951305004909171E-02 a      1001     0    67     1    11
  2.2018115530488944E-01 a      1002     0    67     1    12
  5.4810122270622591E-03 a      1003     0    67     1    13
  1.3330112835031405E-01 a      1004     0    67     1    14
 -1.8848727604270571E-01 a      1005     0    67     1    15
  1.9567381560190687E-02 a      1006     0    68     1     1
  9.2551827721662247E-02 a      1007     0    68     1     2
  6.8943986925062636E-02 a      1008     0    68     1     3
  1.7707611032875845E-01 a      1009     0    68     1     4
 -1.6869847221357989E-01 a      1010     0    68     1     5
  3.4481912280945154E-01 a      1011     0    68     1     6
 -1.1333374973057917E-02 a      1012     0    68     1     7
  1.1270066628393648E-01 a      1013     0    68     1     8
  9.3613779089015539E-02 a      1014     0    68     1     9
  9.3718104177412498E-02 a      1015     0    68     1    10
  1.9891121452034119E-01 a      1016     0    68     1    11
  4.0253671562239091E-01 a      1017     0    68     1    12
  2.1875116795469954E-01 a      1018     0    68     1    13
 -1.7129316509346190E-01 a      1019     0    68     1    14
  1.6982038715936909E-01 a      1020     0    68     1    15
 -2.5963412830285848E-01 a      1021     0    69     1     1
 -2.0696578428867177E-01 a      1022     0    69     1     2
 -2.9103783135235123E-01 a      1023     0    69     1     3
 -1.0049472253901257E-01 a      1024     0    69     1     4
  1.9662395336716298E-01 a      1025     0    69     1     5
  3.1559049044907761E-01 a      1026     0    69     1     6
  2.5595188880470774E-02 a      1027     0    69     1     7
 -2.7056189842427622E-02 a      1028     0    69     1     8
 -4.4331406954863239E-01 a      1029     0    69     1     9
  7.6793978885243017E-02 a      1030     0    69     1    10
  5.7284897029812785E-02 a      1031     0    69     1    11
  1.6917820020523128E-01 a      1032     0    69     1    12
  1.9958921760085377E-01 a      1033     0    69     1    13
  4.7716865427451238E-02 a      1034     0    69     1    14
 -1.9508703622320120E-01 a      1035     0    69     1    15
  1.4040377746637769E-01 a      1036     0    70     1     1
  2.6938147249249700E-01 a      1037     0    70     1     2
  6.4830135837072395E-02 a      1038     0    70     1     3
 -1.8624481406258173E-01 a      1039     0    70     1     4
  5.0888340582001135E-03 a      1040     0    70     1     5
 -5.5465999044954500E-02 a      1041     0    70     1     6
 -1.8866843772116229E-01 a      1042     0    70     1     7
  1.1316574805059916E-01 a      1043     0    70     1     8
 -3.8168673142320153E-01 a      1044     0    70     1     9
 -1.7304116862694396E-01 a      1045     0    70     1    10
 -3.8391029574172403E-01 a      1046     0    70     1    11
  1.2429558847086600E-01 a      1047     0    70     1    12
 -2.2651504201750142E-01 a      1048     0    70     1    13
 -5.2603947266205840E-02 a      1049     0    70     1    14
 -1.6921982246219430E-01 a      1050     0    70     1    15
  3.6394791442914805E-02 a      1051     0    71     1     1
 -1.8392381825871409E-01 a      1052     0    71     1     2
 -7.1405223190188077E-02 a      1053     0    71     1     3
  9.7568714862085425E-03 a      1054     0    71     1     4
  2.2034111645299618E-02 a      1055     0    71     1     5
 -1.0812176013161422E-01 a      1056     0    71     1     6
 -4.0381450654455572E-02 a      1057     0    71     1     7
  1.7195440264483478E-01 a      1058     0    71     1     8
  1.8044678797644324E-02 a      1059     0    71     1     9
  1.7388732065744286E-01 a      1060     0    71     1    10
 -1.9849395564132669E-01 a      1061     0    71     1    11
 -1.4131410879639639E-01 a      1062     0    71     1    12
 -2.5424407173365637E-01 a      1063     0    71     1    13
 -1.4785837417080069E-01 a      1064     0    71     1    14
  2.3492409961774784E-02 a      1065     0    71     1    15
 -1.4100855909725510E-01 a      1066     0    72     1     1
 -2.4819564381006506E-01 a      1067     0    72     1     2
  9.5760218833600835E-02 a      1068     0    72     1     3
 -1.8308329251739519E-03 a      1069     0    72     1     4
  1.8665740375572878E-02 a      1070     0    72     1     5
 -5.1642895153546059E-02 a      1071     0    72     1     6
 -3.6571447516936167E-02 a      1072     0    72     1     7
  1.3617005216608546E-01 a      1073     0    72     1     8
  4.3824013247914087E-02 a      1074     0    72     1     9
 -1.6998023555290179E-01 a      1075     0    72     1    10
 -2.5494329952900935E-01 a      1076     0    72     1    11
 -8.5530291265889236E-02 a      1077     0    72     1    12
 -5.4676330320129307E-02 a      1078     0    72     1    13
  1.6897978872346986E-01 a      1079     0    72     1    14
 -1.0884717874226955E-02 a      1080     0    72     1    15
  1.9998427057199361E-01 b      1081     1     1
  1.8311926048082863E-01 b      1082     1     2
  4.8191787744221552E-02 b      1083     1     3
  4.9056396870553597E-02 b      1084     1     4
  1.2676350776349532E-01 b      1085     1     5
 -3.2803673192395175E-02 b      1086     1     6
 -1.6390083926093504E-01 b      1087     1     7
 -1.5302679706342029E-03 b      1088     1     8
 -2.0637097274464358E-01 b      1089     1     9
 -9.0743823169619778E-02 b      1090     1    10
 -5.8659444133205060E-03 b      1091     1    11
  1.7981208710983002E-01 b      1092     1    12
 -2.1666002787504046E-01 b      1093     1    13
 -1.8365835430828542E-01 b      1094     1    14
 -4.6940071500169586E-02 b      1095     1    15
  8.2351727417131662E-02 a      1096     1     1     2     1
  3.1882866058363291E-01 a      1097     1     1     2     2
 -1.4718390368412554E-01 a      1098     1     1     2     3
  8.1210570366383988E-02 a      1099     1     1     2     4
 -5.4404066977185783E-01 a      1100     1     1     2     5
  2.6844197244429508E-02 a      1101     1     1     2     6
  3.1333351927567293E-01 a      1102     1     1     2     7
  2.1124860732191000E-01 a      1103     1     1     2     8
 -3.6973241523356293E-01 a      1104     1     1     2     9
 -1.6537169358481590E-01 a      1105     1     1     2    10
 -1.2504813416932969E-01 a      1106     1     1     2    11
 -3.9847293126767580E-01 a      1107     1     1     2    12
  4.5131564383169753E-01 a      1108     1     1     2    13
  1.4498807509795003E-01 a      1109     1     1     2    14
 -3.4305965057253024E-01 a      1110     1     1     2    15
 -3.5782034506546939E-01 a      1111     1     2     2     1
 -8.1053890010338206E-02 a      1112     1     2     2     2
 -1.5265255793811441E-01 a      1113     1     2     2     3
 -4.2358597032376592E-02 a      1114     1     2     2     4
 -2.0299584264187462E-01 a      1115     1     2     2     5
 -2.3205494523543982E-01 a      1116     1     2     2     6
  1.5260964748744815E-01 a      1117     1     2     2     7
  2.5311025645201035E-01 a      1118     1     2     2     8
  2.9750184689376685E-01 a      1119     1     2     2     9
 -1.6336015071929852E-01 a      1120     1     2     2    10
 -3.9609613642546143E-01 a      1121     1     2     2    11
 -3.8830095759370675E-01 a      1122     1     2     2    12
  2.1798530687793208E-01 a      1123     1     2     2    13
 -1.6223423389327335E-01 a      1124     1     2     2    14
 -1.0752889377770829E-01 a      1125     1     2     2    15
 -3.1465202060901776E-01 a      1126     1     3     2     1
  4.0596434722347513E-01 a      1127     1     3     2     2
 -2.7351489350067498E-01 a      1128     1     3     2     3
 -3.4320390666754902E-01 a      1129     1     3     2     4
 -3.1087871810633100E-01 a      1130     1     3     2     5
  3.0215422292060146E-01 a      1131     1     3     2     6
  3.6722267689884086E-01 a      1132     1     3     2     7
 -3.8722053200798306E-01 a      1133     1     3     2     8
 -5.0662906423661947E-04 a      1134     1     3     2     9
  9.1519506067693115E-02 a      1135     1     3     2    10
 -1.0099738045294508E-01 a      1136     1     3     2    11
 -1.1580340759194946E-01 a      1137     1     3     2    12
  3.6202465001584055E-01 a      1138     1     3     2    13
  3.9319139423868887E-01 a      1139     1     3     2    14
  4.1792027627502440E-03 a      1140     1     3     2    15
  1.1227241949782003E-01 a      1141     1     4     2     1
  1.0238607685371355E-01 a      1142     1     4     2     2
 -2.0856889479277543E-01 a      1143     1     4     2     3
  2.2965294461542016E-01 a      1144     1     4     2     4
 -2.8797488505061436E-01 a      1145     1     4     2     5
  1.5556616404093590E-01 a      1146     1     4     2     6
 -1.8238358837837743E-02 a      1147     1     4     2     7
  4.0185295325546447E-02 a      1148     1     4     2     8
 -1.5515023511382836E-01 a      1149     1     4     2     9
  6.7908343132423651E-03 a      1150     1     4     2    10
  1.9275653884525673E-01 a      1151     1     4     2    11
 -3.7881519594971502E-01 a      1152     1     4     2    12
 -3.2537077934418857E-01 a      1153     1     4     2    13
  2.9507923681123371E-01 a      1154     1     4     2    14
 -4.6915710758260586E-02 a      1155     1     4     2    15
 -1.3645875328207729E-01 a      1156     1     5     2     1
  3.9641519112481004E-02 a      1157     1     5     2     2
 -3.8501229426092028E-02 a      1158     1     5     2     3
  4.1093071503002350E-02 a      1159     1     5     2     4
 -3.6267876144601523E-02 a      1160     1     5     2     5
 -4.4441686117780799E-01 a      1161     1     5     2     6
 -3.9053411804179949E-01 a      1162     1     5     2     7
 -1.8572114844137314E-01 a      1163     1     5     2     8
  3.2370110595238610E-01 a      1164     1     5     2     9
 -4.1926679499128122E-01 a      1165     1     5     2    10
 -2.1123602581005796E-01 a      1166     1     5     2    11
  9.8680342268858703E-02 a      1167     1     5     2    12
  3.6371302510463849E-01 a      1168     1     5     2    13
  3.7178548114517274E-01 a      1169     1     5     2    14
  4.9503664306278011E-01 a      1170     1     5     2    15
  5.0707183106688924E-02 a      1171     1     6     2     1
  9.8455428689937605E-02 a      1172     1     6     2     2
 -5.3400598325056482E-02 a      1173     1     6     2     3
  3.9687287219466238E-01 a      1174     1     6     2     4
  3.0034390475515149E-01 a      1175     1     6     2     5
  3.3126908643574005E-01 a      1176     1     6     2     6
 -2.9446528455413151E-01 a      1177     1     6     2     7
 -2.9928471500371501E-01 a      1178     1     6     2     8
 -4.1676829359674039E-01 a      1179     1     6     2     9
 -3.2648543513970757E-01 a      1180     1     6     2    10
 -2.7122595346366712E-01 a      1181     1     6     2    11
 -2.4873918692620842E-01 a      1182     1     6     2    12
 -4.4959571508454405E-04 a      1183     1     6     2    13
  1.8774516866597185E-01 a      1184     1     6     2    14
 -8.0138717892105416E-02 a      1185     1     6     2    15
 -1.5076074080471358E-01 a      1186     1     7     2     1
 -1.4609706434186329E-01 a      1187     1     7     2     2
 -2.3005572987401079E-01 a      1188     1     7     2     3
  1.6679390859163110E-01 a      1189     1     7     2     4
  2.5441350203243102E-01 a      1190     1     7     2     5
  1.9391305490028687E-01 a      1191     1     7     2     6
  4.0489333513126557E-01 a      1192     1     7     2     7
 -2.5203187437916880E-01 a      1193     1     7     2     8
 -2.9980860206996163E-01 a      1194     1     7     2     9
 -7.7266261891455509E-02 a      1195     1     7     2    10
 -3.6495001446467429E-01 a      1196     1     7     2    11
  4.6009992834546548E-01 a      1197     1     7     2    12
 -3.3188318758508667E-01 a      1198     1     7     2    13
  3.3066676724592187E-01 a      1199     1     7     2    14
 -3.9151994931471973E-01 a      1200     1     7     2    15
 -4.6647612079546336E-01 a      1201     1     8     2     1
  9.4487241831599802E-02 a      1202     1     8     2     2
 -3.9332389881415808E-01 a      1203     1     8     2     3
 -1.2215719401525470E-01 a      1204     1     8     2     4
 -1.2443496589827355E-01 a      1205     1     8     2     5
 -3.4476708507822251E-01 a      1206     1     8     2     6
  1.3340286071751611E-01 a      1207     1     8     2     7
 -4.1105746558851484E-02 a      1208     1     8     2     8
  2.6185697158400950E-01 a      1209     1     8     2     9
  1.1251966866582709E-01 a      1210     1     8     2    10
 -8.7211135511688284E-02 a      1211     1     8     2    11
 -3.5594791509871632E-01 a      1212     1     8     2    12
 -3.7023277384565478E-01 a      1213     1     8     2    13
  7.4228419743209775E-02 a      1214     1     8     2    14
  1.4486494208484232E-01 a      1215     1     8     2    15
 -4.7444668952001351E-01 a      1216     1     9     2     1
 -2.7323414263064560E-01 a      1217     1     9     2     2
  2.1742369531181860E-01 a      1218     1     9     2     3
 -2.2944512127323516E-01 a      1219     1     9     2     4
  3.4013050426389441E-01 a      1220     1     9     2     5
  3.7485004861639798E-01 a      1221     1     9     2     6
 -3.0549294904858349E-02 a      1222     1     9     2     7
  1.4957937743975847E-01 a      1223     1     9     2     8
  2.2997005596131225E-02 a      1224     1     9     2     9
  4.4336424379270445E-01 a      1225     1     9     2    10
 -6.8008671179359007E-02 a      1226     1     9     2    11
  3.9851980434696044E-01 a      1227     1     9     2    12
 -2.7509376794976076E-01 a      1228     1     9     2    13
 -3.6225618409194521E-01 a      1229     1     9     2    14
  2.9327827311334187E-01 a      1230     1     9     2    15
  1.2748438943236237E-01 a      1231     1    10     2     1
 -3.2709784928223712E-01 a      1232     1    10     2     2
  1.4911878856843894E-01 a      1233     1    10     2     3
  5.2726908205088206E-02 a      1234     1    10     2     4
  1.3608865025380970E-01 a      1235     1    10     2     5
 -1.1767312031851364E-02 a      1236     1    10     2     6
  1.0304948129386321E-02 a      1237     1    10     2     7
  3.4627430175851903E-01 a      1238     1    10     2     8
 -2.7720866060316302E-01 a      1239     1    10     2     9
  2.2869035575770019E-01 a      1240     1    10     2    10
  2.1414901032215813E-01 a      1241     1    10     2    11
  2.0610198282561160E-01 a      1242     1    10     2    12
  9.9172930456957020E-02 a      1243     1    10     2    13
 -1.2200835368032972E-01 a      1244     1    10     2    14
  3.2923269258162341E-01 a      1245     1    10     2    15
 -4.8562370675754252E-02 a      1246     1    11     2     1
  6.7681874731283301E-02 a      1247     1    11     2     2
  7.8586016738315639E-02 a      1248     1    11     2     3
 -3.6693244713274675E-01 a      1249     1    11     2     4
 -3.0193807167613262E-01 a      1250     1    11     2     5
 -3.8298094983781714E-02 a      1251     1    11     2     6
 -3.4461495740014569E-01 a      1252     1    11     2     7
 -2.6169436544477348E-01 a      1253     1    11     2     8
 -3.3248858770570450E-01 a      1254     1    11     2     9
 -4.3524761853459576E-02 a      1255     1    11     2    10
 -1.2201509492672380E-01 a      1256     1    11     2    11
  4.1601194494690558E-01 a      1257     1    11     2    12
  3.4779678652124041E-01 a      1258     1    11     2    13
  2.6539333288923667E-01 a      1259     1    11     2    14
  2.2312118346754306E-01 a      1260     1    11     2    15
  4.8563802441819581E-01 a      1261     1    12     2     1
  2.3199722787294791E-01 a      1262     1    12     2     2
  4.1849317269072944E-01 a      1263     1    12     2     3
 -1.6948514060639316E-01 a      1264     1    12     2     4
 -1.8909171635310631E-01 a      1265     1    12     2     5
 -1.4639861615401745E-01 a      1266     1    12     2     6
  1.6994942941421820E-01 a      1267     1    12     2     7
 -1.0111110173281956E-01 a      1268     1    12     2     8
 -5.4201495160798675E-02 a      1269     1    12     2     9
 -4.1953639904794303E-02 a      1270     1    12     2    10
  3.9747979111998477E-01 a      1271     1    12     2    11
 -5.2969665554689604E-01 a      1272     1    12     2    12
 -2.1883885216688895E-01 a      1273     1    12     2    13
  2.1414380243326883E-01 a      1274     1    12     2    14
 -3.1093645974091283E-01 a      1275     1    12     2    15
 -3.9880877830568123E-01 a      1276     1    13     2     1
 -2.6502326538468929E-01 a      1277     1    13     2     2
 -4.3056119633550764E-02 a      1278     1    13     2     3
  1.6587676901067064E-01 a      1279     1    13     2     4
  4.5413256607565095E-01 a      1280     1    13     2     5
  1.3164259700823550E-01 a      1281     1    13     2     6
  5.6428923968545441E-01 a      1282     1    13     2     7
  1.2784752432125315E-01 a      1283     1    13     2     8
 -2.5596466493005787E-02 a      1284     1    13     2     9
  2.3671460802664293E-01 a      1285     1    13     2    10
 -1.8962436742353350E-01 a      1286     1    13     2    11
 -4.2032144295832369E-01 a      1287     1    13     2    12
 -3.8820993999649572E-01 a      1288     1    13     2    13
 -3.9327061210908715E-01 a      1289     1    13     2    14
  3.7221125614793404E-01 a      1290     1    13     2    15
  1.2640398418834595E-01 a      1291     1    14     2     1
  9.4438786898449256E-02 a      1292     1    14     2     2
 -1.4427454580783383E-01 a      1293     1    14     2     3
  2.3054865698767782E-01 a      1294     1    14     2     4
  3.1564260078713668E-01 a      1295     1    14     2     5
  2.1753450053114964E-01 a      1296     1    14     2     6
 -9.0253979349134462E-03 a      1297     1    14     2     7
  2.6443968017540087E-01 a      1298     1    14     2     8
 -2.2875813278757284E-01 a      1299     1    14     2     9
  4.6942525080093674E-02 a      1300     1    14     2    10
  3.9776016770537770E-01 a      1301     1    14     2    11
  2.0553944686626083E-01 a      1302     1    14     2    12
  3.3685725826231799E-01 a      1303     1    14     2    13
 -4.9851176569854626E-02 a      1304     1    14     2    14
  4.8604682334963356E-01 a      1305     1    14     2    15
 -1.0299562297024779E-01 a      1306     1    15     2     1
 -8.9839213754595845E-02 a      1307     1    15     2     2
  3.6358035294387303E-01 a      1308     1    15     2     3
  1.0540110093869502E-01 a      1309     1    15     2     4
 -1.5614580334981812E-01 a      1310     1    15     2     5
  4.6690396207110674E-01 a      1311     1    15     2     6
  1.9653124635149274E-01 a      1312     1    15     2     7
  4.6631591508350299E-02 a      1313     1    15     2     8
  2.5055553074519410E-01 a      1314     1    15     2     9
  2.3995555162147478E-01 a      1315     1    15     2    10
  2.1627502185027311E-01 a      1316     1    15     2    11
  1.3700822074071473E-01 a      1317     1    15     2    12
 -3.9592050244190896E-01 a      1318     1    15     2    13
 -2.6330051569305812E-01 a      1319     1    15     2    14
 -1.1001237498080001E-01 a      1320     1    15     2    15
 -5.3165173188315117E-02 b      1321     2     1
 -3.4768049661138181E-02 b      1322     2     2
 -1.3574261248141423E-02 b      1323     2     3
 -3.3310218331636506E-02 b      1324     2     4
 -1.0932649764179046E-01 b      1325     2     5
  2.9271984729372790E-05 b      1326     2     6
 -1.0104380953139641E-01 b      1327     2     7
  8.4277331102122807E-02 b      1328     2     8
  4.4045710380204349E-02 b      1329     2     9
 -1.6921269668606637E-01 b      1330     2    10
  3.5822723005261084E-02 b      1331     2    11
 -1.1551887344694338E-02 b      1332     2    12
  7.9242690515453809E-02 b      1333     2    13
 -3.9563554812072937E-02 b      1334     2    14
 -2.0033633492827285E-01 b      1335     2    15
 -5.0993334801608048E-01 a      1336     2     1     3     1
 -1.8347215789837687E-01 a      1337     2     2     3     1
  8.4643809230404696E-02 a      1338     2     3     3     1
  8.4638253613682338E-02 a      1339     2     4     3     1
 -6.1697877381937716E-01 a      1340     2     5     3     1
 -1.2832007607040546E-01 a      1341     2     6     3     1
  2.2791807261770594E-01 a      1342     2     7     3     1
 -1.7948990435524897E-01 a      1343     2     8     3     1
 -1.7947514413053203E-01 a      1344     2     9     3     1
 -8.4721212439989446E-01 a      1345     2    10     3     1
  5.1227841540290864E-01 a      1346     2    11     3     1
  7.4359933388212596E-01 a      1347     2    12     3     1
  2.6343409240669907E-01 a      1348     2    13     3     1
  2.7337649902056005E-02 a      1349     2    14     3     1
 -4.0982824773776150E-01 a      1350     2    15     3     1
  6.8582376042123994E-03 b      1351     3     1
