################################################################################
# Neural network connection values (weights and biases).
################################################################################
# Col  Name       Description
################################################################################
# 1    connection Neural network connection value.
# 2    t          Connection type (a = weight, b = bias).
# 3    index      Index enumerating weights.
# 4    l_s        Starting point layer (end point layer for biases).
# 5    n_s        Starting point neuron in starting layer (end point neuron for biases).
# 6    l_e        End point layer.
# 7    n_e        End point neuron in end layer.
################################################################################
#                      1 2         3     4     5     6     7
#             connection t     index   l_s   n_s   l_e   n_e
############################################################
  1.4094508440575101E-01 a         1     0     1     1     1
  3.0070528204618446E-01 a         2     0     1     1     2
  3.7719975770898966E-02 a         3     0     1     1     3
  1.3226841022136918E-01 a         4     0     1     1     4
 -2.6667142268075456E-01 a         5     0     1     1     5
  2.4032980375612240E-01 a         6     0     1     1     6
 -1.8121430818751535E-01 a         7     0     1     1     7
 -1.2799139873079454E-01 a         8     0     1     1     8
 -3.1524480336134968E-02 a         9     0     1     1     9
 -1.4557562182205597E-01 a        10     0     1     1    10
 -6.5574468225598648E-02 a        11     0     1     1    11
 -7.8132814560180341E-03 a        12     0     1     1    12
 -2.7714897343670869E-01 a        13     0     1     1    13
 -1.5223591409396419E-02 a        14     0     1     1    14
  5.2616332385198576E-02 a        15     0     1     1    15
  1.6433348448235280E-01 a        16     0     2     1     1
 -1.9566275686704579E-01 a        17     0     2     1     2
  2.4764358859164481E-01 a        18     0     2     1     3
 -1.4573453646412440E-01 a        19     0     2     1     4
  5.3533422840721316E-02 a        20     0     2     1     5
 -2.6273150716839394E-01 a        21     0     2     1     6
 -4.2603701391388804E-02 a        22     0     2     1     7
  1.4093934393413257E-01 a        23     0     2     1     8
  4.3424769623654901E-02 a        24     0     2     1     9
 -1.7872615015538981E-01 a        25     0     2     1    10
 -9.8125519419984819E-02 a        26     0     2     1    11
  9.1640444726869552E-03 a        27     0     2     1    12
  1.7410042857398247E-01 a        28     0     2     1    13
  4.9513129217188319E-02 a        29     0     2     1    14
 -6.4887579188224867E-02 a        30     0     2     1    15
  2.7927542787594578E-01 a        31     0     3     1     1
 -1.9111688880165140E-01 a        32     0     3     1     2
  4.9030164539297781E-02 a        33     0     3     1     3
 -1.5388782432430112E-01 a        34     0     3     1     4
  9.9241381419990948E-02 a        35     0     3     1     5
  1.8103766078703667E-01 a        36     0     3     1     6
 -2.2734512930383677E-01 a        37     0     3     1     7
 -1.7836571151795150E-01 a        38     0     3     1     8
  2.6854033834104164E-02 a        39     0     3     1     9
  1.9059254417165827E-01 a        40     0     3     1    10
 -5.5549405679691313E-02 a        41     0     3     1    11
  1.0595493440650862E-01 a        42     0     3     1    12
  1.6990643303140701E-01 a        43     0     3     1    13
 -5.6143514722402477E-02 a        44     0     3     1    14
 -2.4996338372687998E-01 a        45     0     3     1    15
  2.8956521811348862E-01 a        46     0     4     1     1
  1.1627799371035101E-02 a        47     0     4     1     2
 -9.0530335307595231E-02 a        48     0     4     1     3
 -4.2031306177506167E-02 a        49     0     4     1     4
  1.7082577429108578E-01 a        50     0     4     1     5
 -2.1244191696025494E-01 a        51     0     4     1     6
 -2.3437407365876396E-02 a        52     0     4     1     7
 -6.1580029845849364E-02 a        53     0     4     1     8
  1.0483535829550519E-01 a        54     0     4     1     9
  2.5814120454862960E-01 a        55     0     4     1    10
 -2.2040966177774624E-01 a        56     0     4     1    11
 -1.8213749361542975E-01 a        57     0     4     1    12
  8.8064964637641255E-02 a        58     0     4     1    13
  1.6539037120497643E-01 a        59     0     4     1    14
  5.0267402740948465E-02 a        60     0     4     1    15
  9.3094283679998724E-02 a        61     0     5     1     1
 -1.7275563929494586E-01 a        62     0     5     1     2
  1.2973236749924386E-01 a        63     0     5     1     3
  1.9642919724191010E-01 a        64     0     5     1     4
  2.2229582201666123E-01 a        65     0     5     1     5
 -2.0582217756393387E-01 a        66     0     5     1     6
  1.7916464123192716E-01 a        67     0     5     1     7
  1.0087529476393918E-01 a        68     0     5     1     8
  2.3474948572569090E-01 a        69     0     5     1     9
  2.4502401016229861E-02 a        70     0     5     1    10
 -1.2905418579996034E-01 a        71     0     5     1    11
 -2.0252162555696621E-01 a        72     0     5     1    12
 -2.4470565823295140E-01 a        73     0     5     1    13
 -2.6630876292565148E-01 a        74     0     5     1    14
 -1.9266795194183906E-01 a        75     0     5     1    15
 -3.5910423322811760E-02 a        76     0     6     1     1
 -8.1949551390367650E-03 a        77     0     6     1     2
 -2.2586163858331110E-01 a        78     0     6     1     3
 -4.2748072413206994E-02 a        79     0     6     1     4
  7.9863882738283348E-02 a        80     0     6     1     5
  1.7939665531320353E-01 a        81     0     6     1     6
  2.6968673970590834E-01 a        82     0     6     1     7
 -1.3767713993219027E-01 a        83     0     6     1     8
 -5.5998093272765219E-02 a        84     0     6     1     9
 -2.4187917571410769E-01 a        85     0     6     1    10
  1.5187900187343625E-01 a        86     0     6     1    11
 -9.4468484953230458E-02 a        87     0     6     1    12
  9.7019528142093067E-02 a        88     0     6     1    13
  2.9090826612242593E-01 a        89     0     6     1    14
 -2.1519745028023377E-01 a        90     0     6     1    15
  2.3348263720880912E-02 a        91     0     7     1     1
 -3.7234702136082633E-02 a        92     0     7     1     2
 -1.8439067741818690E-01 a        93     0     7     1     3
 -1.6035311883432568E-01 a        94     0     7     1     4
  2.6341195078877910E-01 a        95     0     7     1     5
  2.6887427303729672E-01 a        96     0     7     1     6
 -1.6649066704955179E-01 a        97     0     7     1     7
 -2.7582675637959138E-02 a        98     0     7     1     8
 -2.9663608600033520E-01 a        99     0     7     1     9
 -1.6307385516163633E-01 a       100     0     7     1    10
 -1.4371764472133583E-01 a       101     0     7     1    11
 -1.8985629848678418E-01 a       102     0     7     1    12
 -7.1597212171132532E-02 a       103     0     7     1    13
  1.0760523298821263E-01 a       104     0     7     1    14
 -1.9066837594416816E-01 a       105     0     7     1    15
 -1.7519352975225941E-01 a       106     0     8     1     1
  2.0570826889089092E-01 a       107     0     8     1     2
  1.2440412960165775E-01 a       108     0     8     1     3
 -5.3464138796127915E-02 a       109     0     8     1     4
 -2.6692763422564791E-01 a       110     0     8     1     5
  2.7516528296010379E-01 a       111     0     8     1     6
 -1.4566246307639705E-01 a       112     0     8     1     7
 -1.5826525634547287E-01 a       113     0     8     1     8
 -1.8564839882745821E-01 a       114     0     8     1     9
  2.5699263882642798E-01 a       115     0     8     1    10
  4.8211357669526736E-02 a       116     0     8     1    11
  2.2869365111131826E-01 a       117     0     8     1    12
  1.2364381138182197E-02 a       118     0     8     1    13
  1.0696492287359111E-02 a       119     0     8     1    14
 -2.4105522972255200E-01 a       120     0     8     1    15
  1.1150754471310834E-01 a       121     0     9     1     1
 -2.1635171776622991E-01 a       122     0     9     1     2
  2.4413132932820061E-01 a       123     0     9     1     3
 -1.8719200019813870E-01 a       124     0     9     1     4
 -9.0912812167663531E-02 a       125     0     9     1     5
  1.5511741237488269E-01 a       126     0     9     1     6
 -1.7838410567336449E-01 a       127     0     9     1     7
  1.9816699353931480E-01 a       128     0     9     1     8
 -1.7286436516683196E-01 a       129     0     9     1     9
  6.7231271333059478E-02 a       130     0     9     1    10
 -1.4306743905571054E-01 a       131     0     9     1    11
 -1.8417761401520105E-01 a       132     0     9     1    12
  1.3600837471289323E-01 a       133     0     9     1    13
 -2.3371259658984528E-01 a       134     0     9     1    14
 -1.5784923542617707E-01 a       135     0     9     1    15
 -5.2666545467480470E-03 a       136     0    10     1     1
 -2.5056201158849362E-01 a       137     0    10     1     2
 -7.2679510890007556E-02 a       138     0    10     1     3
  2.4865258392030229E-01 a       139     0    10     1     4
 -1.7507677555601461E-01 a       140     0    10     1     5
  1.8914493088866466E-01 a       141     0    10     1     6
 -1.6769186264922839E-01 a       142     0    10     1     7
 -1.9525848443079621E-01 a       143     0    10     1     8
 -1.4893864634065537E-01 a       144     0    10     1     9
 -1.3524063532454256E-01 a       145     0    10     1    10
 -2.8254068639407370E-01 a       146     0    10     1    11
  1.9293260639598280E-02 a       147     0    10     1    12
  1.7296980461444766E-01 a       148     0    10     1    13
  1.7188211136539522E-01 a       149     0    10     1    14
  7.9882088667891968E-02 a       150     0    10     1    15
  7.3926915973841337E-02 a       151     0    11     1     1
 -2.5225506631073308E-01 a       152     0    11     1     2
 -1.7909066144733005E-01 a       153     0    11     1     3
  2.7283171413808127E-01 a       154     0    11     1     4
  1.5949663055332042E-01 a       155     0    11     1     5
  1.2980384263151432E-01 a       156     0    11     1     6
  2.6641192099972522E-01 a       157     0    11     1     7
 -1.2868500182187767E-01 a       158     0    11     1     8
  2.5096877972357912E-01 a       159     0    11     1     9
 -8.4429823833787748E-02 a       160     0    11     1    10
  4.6351824670606299E-02 a       161     0    11     1    11
 -2.0230748747733901E-01 a       162     0    11     1    12
 -2.0523625659084455E-01 a       163     0    11     1    13
 -1.6919955728662830E-01 a       164     0    11     1    14
 -1.5536629090723431E-01 a       165     0    11     1    15
  4.6038524451021946E-02 a       166     0    12     1     1
  2.8611950718005558E-01 a       167     0    12     1     2
  1.6848248333987950E-01 a       168     0    12     1     3
 -2.0741071470015709E-01 a       169     0    12     1     4
  1.9837076502464324E-01 a       170     0    12     1     5
 -2.0523240490508754E-01 a       171     0    12     1     6
  1.2941273284745322E-01 a       172     0    12     1     7
 -1.0708642773772559E-02 a       173     0    12     1     8
  1.4831066837619383E-01 a       174     0    12     1     9
  1.6777914634425442E-01 a       175     0    12     1    10
  5.5506245590999287E-02 a       176     0    12     1    11
 -3.8208440785149921E-02 a       177     0    12     1    12
  5.5836003867228909E-02 a       178     0    12     1    13
  5.4692565808581194E-02 a       179     0    12     1    14
  1.2721278207919851E-02 a       180     0    12     1    15
  1.6722133024790590E-02 a       181     0    13     1     1
  2.8238337506065225E-01 a       182     0    13     1     2
  7.6228586057278683E-02 a       183     0    13     1     3
  7.2340011367032928E-02 a       184     0    13     1     4
 -2.5047636724116296E-01 a       185     0    13     1     5
 -2.3624871136395403E-01 a       186     0    13     1     6
 -2.3353247640442826E-01 a       187     0    13     1     7
 -2.0824041810737104E-01 a       188     0    13     1     8
  2.8866606823290353E-01 a       189     0    13     1     9
 -8.3553478254417085E-02 a       190     0    13     1    10
  9.7366155865711429E-02 a       191     0    13     1    11
  7.5651679212290393E-02 a       192     0    13     1    12
 -7.4502750733741352E-02 a       193     0    13     1    13
 -4.5576100611956476E-03 a       194     0    13     1    14
 -2.7277737904853022E-01 a       195     0    13     1    15
 -1.2971417089197142E-02 a       196     0    14     1     1
  2.6646774588839789E-01 a       197     0    14     1     2
 -3.7904680947930217E-02 a       198     0    14     1     3
  2.4164579900640376E-01 a       199     0    14     1     4
 -2.0819579256967793E-01 a       200     0    14     1     5
  4.7705766092370781E-02 a       201     0    14     1     6
  1.9973843728677887E-01 a       202     0    14     1     7
  2.3755546407076042E-01 a       203     0    14     1     8
 -6.9338605503516476E-02 a       204     0    14     1     9
 -5.4682560878483819E-02 a       205     0    14     1    10
  2.7244184689249007E-01 a       206     0    14     1    11
  7.9479642585704058E-02 a       207     0    14     1    12
  4.2725418258482917E-02 a       208     0    14     1    13
  1.2745191440215395E-01 a       209     0    14     1    14
 -2.2668221961909868E-01 a       210     0    14     1    15
 -2.9649877554526999E-02 a       211     0    15     1     1
 -1.9502326826325012E-01 a       212     0    15     1     2
  1.2835077746856682E-01 a       213     0    15     1     3
  3.0408203771916470E-01 a       214     0    15     1     4
  2.0179566237949451E-01 a       215     0    15     1     5
 -2.3478134954332339E-01 a       216     0    15     1     6
 -8.3291211515145000E-02 a       217     0    15     1     7
 -2.4833490017029444E-01 a       218     0    15     1     8
 -2.8215885354666914E-01 a       219     0    15     1     9
 -2.7694864301691092E-02 a       220     0    15     1    10
 -1.9637394004262090E-01 a       221     0    15     1    11
 -2.7750114362579786E-01 a       222     0    15     1    12
  7.8316277366035497E-02 a       223     0    15     1    13
 -1.9007590544512937E-01 a       224     0    15     1    14
  2.6449198197341376E-02 a       225     0    15     1    15
 -1.9422615081456063E-01 a       226     0    16     1     1
  2.1541270245012817E-01 a       227     0    16     1     2
  2.2634189467819180E-01 a       228     0    16     1     3
 -2.0949580465522424E-01 a       229     0    16     1     4
 -2.2367404320814377E-01 a       230     0    16     1     5
 -2.2771979879670926E-01 a       231     0    16     1     6
  2.8590787662167821E-01 a       232     0    16     1     7
 -3.3258507071962928E-02 a       233     0    16     1     8
 -2.9516551958852039E-01 a       234     0    16     1     9
 -3.3554902073458132E-01 a       235     0    16     1    10
  1.7388970977732751E-01 a       236     0    16     1    11
 -1.8313024596116029E-01 a       237     0    16     1    12
  2.4790634589006688E-01 a       238     0    16     1    13
 -1.6727066495665804E-01 a       239     0    16     1    14
 -3.1732207580624461E-01 a       240     0    16     1    15
 -5.2335980766454002E-02 a       241     0    17     1     1
  1.2054031839281458E-02 a       242     0    17     1     2
 -6.1792275535003799E-02 a       243     0    17     1     3
  1.1244829429516834E-01 a       244     0    17     1     4
  2.8844409299996959E-01 a       245     0    17     1     5
  1.7246138308763012E-01 a       246     0    17     1     6
  2.4154097670848376E-01 a       247     0    17     1     7
  7.9080397576924907E-02 a       248     0    17     1     8
 -3.0197041336344066E-01 a       249     0    17     1     9
  2.6937981699081037E-01 a       250     0    17     1    10
 -1.2022045843570954E-01 a       251     0    17     1    11
  1.8891373686621782E-01 a       252     0    17     1    12
 -1.2338108083883964E-02 a       253     0    17     1    13
 -2.2473743787866193E-01 a       254     0    17     1    14
 -1.7054365678493588E-01 a       255     0    17     1    15
 -4.1100238620491308E-02 a       256     0    18     1     1
  1.2813531978604850E-01 a       257     0    18     1     2
  2.7282182111969683E-01 a       258     0    18     1     3
  2.4120192775301713E-01 a       259     0    18     1     4
 -2.8653896898791836E-01 a       260     0    18     1     5
  2.6699812890825253E-01 a       261     0    18     1     6
 -1.5644334269324292E-01 a       262     0    18     1     7
  4.9364404004512474E-02 a       263     0    18     1     8
  1.5024362552231360E-01 a       264     0    18     1     9
 -2.8819714031312377E-01 a       265     0    18     1    10
  8.1161540071534713E-02 a       266     0    18     1    11
 -1.3971831473201654E-01 a       267     0    18     1    12
  2.0050610893114384E-01 a       268     0    18     1    13
  2.8961194005380353E-01 a       269     0    18     1    14
 -5.7285918180777752E-02 a       270     0    18     1    15
 -2.8707667542769744E-01 a       271     0    19     1     1
 -6.6005417367218530E-02 a       272     0    19     1     2
 -9.0117518935610763E-02 a       273     0    19     1     3
  2.2612321565405583E-01 a       274     0    19     1     4
 -1.4219075564887071E-01 a       275     0    19     1     5
  2.3506645174601140E-01 a       276     0    19     1     6
  2.4942469488856009E-01 a       277     0    19     1     7
 -3.0484630787910760E-01 a       278     0    19     1     8
  1.7627554523040867E-01 a       279     0    19     1     9
 -6.8630128305772536E-03 a       280     0    19     1    10
  2.4952156415796373E-01 a       281     0    19     1    11
  8.8978379853831585E-02 a       282     0    19     1    12
 -8.7156955794696567E-02 a       283     0    19     1    13
  4.1118398457491240E-02 a       284     0    19     1    14
  1.7210864625860543E-02 a       285     0    19     1    15
  4.3750403053262568E-02 a       286     0    20     1     1
  2.4803781358707103E-01 a       287     0    20     1     2
 -1.4782808393836919E-01 a       288     0    20     1     3
  6.3481082754383467E-02 a       289     0    20     1     4
  5.6732369105714643E-02 a       290     0    20     1     5
 -3.6173268190441893E-02 a       291     0    20     1     6
 -7.7021311176612747E-02 a       292     0    20     1     7
 -2.0053590080492500E-01 a       293     0    20     1     8
  8.4032358874968668E-02 a       294     0    20     1     9
  1.7038108293181931E-01 a       295     0    20     1    10
  1.1965866403218396E-01 a       296     0    20     1    11
  1.5355003854101082E-01 a       297     0    20     1    12
  9.3850249949775833E-05 a       298     0    20     1    13
 -1.8994035148458971E-01 a       299     0    20     1    14
  9.7538056313395086E-02 a       300     0    20     1    15
  1.4060365071968134E-01 a       301     0    21     1     1
  1.1479632123707079E-01 a       302     0    21     1     2
 -5.8737874441210147E-02 a       303     0    21     1     3
 -2.3002836865961160E-01 a       304     0    21     1     4
 -2.3728339281865127E-01 a       305     0    21     1     5
  1.4790373277505053E-01 a       306     0    21     1     6
  1.3025337875508786E-01 a       307     0    21     1     7
  4.8289520851081187E-02 a       308     0    21     1     8
  1.0527491588729242E-01 a       309     0    21     1     9
  2.4467671041523073E-01 a       310     0    21     1    10
 -1.2627618028874172E-02 a       311     0    21     1    11
 -1.5676300221665521E-01 a       312     0    21     1    12
  2.3353952498277053E-01 a       313     0    21     1    13
  7.7312189487119456E-03 a       314     0    21     1    14
  1.3945348629777035E-01 a       315     0    21     1    15
  1.3487964407253475E-01 a       316     0    22     1     1
  2.1544102518130329E-01 a       317     0    22     1     2
 -1.8959383063510901E-01 a       318     0    22     1     3
 -1.0346756366713841E-01 a       319     0    22     1     4
  3.1556917550807785E-02 a       320     0    22     1     5
 -1.9526491275647179E-01 a       321     0    22     1     6
 -6.9815800303224707E-02 a       322     0    22     1     7
  1.1182921128198356E-01 a       323     0    22     1     8
 -1.0406783420140339E-01 a       324     0    22     1     9
 -2.9012922557524629E-01 a       325     0    22     1    10
  2.2311225007045590E-01 a       326     0    22     1    11
 -2.4929964682166589E-01 a       327     0    22     1    12
  1.7402427863711065E-01 a       328     0    22     1    13
 -4.0719429267605751E-02 a       329     0    22     1    14
 -1.3194249156187110E-01 a       330     0    22     1    15
 -1.4098056121908720E-01 a       331     0    23     1     1
  5.0006117609313741E-02 a       332     0    23     1     2
 -6.0910082782944380E-02 a       333     0    23     1     3
  7.2548572875299741E-02 a       334     0    23     1     4
  2.0642396326152626E-01 a       335     0    23     1     5
 -2.6191787699719898E-01 a       336     0    23     1     6
  4.1440070641106441E-02 a       337     0    23     1     7
  2.5775983218036608E-01 a       338     0    23     1     8
 -3.0285306710608573E-01 a       339     0    23     1     9
  2.8701425533979467E-02 a       340     0    23     1    10
 -1.6833554866464082E-01 a       341     0    23     1    11
  3.1176888065265906E-01 a       342     0    23     1    12
 -1.6820469533429269E-01 a       343     0    23     1    13
  1.3530551898077958E-01 a       344     0    23     1    14
 -4.2089216078662409E-02 a       345     0    23     1    15
 -1.5493033306820569E-01 a       346     0    24     1     1
  2.5380437351022789E-01 a       347     0    24     1     2
  8.6148963829633121E-02 a       348     0    24     1     3
 -1.1536871909239145E-01 a       349     0    24     1     4
  1.6757564963157812E-01 a       350     0    24     1     5
  1.8376129462728039E-01 a       351     0    24     1     6
 -7.6967501688854856E-02 a       352     0    24     1     7
  7.8891643893821223E-02 a       353     0    24     1     8
 -6.0411617709728626E-03 a       354     0    24     1     9
 -1.0066811556192249E-02 a       355     0    24     1    10
 -1.6910735870154711E-01 a       356     0    24     1    11
  2.4024204800387622E-01 a       357     0    24     1    12
  9.3222008689073918E-02 a       358     0    24     1    13
  7.5376010504690838E-02 a       359     0    24     1    14
 -5.7644161100482129E-02 a       360     0    24     1    15
  2.9729415909850437E-01 a       361     0    25     1     1
 -3.1017628450414869E-01 a       362     0    25     1     2
 -6.2604075671268494E-02 a       363     0    25     1     3
  2.4844330884436688E-01 a       364     0    25     1     4
 -1.1333215701132750E-01 a       365     0    25     1     5
  6.0101485558767515E-02 a       366     0    25     1     6
  7.3103237620203612E-02 a       367     0    25     1     7
 -1.0084472415576394E-01 a       368     0    25     1     8
  1.6539860451387972E-01 a       369     0    25     1     9
  1.7602607929414188E-01 a       370     0    25     1    10
  2.6422254688274360E-01 a       371     0    25     1    11
 -2.4700272674704940E-01 a       372     0    25     1    12
 -1.9090818998262574E-01 a       373     0    25     1    13
 -4.5849088493291348E-02 a       374     0    25     1    14
  1.6646822705446254E-01 a       375     0    25     1    15
 -2.2743550747181829E-01 a       376     0    26     1     1
 -7.9328849776805113E-02 a       377     0    26     1     2
  8.9587475999517469E-02 a       378     0    26     1     3
  3.2268128421122977E-02 a       379     0    26     1     4
  2.2680740526299961E-01 a       380     0    26     1     5
 -1.4878881305349251E-01 a       381     0    26     1     6
 -1.5501766611483156E-01 a       382     0    26     1     7
  1.9666345090617046E-01 a       383     0    26     1     8
 -1.8953358439571233E-01 a       384     0    26     1     9
  1.4090551758118255E-02 a       385     0    26     1    10
 -5.4942607755338983E-02 a       386     0    26     1    11
  7.9591024230133547E-02 a       387     0    26     1    12
  2.1388616515533143E-01 a       388     0    26     1    13
  2.5546731721355764E-01 a       389     0    26     1    14
 -3.5867064304667379E-02 a       390     0    26     1    15
  8.1533146017532671E-02 a       391     0    27     1     1
 -6.0234441498515902E-02 a       392     0    27     1     2
 -2.7263542114697592E-01 a       393     0    27     1     3
 -1.9277905855410402E-01 a       394     0    27     1     4
 -2.0609383599259168E-01 a       395     0    27     1     5
 -4.7854330112824979E-02 a       396     0    27     1     6
  2.4356595009167403E-01 a       397     0    27     1     7
 -1.9367761042186116E-02 a       398     0    27     1     8
 -1.5358225993931948E-01 a       399     0    27     1     9
 -1.9872342990551045E-01 a       400     0    27     1    10
 -2.3262815840204429E-01 a       401     0    27     1    11
  1.6709683967993955E-01 a       402     0    27     1    12
 -1.3902033859238247E-01 a       403     0    27     1    13
 -2.0585971662330457E-01 a       404     0    27     1    14
 -4.8324205381902102E-02 a       405     0    27     1    15
 -4.5637887492730407E-02 a       406     0    28     1     1
  1.6713174159639718E-01 a       407     0    28     1     2
  2.3158140900226729E-01 a       408     0    28     1     3
 -1.3920970394824514E-01 a       409     0    28     1     4
  1.4497287791598548E-01 a       410     0    28     1     5
  2.0153544789437930E-01 a       411     0    28     1     6
 -7.6082797154905568E-02 a       412     0    28     1     7
  2.1011434212506439E-01 a       413     0    28     1     8
  1.9747730099349656E-01 a       414     0    28     1     9
  2.9990943959300331E-01 a       415     0    28     1    10
 -2.5206375126985297E-02 a       416     0    28     1    11
 -1.2258657871938478E-01 a       417     0    28     1    12
 -2.3027584262908959E-01 a       418     0    28     1    13
  3.3140673611273896E-01 a       419     0    28     1    14
 -2.8795431523869386E-01 a       420     0    28     1    15
  2.5516098034951945E-01 a       421     0    29     1     1
 -2.4157181901189662E-01 a       422     0    29     1     2
  2.1899194957648166E-01 a       423     0    29     1     3
  7.3499153272070225E-02 a       424     0    29     1     4
  2.0491994761258667E-01 a       425     0    29     1     5
 -2.2228496213730084E-01 a       426     0    29     1     6
 -1.9906417236383347E-01 a       427     0    29     1     7
 -7.1582010195160292E-02 a       428     0    29     1     8
  5.5504064066851669E-02 a       429     0    29     1     9
  6.5509609563079524E-02 a       430     0    29     1    10
  1.8385556279292511E-01 a       431     0    29     1    11
  4.7132953969035114E-02 a       432     0    29     1    12
  2.0236932477285110E-02 a       433     0    29     1    13
  1.9575389556964470E-01 a       434     0    29     1    14
 -8.7099754377688340E-02 a       435     0    29     1    15
 -2.4291611378191225E-01 a       436     0    30     1     1
 -2.3189480146659203E-01 a       437     0    30     1     2
  1.8707829739886044E-02 a       438     0    30     1     3
 -1.5024045214104237E-01 a       439     0    30     1     4
 -1.7597745451158259E-01 a       440     0    30     1     5
 -1.5318304518032649E-01 a       441     0    30     1     6
  2.4671195064386042E-01 a       442     0    30     1     7
 -1.5721175462297368E-01 a       443     0    30     1     8
 -1.8809110300344584E-01 a       444     0    30     1     9
  4.7438615555175562E-02 a       445     0    30     1    10
  2.1692696319106639E-01 a       446     0    30     1    11
  5.2274605092402972E-03 a       447     0    30     1    12
 -2.5490349174601923E-01 a       448     0    30     1    13
  1.0174229284767634E-01 a       449     0    30     1    14
  8.7843007127063333E-02 a       450     0    30     1    15
 -1.0581992212845109E-01 a       451     0    31     1     1
 -1.4545252384238325E-01 a       452     0    31     1     2
 -1.8752286180886238E-01 a       453     0    31     1     3
  1.1855001234723925E-02 a       454     0    31     1     4
 -3.2725973224320515E-01 a       455     0    31     1     5
  1.8826161483546394E-01 a       456     0    31     1     6
  1.8358228322782619E-01 a       457     0    31     1     7
  9.6708711244125389E-02 a       458     0    31     1     8
  2.6137159826820272E-01 a       459     0    31     1     9
  2.2163326807028541E-01 a       460     0    31     1    10
 -8.2496009483120331E-02 a       461     0    31     1    11
  1.4622048691960822E-02 a       462     0    31     1    12
 -1.5423213171490527E-01 a       463     0    31     1    13
  2.5754364728313395E-01 a       464     0    31     1    14
  2.5649200020813542E-02 a       465     0    31     1    15
 -1.7154530989230973E-01 a       466     0    32     1     1
 -6.4981071255785283E-02 a       467     0    32     1     2
 -1.8095277129740736E-01 a       468     0    32     1     3
 -3.2864960466111065E-01 a       469     0    32     1     4
  2.1293024767109434E-01 a       470     0    32     1     5
 -1.6256740213173465E-01 a       471     0    32     1     6
 -2.2228418204846123E-01 a       472     0    32     1     7
 -1.1423733190914913E-01 a       473     0    32     1     8
  1.5501371133987929E-01 a       474     0    32     1     9
 -3.1731665644521562E-01 a       475     0    32     1    10
  1.7527521423775699E-01 a       476     0    32     1    11
  1.5661140134923451E-01 a       477     0    32     1    12
  1.9920053350995234E-01 a       478     0    32     1    13
  4.3364205586597156E-02 a       479     0    32     1    14
 -1.5885788407304233E-02 a       480     0    32     1    15
 -1.8874409981175380E-01 a       481     0    33     1     1
  1.7877494255403102E-03 a       482     0    33     1     2
  2.4060929904566322E-01 a       483     0    33     1     3
  2.2536092229411342E-01 a       484     0    33     1     4
  1.3250204755321662E-01 a       485     0    33     1     5
 -1.4205299095594595E-01 a       486     0    33     1     6
 -7.8883641205137550E-02 a       487     0    33     1     7
  1.1477112685976107E-01 a       488     0    33     1     8
  1.3820666118291719E-01 a       489     0    33     1     9
  8.3243335632380663E-02 a       490     0    33     1    10
  1.3491981276548876E-01 a       491     0    33     1    11
  1.0193277091790437E-01 a       492     0    33     1    12
 -1.9507193235383993E-02 a       493     0    33     1    13
  1.8306871039716813E-01 a       494     0    33     1    14
  3.1569596165142244E-01 a       495     0    33     1    15
 -1.1453106285887710E-01 a       496     0    34     1     1
  2.6882816889804750E-01 a       497     0    34     1     2
 -1.3048582196775009E-03 a       498     0    34     1     3
  2.3715907127314462E-01 a       499     0    34     1     4
 -1.2086420785495908E-01 a       500     0    34     1     5
  2.7159463224842667E-01 a       501     0    34     1     6
  1.9780797942619127E-01 a       502     0    34     1     7
 -3.1863283184888472E-02 a       503     0    34     1     8
  1.0018587420543776E-01 a       504     0    34     1     9
 -1.4339496266062482E-01 a       505     0    34     1    10
  2.6373145753939486E-01 a       506     0    34     1    11
 -2.3486571649304400E-01 a       507     0    34     1    12
 -3.2312850429877249E-01 a       508     0    34     1    13
 -2.0236350131564154E-01 a       509     0    34     1    14
 -8.5923536104056966E-02 a       510     0    34     1    15
 -2.9497543384010455E-01 a       511     0    35     1     1
  1.9873113483945973E-01 a       512     0    35     1     2
 -7.5717674669984789E-02 a       513     0    35     1     3
  1.8882666886854146E-01 a       514     0    35     1     4
  2.2328815746403824E-01 a       515     0    35     1     5
  2.0166283724787321E-01 a       516     0    35     1     6
  1.1054575849751812E-01 a       517     0    35     1     7
 -2.6140842249991797E-01 a       518     0    35     1     8
 -2.2861854147947469E-01 a       519     0    35     1     9
 -9.4335523442937830E-02 a       520     0    35     1    10
  7.7635827279252570E-02 a       521     0    35     1    11
 -2.2141984713437154E-01 a       522     0    35     1    12
 -2.0567992861472403E-01 a       523     0    35     1    13
 -1.4558918467270868E-03 a       524     0    35     1    14
  6.9820061128921709E-02 a       525     0    35     1    15
  1.5400292243615255E-01 a       526     0    36     1     1
 -1.7213941325095911E-01 a       527     0    36     1     2
  8.9754252324921721E-02 a       528     0    36     1     3
 -5.1864541445331763E-03 a       529     0    36     1     4
  1.3407513513579860E-02 a       530     0    36     1     5
  6.7906382074641100E-02 a       531     0    36     1     6
  1.8855014004278453E-01 a       532     0    36     1     7
 -1.3073632616513733E-01 a       533     0    36     1     8
  2.8231573541126445E-02 a       534     0    36     1     9
 -1.6426296809923532E-01 a       535     0    36     1    10
  1.4392042800603921E-01 a       536     0    36     1    11
  2.3375416066462709E-01 a       537     0    36     1    12
  2.3661736106487678E-04 a       538     0    36     1    13
 -2.0151959222176684E-02 a       539     0    36     1    14
  6.5062141639742138E-02 a       540     0    36     1    15
  2.2168258937689070E-01 a       541     0    37     1     1
 -2.8565700012153550E-01 a       542     0    37     1     2
  2.6183309524306519E-01 a       543     0    37     1     3
 -2.2621002501231796E-01 a       544     0    37     1     4
  1.9896486492020410E-01 a       545     0    37     1     5
 -1.3871325204185872E-01 a       546     0    37     1     6
 -1.6061257264610392E-02 a       547     0    37     1     7
  1.6418876693888429E-01 a       548     0    37     1     8
  1.1093018517299888E-01 a       549     0    37     1     9
 -2.8386815873572894E-02 a       550     0    37     1    10
  1.1978427561792203E-01 a       551     0    37     1    11
  2.5232275497886657E-02 a       552     0    37     1    12
  1.9858465297156683E-01 a       553     0    37     1    13
  1.5483088968756589E-01 a       554     0    37     1    14
  1.3687400021117846E-01 a       555     0    37     1    15
  1.3485321352759033E-01 a       556     0    38     1     1
  3.2976089809098219E-02 a       557     0    38     1     2
  1.5766609157309189E-01 a       558     0    38     1     3
 -1.6419920274739288E-02 a       559     0    38     1     4
 -6.9006199882971478E-02 a       560     0    38     1     5
 -4.1392855178681819E-02 a       561     0    38     1     6
  9.0785660833086451E-02 a       562     0    38     1     7
  1.5288648494542276E-01 a       563     0    38     1     8
 -7.7786350631284487E-02 a       564     0    38     1     9
  1.7164778689983790E-01 a       565     0    38     1    10
  2.6425045912263656E-01 a       566     0    38     1    11
  8.8427061293190015E-02 a       567     0    38     1    12
  2.0135640930880813E-01 a       568     0    38     1    13
 -2.4570559407847103E-01 a       569     0    38     1    14
 -2.8099857889269109E-01 a       570     0    38     1    15
 -1.6376914984745791E-01 a       571     0    39     1     1
  3.2168210079676474E-01 a       572     0    39     1     2
 -5.8756764251076253E-02 a       573     0    39     1     3
  1.1604661993312740E-01 a       574     0    39     1     4
  1.4573146534422873E-01 a       575     0    39     1     5
 -1.5573162670932189E-01 a       576     0    39     1     6
 -1.8427779981856759E-01 a       577     0    39     1     7
  2.7535347788955233E-01 a       578     0    39     1     8
 -1.6326125611260167E-01 a       579     0    39     1     9
  5.5229381078930988E-02 a       580     0    39     1    10
 -1.1243409407491685E-01 a       581     0    39     1    11
 -2.5670477726879762E-02 a       582     0    39     1    12
  1.8825394544910687E-01 a       583     0    39     1    13
 -2.3098798819276145E-01 a       584     0    39     1    14
  2.5580651343447736E-01 a       585     0    39     1    15
  2.1475498243513341E-01 a       586     0    40     1     1
 -2.5645942457108251E-01 a       587     0    40     1     2
  2.8323120671772478E-01 a       588     0    40     1     3
  1.4031841330702483E-01 a       589     0    40     1     4
  4.3371449214148407E-02 a       590     0    40     1     5
 -1.4925362686280391E-01 a       591     0    40     1     6
 -1.4766198848498235E-01 a       592     0    40     1     7
 -1.5835704813567830E-01 a       593     0    40     1     8
 -1.9792843057988227E-01 a       594     0    40     1     9
  2.3761590121951656E-01 a       595     0    40     1    10
 -1.2676215925655343E-01 a       596     0    40     1    11
 -5.9683753232445347E-02 a       597     0    40     1    12
 -1.1423687986469763E-01 a       598     0    40     1    13
  1.8742057549238361E-01 a       599     0    40     1    14
  2.5538560676079453E-01 a       600     0    40     1    15
 -1.3408496576686357E-01 a       601     0    41     1     1
 -6.1280953047003990E-02 a       602     0    41     1     2
  1.2292381341362246E-01 a       603     0    41     1     3
  8.9328041669760865E-03 a       604     0    41     1     4
 -2.4570257114954094E-01 a       605     0    41     1     5
  1.7824238941506751E-01 a       606     0    41     1     6
 -1.2175617743706660E-01 a       607     0    41     1     7
  1.9948171519772578E-01 a       608     0    41     1     8
 -1.7898355517700294E-02 a       609     0    41     1     9
 -1.4782989338229824E-01 a       610     0    41     1    10
  1.5774061322947286E-01 a       611     0    41     1    11
 -1.7816270249471935E-01 a       612     0    41     1    12
 -2.6084709524135677E-02 a       613     0    41     1    13
  9.7131245439878527E-02 a       614     0    41     1    14
  2.5054237714678912E-01 a       615     0    41     1    15
 -3.6017445004054502E-02 a       616     0    42     1     1
  2.2988445429477153E-01 a       617     0    42     1     2
 -2.2081350626546464E-01 a       618     0    42     1     3
  1.1377341136074819E-01 a       619     0    42     1     4
  7.8831706542034696E-02 a       620     0    42     1     5
 -8.7445541376120137E-02 a       621     0    42     1     6
  2.2704599200526171E-01 a       622     0    42     1     7
 -4.6285625159397686E-02 a       623     0    42     1     8
 -1.7343071705764462E-01 a       624     0    42     1     9
  9.9960726028654502E-03 a       625     0    42     1    10
 -1.2109969636630218E-01 a       626     0    42     1    11
  2.1289668375816567E-01 a       627     0    42     1    12
 -3.4783060158735675E-02 a       628     0    42     1    13
  2.0356233472222676E-01 a       629     0    42     1    14
 -1.3257770423690976E-01 a       630     0    42     1    15
 -2.3872541552775853E-01 a       631     0    43     1     1
  3.1580608307101299E-01 a       632     0    43     1     2
 -9.6577259710777852E-02 a       633     0    43     1     3
  1.7960775988294073E-01 a       634     0    43     1     4
  2.6997488514664425E-01 a       635     0    43     1     5
 -2.7419387348859076E-01 a       636     0    43     1     6
  4.6724225324913105E-02 a       637     0    43     1     7
  5.0059002793841120E-03 a       638     0    43     1     8
 -6.7346961122577376E-02 a       639     0    43     1     9
 -2.0441244153036435E-02 a       640     0    43     1    10
  2.7444210787682122E-01 a       641     0    43     1    11
  1.1071099560231552E-01 a       642     0    43     1    12
 -2.1919818278401868E-02 a       643     0    43     1    13
  1.0113348019707810E-01 a       644     0    43     1    14
  9.4082788450995797E-02 a       645     0    43     1    15
  3.0155402379107815E-01 a       646     0    44     1     1
 -2.1165412547517642E-01 a       647     0    44     1     2
 -1.8630880785432216E-01 a       648     0    44     1     3
 -5.2064604007432631E-02 a       649     0    44     1     4
 -1.8152413326770266E-02 a       650     0    44     1     5
 -1.0153581469263077E-01 a       651     0    44     1     6
 -5.8197871184221157E-02 a       652     0    44     1     7
  2.6464451441467318E-01 a       653     0    44     1     8
  5.8887397719977919E-02 a       654     0    44     1     9
 -7.4283278673702990E-02 a       655     0    44     1    10
 -9.8661602552504155E-02 a       656     0    44     1    11
 -1.6357604304501042E-01 a       657     0    44     1    12
 -2.3212558973074518E-01 a       658     0    44     1    13
 -1.5965588341068232E-01 a       659     0    44     1    14
  1.8120876195536009E-01 a       660     0    44     1    15
  1.4694823925499076E-01 a       661     0    45     1     1
 -2.1792142275565260E-01 a       662     0    45     1     2
 -1.9190964519943106E-03 a       663     0    45     1     3
  7.1510369113728919E-02 a       664     0    45     1     4
  1.6618136643500755E-01 a       665     0    45     1     5
  1.8096060675197692E-01 a       666     0    45     1     6
 -1.9997133763551336E-01 a       667     0    45     1     7
  6.9931065938158968E-02 a       668     0    45     1     8
  9.2775642540938924E-02 a       669     0    45     1     9
 -1.3766884974302768E-01 a       670     0    45     1    10
 -8.3548397900821015E-03 a       671     0    45     1    11
  1.2486545146140787E-01 a       672     0    45     1    12
 -2.9473037957559090E-01 a       673     0    45     1    13
 -1.4476440529373108E-01 a       674     0    45     1    14
 -3.7306421399084896E-02 a       675     0    45     1    15
 -1.0278143680775251E-01 a       676     0    46     1     1
 -2.2634562407962155E-01 a       677     0    46     1     2
 -1.3372888008481931E-01 a       678     0    46     1     3
  1.0657892259493051E-01 a       679     0    46     1     4
 -1.5866610482134913E-01 a       680     0    46     1     5
 -1.3291602417552151E-01 a       681     0    46     1     6
 -1.4433628812811808E-01 a       682     0    46     1     7
  1.6920829393848230E-01 a       683     0    46     1     8
  3.4409734941390030E-01 a       684     0    46     1     9
 -1.5123206421660148E-02 a       685     0    46     1    10
 -2.6352824297670649E-02 a       686     0    46     1    11
 -1.9722647308517674E-01 a       687     0    46     1    12
 -7.5026400528485811E-03 a       688     0    46     1    13
  5.7348514958400570E-02 a       689     0    46     1    14
  1.9717664004965885E-02 a       690     0    46     1    15
  1.9904066968347298E-01 a       691     0    47     1     1
 -2.2769365039505191E-01 a       692     0    47     1     2
 -2.4657928987597499E-01 a       693     0    47     1     3
 -2.5563308358795750E-01 a       694     0    47     1     4
 -2.9854875027525213E-01 a       695     0    47     1     5
 -1.7899152555003411E-01 a       696     0    47     1     6
 -2.5438892048690487E-01 a       697     0    47     1     7
 -2.3748638206228540E-02 a       698     0    47     1     8
 -2.1830717119549395E-01 a       699     0    47     1     9
 -1.2318635940373174E-01 a       700     0    47     1    10
 -2.2144243646845030E-01 a       701     0    47     1    11
 -3.2353120669206120E-02 a       702     0    47     1    12
  4.5975198276411167E-02 a       703     0    47     1    13
  1.3090800294549490E-01 a       704     0    47     1    14
 -2.7124259888173879E-01 a       705     0    47     1    15
  1.4378605804609456E-02 a       706     0    48     1     1
 -1.7685718750502380E-01 a       707     0    48     1     2
 -2.4097065501558798E-01 a       708     0    48     1     3
 -2.6385724991482251E-01 a       709     0    48     1     4
  1.2762088480482855E-01 a       710     0    48     1     5
  1.3893721822201571E-01 a       711     0    48     1     6
  8.8116450403451618E-02 a       712     0    48     1     7
 -2.8056475205411746E-01 a       713     0    48     1     8
  1.4727058923830258E-02 a       714     0    48     1     9
  1.7257273079248600E-01 a       715     0    48     1    10
 -7.0112916025640168E-02 a       716     0    48     1    11
  3.3610370428626235E-01 a       717     0    48     1    12
 -5.8436366173845358E-02 a       718     0    48     1    13
  1.5345506850376531E-01 a       719     0    48     1    14
  2.2206302958362675E-01 a       720     0    48     1    15
  1.9990903928016973E-01 b       721     1     1
  1.3470042396092971E-01 b       722     1     2
 -8.3180806688944300E-02 b       723     1     3
 -1.2361211312439370E-01 b       724     1     4
 -4.8943863960253679E-02 b       725     1     5
  1.9399480279773298E-02 b       726     1     6
 -4.2708390691849913E-03 b       727     1     7
  9.4295377319396217E-02 b       728     1     8
 -2.6700821762743587E-01 b       729     1     9
  4.2053618375899451E-02 b       730     1    10
 -3.1959258648129020E-02 b       731     1    11
 -1.9623265356520728E-01 b       732     1    12
 -1.2695873259989579E-01 b       733     1    13
  8.1978137125823076E-04 b       734     1    14
 -5.0633950981241460E-02 b       735     1    15
  3.4107635939464354E-01 a       736     1     1     2     1
  2.8047549477338649E-02 a       737     1     1     2     2
 -1.3897589617867509E-01 a       738     1     1     2     3
  2.7502371124193642E-01 a       739     1     1     2     4
 -1.6099848298872799E-01 a       740     1     1     2     5
  1.0338737351008159E-01 a       741     1     1     2     6
  2.0283877837705558E-01 a       742     1     1     2     7
  4.2594452504305230E-01 a       743     1     1     2     8
  5.3565883446787484E-02 a       744     1     1     2     9
  2.2486184096041983E-01 a       745     1     1     2    10
  3.1296337167274030E-01 a       746     1     1     2    11
 -4.0117348715502660E-01 a       747     1     1     2    12
  3.2948566239429855E-01 a       748     1     1     2    13
 -2.2998002547660579E-01 a       749     1     1     2    14
 -3.2726018239159882E-02 a       750     1     1     2    15
  2.6230677149539910E-01 a       751     1     2     2     1
  3.9403629878683460E-01 a       752     1     2     2     2
 -3.0487298585959149E-01 a       753     1     2     2     3
  3.3822348107854361E-01 a       754     1     2     2     4
  1.2864987997080178E-02 a       755     1     2     2     5
 -4.2194453922087954E-02 a       756     1     2     2     6
 -3.4189892363749919E-01 a       757     1     2     2     7
  1.5188234845922780E-01 a       758     1     2     2     8
 -9.9011709288697264E-02 a       759     1     2     2     9
  1.9548397479617866E-01 a       760     1     2     2    10
  1.2955121582861691E-03 a       761     1     2     2    11
 -4.1107332745508279E-01 a       762     1     2     2    12
 -3.7247310721157750E-01 a       763     1     2     2    13
 -1.6203352666716958E-01 a       764     1     2     2    14
 -1.1027864736134877E-02 a       765     1     2     2    15
  2.8787823350544267E-01 a       766     1     3     2     1
 -4.0610827053307824E-01 a       767     1     3     2     2
 -4.1084173475847574E-01 a       768     1     3     2     3
  2.9444374231240561E-01 a       769     1     3     2     4
 -2.1273734362026403E-01 a       770     1     3     2     5
  3.5362507616639738E-01 a       771     1     3     2     6
  2.8798920392338645E-01 a       772     1     3     2     7
  1.2795584557583875E-01 a       773     1     3     2     8
 -1.1057425625758233E-01 a       774     1     3     2     9
 -7.5778756697692726E-02 a       775     1     3     2    10
 -1.3753789709237446E-01 a       776     1     3     2    11
 -4.3894826252125907E-01 a       777     1     3     2    12
  4.1127482220914979E-01 a       778     1     3     2    13
 -4.3730312717192366E-01 a       779     1     3     2    14
  4.4836629167757980E-01 a       780     1     3     2    15
 -2.8291168145821488E-01 a       781     1     4     2     1
  2.5604668815462761E-01 a       782     1     4     2     2
  2.3338074813127135E-01 a       783     1     4     2     3
 -2.9581870246205305E-01 a       784     1     4     2     4
 -3.9808735508638232E-01 a       785     1     4     2     5
 -1.7895061557999531E-01 a       786     1     4     2     6
 -2.6095107959375430E-01 a       787     1     4     2     7
  2.0638372019972837E-01 a       788     1     4     2     8
  6.1442078182674303E-02 a       789     1     4     2     9
  4.1206016885625074E-01 a       790     1     4     2    10
 -9.1383893481422548E-02 a       791     1     4     2    11
  3.7854739985441394E-01 a       792     1     4     2    12
 -1.2829770510885929E-01 a       793     1     4     2    13
  3.7676539181985119E-01 a       794     1     4     2    14
  2.7971215069748201E-01 a       795     1     4     2    15
 -3.0903904725390741E-01 a       796     1     5     2     1
 -2.7001457207731977E-01 a       797     1     5     2     2
  2.3084252735283817E-01 a       798     1     5     2     3
  1.2091487672503429E-01 a       799     1     5     2     4
 -1.6361769663277737E-01 a       800     1     5     2     5
 -2.8163079760000048E-01 a       801     1     5     2     6
  8.6480287155213637E-02 a       802     1     5     2     7
 -4.3962532693465192E-03 a       803     1     5     2     8
 -3.1386902486676652E-02 a       804     1     5     2     9
  3.8267987963191269E-01 a       805     1     5     2    10
 -4.8957529583911419E-02 a       806     1     5     2    11
  1.5748109893896475E-01 a       807     1     5     2    12
 -3.1920298491992344E-01 a       808     1     5     2    13
 -3.9550539098158605E-01 a       809     1     5     2    14
 -4.4206160287231777E-01 a       810     1     5     2    15
 -3.3069849208354524E-01 a       811     1     6     2     1
 -1.5156107680817382E-01 a       812     1     6     2     2
  8.7308067950781734E-02 a       813     1     6     2     3
 -3.9535786756528568E-01 a       814     1     6     2     4
 -7.6496217623292437E-02 a       815     1     6     2     5
  7.2971457332835998E-02 a       816     1     6     2     6
  4.5560329543133056E-02 a       817     1     6     2     7
  1.9716633509387624E-01 a       818     1     6     2     8
  4.0236264800458171E-01 a       819     1     6     2     9
 -1.0369465153209741E-01 a       820     1     6     2    10
  8.5813771367485026E-02 a       821     1     6     2    11
 -3.8982284341849235E-02 a       822     1     6     2    12
 -4.1267244280249399E-01 a       823     1     6     2    13
  1.9841859040675768E-02 a       824     1     6     2    14
  3.0618172291955393E-02 a       825     1     6     2    15
  1.1183984720441532E-01 a       826     1     7     2     1
  3.8633894320880258E-01 a       827     1     7     2     2
  2.1597704055767183E-01 a       828     1     7     2     3
  2.6216231470299151E-01 a       829     1     7     2     4
 -4.3353939621203919E-01 a       830     1     7     2     5
 -1.9559389961924958E-01 a       831     1     7     2     6
  2.5654114706170283E-01 a       832     1     7     2     7
 -1.7729302022562782E-01 a       833     1     7     2     8
 -8.0289374564561939E-03 a       834     1     7     2     9
  1.3756933679994166E-03 a       835     1     7     2    10
 -2.2901615392191063E-01 a       836     1     7     2    11
  1.9293794453917368E-01 a       837     1     7     2    12
  2.6569713920599458E-01 a       838     1     7     2    13
  1.7829539090076457E-01 a       839     1     7     2    14
 -1.4500395509036215E-01 a       840     1     7     2    15
 -3.7782059336923884E-01 a       841     1     8     2     1
 -3.9442061047868981E-01 a       842     1     8     2     2
 -3.0142102907306806E-01 a       843     1     8     2     3
 -2.9691317869155592E-01 a       844     1     8     2     4
  1.2434463415964891E-01 a       845     1     8     2     5
 -5.8193927289762838E-02 a       846     1     8     2     6
  6.2541598889061842E-02 a       847     1     8     2     7
  9.2843717016822438E-02 a       848     1     8     2     8
 -1.3157613347588437E-01 a       849     1     8     2     9
 -7.9204287327816897E-02 a       850     1     8     2    10
  3.2421909506090635E-01 a       851     1     8     2    11
 -2.4349787486575949E-01 a       852     1     8     2    12
  2.9411390997933945E-01 a       853     1     8     2    13
  2.3434260262901116E-01 a       854     1     8     2    14
 -1.5871653965681312E-01 a       855     1     8     2    15
  2.1520351234005072E-01 a       856     1     9     2     1
  2.8168963123971863E-01 a       857     1     9     2     2
 -1.0029108120114828E-01 a       858     1     9     2     3
 -3.3292597460317974E-01 a       859     1     9     2     4
  1.4787080279097274E-02 a       860     1     9     2     5
 -3.3972445509684829E-01 a       861     1     9     2     6
  1.2531366508736033E-01 a       862     1     9     2     7
  1.7216748240232629E-01 a       863     1     9     2     8
  7.1410379388928705E-02 a       864     1     9     2     9
  3.1661661241764322E-01 a       865     1     9     2    10
  2.5779273059374763E-01 a       866     1     9     2    11
  9.7042375427538588E-02 a       867     1     9     2    12
  1.3129635200340989E-01 a       868     1     9     2    13
  6.9412706734226573E-02 a       869     1     9     2    14
 -1.8279301863281919E-01 a       870     1     9     2    15
 -3.3432335902369631E-01 a       871     1    10     2     1
  2.8862507511552427E-01 a       872     1    10     2     2
 -2.5768945793358002E-02 a       873     1    10     2     3
  3.2269720471478880E-01 a       874     1    10     2     4
 -1.2476229106384541E-01 a       875     1    10     2     5
  8.8921514644887623E-02 a       876     1    10     2     6
 -6.4272633106436508E-02 a       877     1    10     2     7
  2.5363265597891438E-01 a       878     1    10     2     8
 -3.2534505396149088E-01 a       879     1    10     2     9
  3.2196732277570900E-01 a       880     1    10     2    10
 -1.2776099844004152E-02 a       881     1    10     2    11
 -4.5788988732724745E-02 a       882     1    10     2    12
  3.2721475990509608E-01 a       883     1    10     2    13
 -1.2508926255100178E-01 a       884     1    10     2    14
  7.1950519426518006E-02 a       885     1    10     2    15
  3.7301442167436522E-01 a       886     1    11     2     1
  1.2785846323044914E-01 a       887     1    11     2     2
  2.1179616338725255E-01 a       888     1    11     2     3
  2.5223653161796394E-01 a       889     1    11     2     4
  3.5386321774303048E-01 a       890     1    11     2     5
 -2.5181740977783951E-01 a       891     1    11     2     6
 -4.1088919908605381E-01 a       892     1    11     2     7
 -1.9046364305310596E-02 a       893     1    11     2     8
  3.5389178764442925E-01 a       894     1    11     2     9
 -3.1527099130178782E-01 a       895     1    11     2    10
  3.6732674435412982E-01 a       896     1    11     2    11
 -6.0355270637466291E-02 a       897     1    11     2    12
 -1.8339604817747077E-01 a       898     1    11     2    13
 -7.4893285216232230E-02 a       899     1    11     2    14
 -2.3387067854645283E-01 a       900     1    11     2    15
 -3.3923036496739262E-01 a       901     1    12     2     1
  2.0723530073176469E-01 a       902     1    12     2     2
  3.9814871461546808E-01 a       903     1    12     2     3
  4.1548415187193521E-01 a       904     1    12     2     4
 -3.3811369711699168E-01 a       905     1    12     2     5
  3.1932530587085445E-01 a       906     1    12     2     6
  2.3583343917258034E-01 a       907     1    12     2     7
 -9.2326013782133676E-02 a       908     1    12     2     8
 -4.7393967137259650E-02 a       909     1    12     2     9
 -2.5734312553676081E-01 a       910     1    12     2    10
  1.2148664128946884E-01 a       911     1    12     2    11
  2.4234359846293435E-01 a       912     1    12     2    12
 -4.0269997661374779E-01 a       913     1    12     2    13
  2.8045888591652068E-01 a       914     1    12     2    14
  3.7783461390970507E-01 a       915     1    12     2    15
 -3.3810567642168843E-01 a       916     1    13     2     1
  2.6155059623318766E-01 a       917     1    13     2     2
  3.5903421349194786E-01 a       918     1    13     2     3
  2.0232542580590263E-01 a       919     1    13     2     4
 -7.8777998637715133E-02 a       920     1    13     2     5
 -2.6083654903972808E-01 a       921     1    13     2     6
 -4.1656979876656286E-01 a       922     1    13     2     7
 -4.5668733236089554E-01 a       923     1    13     2     8
  1.0249829004184159E-01 a       924     1    13     2     9
 -1.0431906916360505E-01 a       925     1    13     2    10
  1.0860530582334638E-01 a       926     1    13     2    11
 -3.5718754523843382E-01 a       927     1    13     2    12
 -8.8272529806557837E-02 a       928     1    13     2    13
  5.0674435934530450E-02 a       929     1    13     2    14
  2.9530293166143445E-01 a       930     1    13     2    15
  2.0827120496440249E-01 a       931     1    14     2     1
  3.7003101206776529E-01 a       932     1    14     2     2
 -3.6790949178616567E-01 a       933     1    14     2     3
 -1.2003759084257373E-01 a       934     1    14     2     4
  2.4560948963161777E-01 a       935     1    14     2     5
 -2.1805685643286155E-01 a       936     1    14     2     6
 -2.3737232439737226E-03 a       937     1    14     2     7
 -4.9106652702272111E-03 a       938     1    14     2     8
  3.1303153972692721E-01 a       939     1    14     2     9
  3.5932352608090756E-01 a       940     1    14     2    10
 -1.4198130120406710E-01 a       941     1    14     2    11
 -2.9627289134064116E-01 a       942     1    14     2    12
 -2.3198821063232644E-01 a       943     1    14     2    13
 -3.7267896063412553E-01 a       944     1    14     2    14
  3.1729455435756276E-01 a       945     1    14     2    15
 -2.6767679773409470E-01 a       946     1    15     2     1
  4.1654370717876488E-01 a       947     1    15     2     2
 -1.0952703511307273E-01 a       948     1    15     2     3
  3.7522037686269305E-01 a       949     1    15     2     4
 -4.1453709619266510E-01 a       950     1    15     2     5
 -3.2882010463705619E-01 a       951     1    15     2     6
 -2.9906122233908938E-01 a       952     1    15     2     7
 -3.0713493791335811E-01 a       953     1    15     2     8
  2.7940400018845457E-01 a       954     1    15     2     9
 -2.9508374166795949E-04 a       955     1    15     2    10
 -6.6871578971002266E-02 a       956     1    15     2    11
  3.7394442833986885E-01 a       957     1    15     2    12
  2.2244421824448479E-01 a       958     1    15     2    13
 -4.4203275489880872E-01 a       959     1    15     2    14
 -1.4994470145600505E-01 a       960     1    15     2    15
 -5.4831179863217880E-02 b       961     2     1
 -2.3632855225058935E-02 b       962     2     2
 -9.6662000719772267E-02 b       963     2     3
  3.7347700754445608E-02 b       964     2     4
 -2.6277616318368751E-03 b       965     2     5
  7.9676867437818058E-02 b       966     2     6
 -3.2003270765813607E-02 b       967     2     7
  5.1716415290229800E-02 b       968     2     8
  8.1893446476926340E-02 b       969     2     9
  1.9200360266989194E-02 b       970     2    10
 -1.0006887245136842E-02 b       971     2    11
 -1.7799991678972227E-02 b       972     2    12
  3.5966263827791320E-02 b       973     2    13
 -1.7075482297708722E-03 b       974     2    14
 -8.0351199159686651E-02 b       975     2    15
  5.7071561336482524E-01 a       976     2     1     3     1
 -3.6650606048959067E-01 a       977     2     2     3     1
 -6.5873422772861712E-01 a       978     2     3     3     1
  4.5330190626407579E-01 a       979     2     4     3     1
 -1.1288428054959404E-01 a       980     2     5     3     1
  6.9331432495828993E-01 a       981     2     6     3     1
 -3.7022784514697238E-01 a       982     2     7     3     1
 -8.6790873894082454E-01 a       983     2     8     3     1
  6.9384934169874946E-01 a       984     2     9     3     1
  3.1449432424993129E-01 a       985     2    10     3     1
 -1.3052652405689669E-01 a       986     2    11     3     1
 -2.1126466182111114E-01 a       987     2    12     3     1
  1.9572341629230219E-01 a       988     2    13     3     1
  2.6991274305360813E-01 a       989     2    14     3     1
 -5.9521143827482925E-01 a       990     2    15     3     1
 -6.8582376032699224E-03 b       991     3     1
